recordingId,trackId,frame,trackLifetime,xCenter,yCenter,heading,width,length,XVelocity,YVelocity,Acceleration,yAcceleration,lonVelocity,latVelocity,lonAcceleration,latAcceleration
1004,2,0,0,27.764170772,-38.1757348115,0.0,2.5440020729999997,5.590523074,0.0,-0.31407432999998264,0,0,0,0,0,0
1004,2,3,3,27.764170772,-38.2071422445,0.0,2.5440020729999997,5.590523074,-0.15703716500000908,-0.15703716499999132,0,0,0,0,0,0
1004,2,6,6,27.732763338999998,-38.2071422445,0.0,2.5440020729999997,5.590523074,-0.15703716500000908,0.0,0,0,0,0,0,0
1004,2,9,9,27.732763338999998,-38.2071422445,0.0,2.5440020729999997,5.590523074,-0.15703716499999132,0.0,0,0,0,0,0,0
1004,2,12,12,27.701355906,-38.2071422445,0.0,2.5440020729999997,5.590523074,-0.3140743300000004,0.0,0,0,0,0,0,0
1004,2,15,15,27.669948472999998,-38.2071422445,0.0,2.5440020729999997,5.590523074,0.0,0.0,0,0,0,0,0,0
1004,2,18,18,27.701355906,-38.2071422445,0.0,2.5440020729999997,5.590523074,0.4711114950000095,0.0,0,0,0,0,0,0
1004,2,21,21,27.764170772,-38.2071422445,0.0,2.5440020729999997,5.590523074,0.4711114949999917,0.0,0,0,0,0,0,0
1004,2,24,24,27.795578204999998,-38.2071422445,0.0,2.5440020729999997,5.590523074,0.4711114949999917,0.0,0,0,0,0,0,0
1004,2,27,27,27.858393071,-38.2071422445,0.0,2.5440020729999997,5.590523074,0.3140743300000004,0.0,0,0,0,0,0,0
1004,2,30,30,27.858393071,-38.2071422445,0.0,2.5440020729999997,5.590523074,0.0,-0.15703716499999132,0,0,0,0,0,0
1004,2,33,33,27.858393071,-38.2385496775,0.0,2.5440020729999997,5.590523074,0.0,-0.4711114950000095,0,0,0,0,0,0
1004,2,36,36,27.858393071,-38.3013645435,0.0,2.5440020729999997,5.590523074,0.0,-0.31407433000001816,0,0,0,0,0,0
1004,2,39,39,27.858393071,-38.3013645435,0.0,2.5440020729999997,5.590523074,0.0,0.0,0,0,0,0,0,0
1004,2,42,42,27.858393071,-38.3013645435,0.0,2.5440020729999997,5.590523074,0.0,0.0,0,0,0,0,0,0
1004,2,45,45,27.858393071,-38.3013645435,0.0,2.5440020729999997,5.590523074,0.0,0.0,0,0,0,0,0,0
1004,2,48,48,27.858393071,-38.3013645435,0.0,2.5440020729999997,5.590523074,0.0,0.0,0,0,0,0,0,0
1004,2,51,51,27.858393071,-38.3013645435,0.0,2.5440020729999997,5.590523074,0.0,-0.15703716499999132,0,0,0,0,0,0
1004,2,54,54,27.858393071,-38.3327719765,0.0,2.5440020729999997,5.590523074,-0.15703716499999132,-0.15703716499999132,0,0,0,0,0,0
1004,2,57,57,27.826985638,-38.3327719765,0.0,2.5440020729999997,5.590523074,-0.15703716499999132,0.0,0,0,0,0,0,0
1004,2,60,60,27.826985638,-38.3327719765,0.0,2.5440020729999997,5.590523074,-0.15703716500000908,-0.15703716499999132,0,0,0,0,0,0
1004,2,63,63,27.795578204999998,-38.3641794095,0.0,2.5440020729999997,5.590523074,-0.3140743300000004,-0.15703716499999132,0,0,0,0,0,0
1004,2,66,66,27.764170772,-38.3641794095,0.0,2.5440020729999997,5.590523074,-0.3140743300000004,0.0,0,0,0,0,0,0
1004,2,69,69,27.732763338999998,-38.3641794095,0.0,2.5440020729999997,5.590523074,-0.3140743300000004,0.0,0,0,0,0,0,0
1004,2,72,72,27.701355906,-38.3641794095,0.0,2.5440020729999997,5.590523074,-0.15703716499999132,-0.15703716499999132,0,0,0,0,0,0
1004,2,75,75,27.701355906,-38.395586842499995,0.0,2.5440020729999997,5.590523074,0.0,-0.31407433000001816,0,0,0,0,0,0
1004,2,78,78,27.701355906,-38.4269942755,0.0,2.5440020729999997,5.590523074,0.0,-0.15703716500002685,0,0,0,0,0,0
1004,2,81,81,27.701355906,-38.4269942755,0.0,2.5440020729999997,5.590523074,-0.15703716500000908,0.0,0,0,0,0,0,0
1004,2,84,84,27.669948472999998,-38.4269942755,0.0,2.5440020729999997,5.590523074,-0.3140743300000004,0.0,0,0,0,0,0,0
1004,2,87,87,27.63854104,-38.4269942755,0.0,2.5440020729999997,5.590523074,-0.15703716499999132,0.0,0,0,0,0,0,0
1004,2,90,90,27.63854104,-38.4269942755,0.0,2.5440020729999997,5.590523074,0.0,0.0,0,0,0,0,0,0
1004,2,93,93,27.63854104,-38.4269942755,0.0,2.5440020729999997,5.590523074,0.0,0.0,0,0,0,0,0,0
1004,2,96,96,27.63854104,-38.4269942755,0.0,2.5440020729999997,5.590523074,0.0,0.0,0,0,0,0,0,0
1004,2,99,99,27.63854104,-38.4269942755,0.0,2.5440020729999997,5.590523074,0.0,0.0,0,0,0,0,0,0
1004,2,102,102,27.63854104,-38.4269942755,0.0,2.5440020729999997,5.590523074,0.0,0.0,0,0,0,0,0,0
1004,2,105,105,27.63854104,-38.4269942755,0.0,2.5440020729999997,5.590523074,0.0,0.0,0,0,0,0,0,0
1004,2,108,108,27.63854104,-38.4269942755,0.0,2.5440020729999997,5.590523074,0.0,0.0,0,0,0,0,0,0
1004,2,111,111,27.63854104,-38.4269942755,0.0,2.5440020729999997,5.590523074,0.0,0.0,0,0,0,0,0,0
1004,2,114,114,27.63854104,-38.4269942755,0.0,2.5440020729999997,5.590523074,0.0,0.0,0,0,0,0,0,0
1004,2,117,117,27.63854104,-38.4269942755,0.0,2.5440020729999997,5.590523074,0.15703716499999132,0.0,0,0,0,0,0,0
1004,2,120,120,27.669948472999998,-38.4269942755,0.0,2.5440020729999997,5.590523074,0.3140743300000004,0.0,0,0,0,0,0,0
1004,2,123,123,27.701355906,-38.4269942755,0.0,2.5440020729999997,5.590523074,0.3140743300000004,0.0,0,0,0,0,0,0
1004,2,126,126,27.732763338999998,-38.4269942755,0.0,2.5440020729999997,5.590523074,0.3140743300000004,0.0,0,0,0,0,0,0
1004,2,129,129,27.764170772,-38.4269942755,0.0,2.5440020729999997,5.590523074,0.3140743300000004,0.0,0,0,0,0,0,0
1004,2,132,132,27.795578204999998,-38.4269942755,0.0,2.5440020729999997,5.590523074,0.3140743300000004,0.0,0,0,0,0,0,0
1004,2,135,135,27.826985638,-38.4269942755,0.0,2.5440020729999997,5.590523074,0.3140743300000004,0.0,0,0,0,0,0,0
1004,2,138,138,27.858393071,-38.4269942755,0.0,2.5440020729999997,5.590523074,0.3140743300000004,0.0,0,0,0,0,0,0
1004,2,141,141,27.889800504,-38.4269942755,0.0,2.5440020729999997,5.590523074,0.15703716500000908,0.0,0,0,0,0,0,0
1004,2,144,144,27.889800504,-38.4269942755,0.0,2.5440020729999997,5.590523074,0.0,0.0,0,0,0,0,0,0
1004,2,147,147,27.889800504,-38.4269942755,0.0,2.5440020729999997,5.590523074,0.15703716499999132,0.0,0,0,0,0,0,0
1004,2,150,150,27.921207937,-38.4269942755,0.0,2.5440020729999997,5.590523074,0.4711114949999917,0.0,0,0,0,0,0,0
1004,2,153,153,27.984022803,-38.4269942755,0.0,2.5440020729999997,5.590523074,0.7851858250000099,0.0,0,0,0,0,0,0
1004,2,156,156,28.078245102,-38.4269942755,0.0,2.5440020729999997,5.590523074,1.0992601549999925,0.0,0,0,0,0,0,0
1004,2,159,159,28.203874833999997,-38.4269942755,0.0,2.5440020729999997,5.590523074,1.2562973199999838,0.0,0,0,0,0,0,0
1004,2,162,162,28.329504565999997,-38.4269942755,0.0,2.5440020729999997,5.590523074,1.2562973200000016,0.0,0,0,0,0,0,0
1004,2,165,165,28.455134297999997,-38.4269942755,0.0,2.5440020729999997,5.590523074,1.4133344850000107,0.0,0,0,0,0,0,0
1004,2,168,168,28.612171463,-38.4269942755,0.0,2.5440020729999997,5.590523074,1.727408815000011,0.0,0,0,0,0,0,0
1004,2,171,171,28.800616061,-38.4269942755,0.0,2.5440020729999997,5.590523074,1.7274088149999933,0.0,0,0,0,0,0,0
1004,2,174,174,28.957653225999998,-38.4269942755,0.0,2.5440020729999997,5.590523074,1.7274088149999933,0.0,0,0,0,0,0,0
1004,2,177,177,29.146097823999998,-38.4269942755,0.0,2.5440020729999997,5.590523074,2.198520310000003,0.0,0,0,0,0,0,0
1004,2,180,180,29.397357288,-38.4269942755,0.0,2.5440020729999997,5.590523074,2.355557474999994,0.0,0,0,0,0,0,0
1004,2,183,183,29.617209318999997,-38.4269942755,0.0,2.5440020729999997,5.590523074,2.512594640000003,0.0,0,0,0,0,0,0
1004,2,186,186,29.899876216,-38.4269942755,0.0,2.5440020729999997,5.590523074,2.9837061350000127,0.0,0,0,0,0,0,0
1004,2,189,189,30.213950546,-38.4269942755,0.0,2.5440020729999997,5.590523074,3.2977804649999953,0.0,0,0,0,0,0,0
1004,2,192,192,30.559432308999998,-38.4269942755,0.0,2.5440020729999997,5.590523074,3.768891959999987,0.0,0,0,0,0,0,0
1004,2,195,195,30.967728937999997,-38.4269942755,0.0,2.5440020729999997,5.590523074,3.6118547949999957,0.0,0,0,0,0,0,0
1004,2,198,198,31.281803267999997,-38.4269942755,0.0,2.5440020729999997,5.590523074,3.4548176300000044,0.0,0,0,0,0,0,0
1004,2,201,201,31.658692463999998,-38.4269942755,0.0,2.5440020729999997,5.590523074,3.768891960000005,0.0,0,0,0,0,0,0
1004,2,204,204,32.03558166,-38.4269942755,0.0,2.5440020729999997,5.590523074,4.0829662899999875,0.0,0,0,0,0,0,0
1004,2,207,207,32.475285721999995,-38.4269942755,0.0,2.5440020729999997,5.590523074,4.397040620000006,0.0,0,0,0,0,0,0
1004,2,210,210,32.914989784,-38.4269942755,0.0,2.5440020729999997,5.590523074,4.082966290000023,0.0,0,0,0,0,0,0
1004,2,213,213,33.29187898,-38.4269942755,0.0,2.5440020729999997,5.590523074,4.240003454999979,0.0,0,0,0,0,0,0
1004,2,216,216,33.762990474999995,-38.4269942755,0.0,2.5440020729999997,5.590523074,4.711114949999988,0.0,0,0,0,0,0,0
1004,2,219,219,34.23410197,-38.4269942755,0.0,2.5440020729999997,5.590523074,4.5540777850000325,0.0,0,0,0,0,0,0
1004,2,222,222,34.673806032,-38.4269942755,0.0,2.5440020729999997,5.590523074,4.554077784999997,0.0,0,0,0,0,0,0
1004,2,225,225,35.144917527,-38.4269942755,0.0,2.5440020729999997,5.590523074,5.025189279999971,0.0,0,0,0,0,0,0
1004,2,228,228,35.678843887999996,-38.4269942755,0.0,2.5440020729999997,5.590523074,5.025189280000006,0.0,0,0,0,0,0,0
1004,2,231,231,36.149955383,-38.4269942755,0.0,2.5440020729999997,5.590523074,5.025189280000006,0.0,0,0,0,0,0,0
1004,2,234,234,36.683881744,-38.4269942755,0.0,2.5440020729999997,5.590523074,5.339263609999989,0.0,0,0,0,0,0,0
1004,2,237,237,37.217808104999996,-38.4269942755,0.0,2.5440020729999997,5.590523074,5.182226444999998,0.0,0,0,0,0,0,0
1004,2,240,240,37.720327033,-38.4269942755,0.0,2.5440020729999997,5.590523074,5.025189280000006,0.0,0,0,0,0,0,0
1004,2,243,243,38.222845961,-38.4269942755,0.0,2.5440020729999997,5.590523074,5.339263610000025,0.0,0,0,0,0,0,0
1004,2,246,246,38.788179755,-38.4269942755,0.0,2.5440020729999997,5.590523074,5.653337940000007,0.0,0,0,0,0,0,0
1004,2,249,249,39.353513549,-38.4269942755,0.0,2.5440020729999997,5.590523074,5.96741226999999,0.0,0,0,0,0,0,0
1004,2,252,252,39.981662209,-38.4269942755,0.0,2.5440020729999997,5.590523074,6.281486600000008,0.0,0,0,0,0,0,0
1004,2,255,255,40.609810869,-38.4269942755,0.0,2.5440020729999997,5.590523074,6.281486600000008,0.0,0,0,0,0,0,0
1004,2,258,258,41.237959529,-38.4269942755,0.0,2.5440020729999997,5.590523074,6.2814865999999725,0.0,0,0,0,0,0,0
1004,2,261,261,41.866108188999995,-38.4269942755,0.0,2.5440020729999997,5.590523074,6.595560929999991,0.0,0,0,0,0,0,0
1004,2,264,264,42.557071715,-38.4269942755,0.0,2.5440020729999997,5.590523074,6.909635260000009,0.0,0,0,0,0,0,0
1004,2,267,267,43.248035241,-38.4269942755,0.0,2.5440020729999997,5.590523074,6.752598094999982,0.0,0,0,0,0,0,0
1004,2,270,270,43.907591333999996,-38.4269942755,0.0,2.5440020729999997,5.590523074,6.281486600000008,0.0,0,0,0,0,0,0
1004,2,273,273,44.504332561,-38.4269942755,0.0,2.5440020729999997,5.590523074,6.438523764999999,0.0,0,0,0,0,0,0
1004,2,276,276,45.195296086999996,-38.4269942755,0.0,2.5440020729999997,5.590523074,7.2237095899999915,0.0,0,0,0,0,0,0
1004,2,279,279,45.949074479,-38.4269942755,0.0,2.5440020729999997,5.590523074,7.380746755000018,0.0,0,0,0,0,0,0
1004,2,282,282,46.671445438,-38.4269942755,0.0,2.5440020729999997,5.590523074,7.380746755000018,0.0,0,0,0,0,0,0
1004,2,285,285,47.42522383,-38.4269942755,0.0,2.5440020729999997,5.590523074,7.380746754999983,0.0,0,0,0,0,0,0
1004,2,288,288,48.147594788999996,-38.4269942755,0.0,2.5440020729999997,5.590523074,7.2237095899999915,0.0,0,0,0,0,0,0
1004,2,291,291,48.869965748,-38.4269942755,0.0,2.5440020729999997,5.590523074,7.694821085000001,0.0,0,0,0,0,0,0
1004,2,294,294,49.686559005999996,-38.4269942755,0.0,2.5440020729999997,5.590523074,8.16593258000001,0.0,0,0,0,0,0,0
1004,2,297,297,50.503152264,-38.4269942755,0.0,2.5440020729999997,5.590523074,7.694821085000001,0.0,0,0,0,0,0,0
1004,2,300,300,51.225523222999996,-38.4269942755,0.0,2.5440020729999997,5.590523074,7.694821085000001,0.0,0,0,0,0,0,0
1004,2,303,303,52.042116481,-38.4269942755,0.0,2.5440020729999997,5.590523074,8.63704407500002,0.0,0,0,0,0,0,0
1004,2,306,306,52.952932038,-38.4269942755,0.0,2.5440020729999997,5.590523074,8.480006909999993,0.0,0,0,0,0,0,0
1004,2,309,309,53.738117863,-38.4269942755,0.0,2.5440020729999997,5.590523074,8.322969745000002,0.0,0,0,0,0,0,0
1004,2,312,312,54.617525987,-38.4269942755,0.0,2.5440020729999997,5.590523074,8.637044074999984,0.0,0,0,0,0,0,0
1004,2,315,315,55.465526677999996,-38.4269942755,0.0,2.5440020729999997,5.590523074,8.480006909999993,0.0,0,0,0,0,0,0
1004,2,318,318,56.313527369,-38.4269942755,0.0,2.5440020729999997,5.590523074,8.951118405000003,0.0,0,0,0,0,0,0
1004,2,321,321,57.255750359,-38.4269942755,0.0,2.5440020729999997,5.590523074,8.322969745000002,0.0,0,0,0,0,0,0
1004,2,324,324,57.978121318,-38.4269942755,0.0,2.5440020729999997,5.590523074,8.322969745000002,0.0,0,0,0,0,0,0
1004,2,327,327,58.920344308,-38.4269942755,0.0,2.5440020729999997,5.590523074,9.422229899999977,0.0,0,0,0,0,0,0
1004,2,330,330,59.862567297999995,-38.4269942755,0.0,2.5440020729999997,5.590523074,9.422229900000012,0.0,0,0,0,0,0,0
1004,2,333,333,60.804790288,-38.4269942755,0.0,2.5440020729999997,5.590523074,9.422229900000012,0.0,0,0,0,0,0,0
1004,2,336,336,61.747013278,-38.4269942755,0.0,2.5440020729999997,5.590523074,9.422229899999977,0.0,0,0,0,0,0,0
1004,2,339,339,62.689236267999995,-38.4269942755,0.0,2.5440020729999997,5.590523074,9.422229900000012,0.0,0,0,0,0,0,0
1004,2,342,342,63.631459258,-38.4269942755,0.0,2.5440020729999997,5.590523074,9.422229900000012,0.0,0,0,0,0,0,0
1004,2,345,345,64.573682248,-38.4269942755,0.0,2.5440020729999997,5.590523074,9.422229900000012,0.15703716500002685,0,0,0,0,0,0
1004,2,348,348,65.515905238,-38.395586842499995,0.0,2.5440020729999997,5.590523074,9.73630423000003,0.4711114950000095,0,0,0,0,0,0
1004,2,351,351,66.520943094,-38.3327719765,0.0,2.5440020729999997,5.590523074,10.207415725000004,0.47111149499997396,0,0,0,0,0,0
1004,2,354,354,67.557388383,-38.3013645435,0.0,2.5440020729999997,5.590523074,10.050378559999942,0.31407433000001816,0,0,0,0,0,0
1004,2,357,357,68.53101880599999,-38.269957110499995,0.0,2.5440020729999997,5.590523074,9.89334139499995,0.15703716500002685,0,0,0,0,0,0
1004,2,360,360,69.536056662,-38.269957110499995,0.0,2.5440020729999997,5.590523074,9.893341395000022,0.0,0,0,0,0,0,0
1004,2,363,363,70.509687085,-38.269957110499995,0.0,2.5440020729999997,5.590523074,10.521490054999987,0.15703716499999132,0,0,0,0,0,0
1004,2,366,366,71.64035467299999,-38.2385496775,0.0,2.5440020729999997,5.590523074,10.364452889999995,0.31407432999998264,0,0,0,0,0,0
1004,2,369,369,72.582577663,-38.2071422445,0.0,2.5440020729999997,5.590523074,10.207415725000004,0.31407432999998264,0,0,0,0,0,0
1004,2,372,372,73.68183781799999,-38.1757348115,0.0,2.5440020729999997,5.590523074,11.620750209999997,0.31407432999998264,0,0,0,0,0,0
1004,2,375,375,74.906727705,-38.1443273785,0.0,2.5440020729999997,5.590523074,11.620750209999997,0.15703716499999132,0,0,0,0,0,0
1004,2,378,378,76.00598785999999,-38.1443273785,0.0,2.5440020729999997,5.590523074,11.306675880000014,0.0,0,0,0,0,0,0
1004,2,381,381,77.168062881,-38.1443273785,0.0,2.5440020729999997,5.590523074,10.521490055000058,0.15703716500002685,0,0,0,0,0,0
1004,2,384,384,78.110285871,-38.112919945499996,0.0,2.5440020729999997,5.590523074,10.521490054999987,0.31407433000001816,0,0,0,0,0,0
1004,2,387,387,79.272360892,-38.0815125125,0.0,2.5440020729999997,5.590523074,11.463713044999935,0.31407432999998264,0,0,0,0,0,0
1004,2,390,390,80.40302847999999,-38.0501050795,0.0,2.5440020729999997,5.590523074,10.992601550000032,0.31407432999998264,0,0,0,0,0,0
1004,2,393,393,81.470881202,-38.0186976465,0.0,2.5440020729999997,5.590523074,10.83556438500004,0.4711114950000095,0,0,0,0,0,0
1004,2,396,396,82.570141357,-37.9558827805,0.0,2.5440020729999997,5.590523074,11.306675879999943,0.31407433000001816,0,0,0,0,0,0
1004,2,399,399,83.73221637799999,-37.9558827805,0.0,2.5440020729999997,5.590523074,11.777787374999988,0.0,0,0,0,0,0,0
1004,2,402,402,84.925698832,-37.9558827805,0.0,2.5440020729999997,5.590523074,11.620750209999997,0.0,0,0,0,0,0,0
1004,2,405,405,86.05636641999999,-37.9558827805,0.0,2.5440020729999997,5.590523074,11.620750209999997,0.31407432999998264,0,0,0,0,0,0
1004,2,408,408,87.249848874,-37.8930679145,0.0,2.5440020729999997,5.590523074,12.091861705000042,0.4711114950000095,0,0,0,0,0,0
1004,2,411,411,88.474738761,-37.861660481499996,0.0,2.5440020729999997,5.590523074,12.405936035000025,0.15703716500002685,0,0,0,0,0,0
1004,2,414,414,89.731036081,-37.861660481499996,0.0,2.5440020729999997,5.590523074,11.777787374999988,0.15703716499999132,0,0,0,0,0,0
1004,2,417,417,90.830296236,-37.8302530485,0.0,2.5440020729999997,5.590523074,11.620750209999997,0.47111149499997396,0,0,0,0,0,0
1004,2,420,420,92.055186123,-37.7674381825,0.0,2.5440020729999997,5.590523074,11.777787374999988,0.4711114950000095,0,0,0,0,0,0
1004,2,423,423,93.185853711,-37.736030749499996,0.0,2.5440020729999997,5.590523074,11.93482453999998,0.31407433000001816,0,0,0,0,0,0
1004,2,426,426,94.442151031,-37.7046233165,0.0,2.5440020729999997,5.590523074,12.562973200000016,0.31407432999998264,0,0,0,0,0,0
1004,2,429,429,95.698448351,-37.6732158835,0.0,2.5440020729999997,5.590523074,12.562973200000016,0.15703716499999132,0,0,0,0,0,0
1004,2,432,432,96.954745671,-37.6732158835,0.0,2.5440020729999997,5.590523074,12.562973200000016,-0.15703716499999132,0,0,0,0,0,0
1004,2,435,435,98.211042991,-37.7046233165,0.0,2.5440020729999997,5.590523074,12.405936034999954,-0.15703716499999132,0,0,0,0,0,0
1004,2,438,438,99.43593287799999,-37.7046233165,0.0,2.5440020729999997,5.590523074,12.405936034999954,0.0,0,0,0,0,0,0
1004,2,441,441,100.69223019799999,-37.7046233165,0.0,2.5440020729999997,5.590523074,12.562973200000016,0.0,0,0,0,0,0,0
1004,2,444,444,101.94852751799999,-37.7046233165,0.0,2.5440020729999997,5.590523074,12.562973200000016,0.15703716499999132,0,0,0,0,0,0
1004,2,447,447,103.204824838,-37.6732158835,0.0,2.5440020729999997,5.590523074,13.191121859999981,0.31407432999998264,0,0,0,0,0,0
1004,2,450,450,104.58675188999999,-37.6418084505,0.0,2.5440020729999997,5.590523074,13.976307685000009,0.15703716499999132,0,0,0,0,0,0
1004,2,453,453,106.000086375,-37.6418084505,0.0,2.5440020729999997,5.590523074,13.348159025000044,0.15703716500002685,0,0,0,0,0,0
1004,2,456,456,107.256383695,-37.610401017499996,0.0,2.5440020729999997,5.590523074,12.562973200000016,0.31407433000001816,0,0,0,0,0,0
1004,2,459,459,108.512681015,-37.5789935845,0.0,2.5440020729999997,5.590523074,12.562973200000016,0.31407432999998264,0,0,0,0,0,0
1004,2,462,462,109.768978335,-37.5475861515,0.0,2.5440020729999997,5.590523074,13.03408469499999,0.6281486600000008,0,0,0,0,0,0
1004,2,465,465,111.119497954,-37.4533638525,0.0,2.5440020729999997,5.590523074,13.348159024999973,0.7851858249999921,0,0,0,0,0,0
1004,2,468,468,112.43861014,-37.3905489865,0.0,2.5440020729999997,5.590523074,13.191121859999981,0.4711114950000095,0,0,0,0,0,0
1004,2,471,471,113.75772232599999,-37.359141553499995,0.0,2.5440020729999997,5.590523074,13.348159024999973,0.15703716500002685,0,0,0,0,0,0
1004,2,474,474,115.10824194499999,-37.359141553499995,0.0,2.5440020729999997,5.590523074,13.505196190000035,0.15703716499999132,0,0,0,0,0,0
1004,2,477,477,116.458761564,-37.3277341205,0.0,2.5440020729999997,5.590523074,13.505196190000035,0.15703716499999132,0,0,0,0,0,0
1004,2,480,480,117.809281183,-37.3277341205,0.0,2.5440020729999997,5.590523074,13.505196189999964,0.0,0,0,0,0,0,0
1004,6,0,0,77.670581809,-31.014840087499998,182.5,2.672586163967394,5.847183470657585,-0.31407432999998264,0.0,0,0,0,0,0,0
1004,6,3,3,77.639174376,-31.014840087499998,182.5,2.672586163967394,5.847183470657585,-0.15703716499999132,0.0,0,0,0,0,0,0
1004,6,6,6,77.639174376,-31.014840087499998,182.5,2.672586163967394,5.847183470657585,0.0,0.0,0,0,0,0,0,0
1004,6,9,9,77.639174376,-31.014840087499998,182.5,2.672586163967394,5.847183470657585,0.0,0.0,0,0,0,0,0,0
1004,6,12,12,77.639174376,-31.014840087499998,182.5,2.672586163967394,5.847183470657585,0.0,0.0,0,0,0,0,0,0
1004,6,15,15,77.639174376,-31.014840087499998,182.5,2.672586163967394,5.847183470657585,0.0,0.0,0,0,0,0,0,0
1004,6,18,18,77.639174376,-31.014840087499998,182.5,2.672586163967394,5.847183470657585,0.15703716499999132,0.0,0,0,0,0,0,0
1004,6,21,21,77.670581809,-31.014840087499998,182.5,2.672586163967394,5.847183470657585,0.15703716499999132,0.0,0,0,0,0,0,0
1004,6,24,24,77.670581809,-31.014840087499998,182.5,2.672586163967394,5.847183470657585,0.15703716499999132,0.0,0,0,0,0,0,0
1004,6,27,27,77.701989242,-31.014840087499998,182.5,2.672586163967394,5.847183470657585,0.15703716499999132,0.0,0,0,0,0,0,0
1004,6,30,30,77.701989242,-31.014840087499998,182.5,2.672586163967394,5.847183470657585,0.0,0.0,0,0,0,0,0,0
1004,6,33,33,77.701989242,-31.014840087499998,182.5,2.672586163967394,5.847183470657585,0.0,0.0,0,0,0,0,0,0
1004,6,36,36,77.701989242,-31.014840087499998,182.5,2.672586163967394,5.847183470657585,0.15703716499999132,0.0,0,0,0,0,0,0
1004,6,39,39,77.733396675,-31.014840087499998,182.5,2.672586163967394,5.847183470657585,0.31407432999998264,0.0,0,0,0,0,0,0
1004,6,42,42,77.76480410799999,-31.014840087499998,182.5,2.672586163967394,5.847183470657585,0.15703716499999132,0.0,0,0,0,0,0,0
1004,6,45,45,77.76480410799999,-31.014840087499998,182.5,2.672586163967394,5.847183470657585,0.0,0.0,0,0,0,0,0,0
1004,6,48,48,77.76480410799999,-31.014840087499998,182.5,2.672586163967394,5.847183470657585,0.0,0.0,0,0,0,0,0,0
1004,6,51,51,77.76480410799999,-31.014840087499998,182.5,2.672586163967394,5.847183470657585,0.0,0.0,0,0,0,0,0,0
1004,6,54,54,77.76480410799999,-31.014840087499998,182.5,2.672586163967394,5.847183470657585,-0.15703716499999132,0.0,0,0,0,0,0,0
1004,6,57,57,77.733396675,-31.014840087499998,182.5,2.672586163967394,5.847183470657585,-0.15703716499999132,0.0,0,0,0,0,0,0
1004,6,60,60,77.733396675,-31.014840087499998,182.5,2.672586163967394,5.847183470657585,-0.15703716499999132,0.0,0,0,0,0,0,0
1004,6,63,63,77.701989242,-31.014840087499998,182.5,2.672586163967394,5.847183470657585,-0.31407432999998264,0.0,0,0,0,0,0,0
1004,6,66,66,77.670581809,-31.014840087499998,182.5,2.672586163967394,5.847183470657585,-0.15703716499999132,0.0,0,0,0,0,0,0
1004,6,69,69,77.670581809,-31.014840087499998,182.5,2.672586163967394,5.847183470657585,0.0,0.0,0,0,0,0,0,0
1004,6,72,72,77.670581809,-31.014840087499998,182.5,2.672586163967394,5.847183470657585,0.0,0.0,0,0,0,0,0,0
1004,6,75,75,77.670581809,-31.014840087499998,182.5,2.672586163967394,5.847183470657585,0.0,0.0,0,0,0,0,0,0
1004,6,78,78,77.670581809,-31.014840087499998,182.5,2.672586163967394,5.847183470657585,0.0,0.0,0,0,0,0,0,0
1004,6,81,81,77.670581809,-31.014840087499998,182.5,2.672586163967394,5.847183470657585,0.0,0.0,0,0,0,0,0,0
1004,6,84,84,77.670581809,-31.014840087499998,182.5,2.672586163967394,5.847183470657585,-0.15703716499999132,0.0,0,0,0,0,0,0
1004,6,87,87,77.639174376,-31.014840087499998,182.5,2.672586163967394,5.847183470657585,-0.15703716499999132,0.0,0,0,0,0,0,0
1004,6,90,90,77.639174376,-31.014840087499998,182.5,2.672586163967394,5.847183470657585,0.0,0.0,0,0,0,0,0,0
1004,6,93,93,77.639174376,-31.014840087499998,182.5,2.672586163967394,5.847183470657585,-0.15703716499999132,0.0,0,0,0,0,0,0
1004,6,96,96,77.607766943,-31.014840087499998,182.5,2.672586163967394,5.847183470657585,-0.15703716499999132,0.0,0,0,0,0,0,0
1004,6,99,99,77.607766943,-31.014840087499998,182.5,2.672586163967394,5.847183470657585,0.0,0.0,0,0,0,0,0,0
1004,6,102,102,77.607766943,-31.014840087499998,182.5,2.672586163967394,5.847183470657585,0.15703716499999132,0.0,0,0,0,0,0,0
1004,6,105,105,77.639174376,-31.014840087499998,182.5,2.672586163967394,5.847183470657585,0.31407432999998264,0.0,0,0,0,0,0,0
1004,6,108,108,77.670581809,-31.014840087499998,182.5,2.672586163967394,5.847183470657585,0.15703716499999132,0.0,0,0,0,0,0,0
1004,6,111,111,77.670581809,-31.014840087499998,182.5,2.672586163967394,5.847183470657585,0.0,0.0,0,0,0,0,0,0
1004,6,114,114,77.670581809,-31.014840087499998,182.5,2.672586163967394,5.847183470657585,0.0,0.0,0,0,0,0,0,0
1004,6,117,117,77.670581809,-31.014840087499998,182.5,2.672586163967394,5.847183470657585,0.0,0.0,0,0,0,0,0,0
1004,6,120,120,77.670581809,-31.014840087499998,182.5,2.672586163967394,5.847183470657585,0.0,0.0,0,0,0,0,0,0
1004,6,123,123,77.670581809,-31.014840087499998,182.5,2.672586163967394,5.847183470657585,0.15703716499999132,0.0,0,0,0,0,0,0
1004,6,126,126,77.701989242,-31.014840087499998,182.5,2.672586163967394,5.847183470657585,0.15703716499999132,0.0,0,0,0,0,0,0
1004,6,129,129,77.701989242,-31.014840087499998,182.5,2.672586163967394,5.847183470657585,0.0,0.0,0,0,0,0,0,0
1004,6,132,132,77.701989242,-31.014840087499998,182.5,2.672586163967394,5.847183470657585,0.0,0.0,0,0,0,0,0,0
1004,6,135,135,77.701989242,-31.014840087499998,182.5,2.672586163967394,5.847183470657585,0.15703716499999132,0.0,0,0,0,0,0,0
1004,6,138,138,77.733396675,-31.014840087499998,182.5,2.672586163967394,5.847183470657585,0.31407432999998264,0.0,0,0,0,0,0,0
1004,6,141,141,77.76480410799999,-31.014840087499998,182.5,2.672586163967394,5.847183470657585,0.31407432999998264,0.0,0,0,0,0,0,0
1004,6,144,144,77.79621154099999,-31.014840087499998,182.5,2.672586163967394,5.847183470657585,0.31407432999998264,0.0,0,0,0,0,0,0
1004,6,147,147,77.82761897399999,-31.014840087499998,182.5,2.672586163967394,5.847183470657585,0.15703716499999132,0.0,0,0,0,0,0,0
1004,6,150,150,77.82761897399999,-31.014840087499998,182.5,2.672586163967394,5.847183470657585,0.15703716500006237,0.0,0,0,0,0,0,0
1004,6,153,153,77.859026407,-31.014840087499998,182.5,2.672586163967394,5.847183470657585,0.15703716500006237,0.0,0,0,0,0,0,0
1004,6,156,156,77.859026407,-31.014840087499998,182.5,2.672586163967394,5.847183470657585,0.15703716499999132,0.0,0,0,0,0,0,0
1004,6,159,159,77.89043384,-31.014840087499998,182.5,2.672586163967394,5.847183470657585,0.15703716499999132,0.0,0,0,0,0,0,0
1004,6,162,162,77.89043384,-31.014840087499998,182.5,2.672586163967394,5.847183470657585,0.0,0.0,0,0,0,0,0,0
1004,6,165,165,77.89043384,-31.014840087499998,182.5,2.672586163967394,5.847183470657585,0.0,0.0,0,0,0,0,0,0
1004,6,168,168,77.89043384,-31.014840087499998,182.5,2.672586163967394,5.847183470657585,0.15703716499999132,0.0,0,0,0,0,0,0
1004,6,171,171,77.921841273,-31.014840087499998,182.5,2.672586163967394,5.847183470657585,0.31407432999998264,0.0,0,0,0,0,0,0
1004,6,174,174,77.953248706,-31.014840087499998,182.5,2.672586163967394,5.847183470657585,0.31407432999998264,0.0,0,0,0,0,0,0
1004,6,177,177,77.984656139,-31.014840087499998,182.5,2.672586163967394,5.847183470657585,0.31407432999998264,0.0,0,0,0,0,0,0
1004,6,180,180,78.016063572,-31.014840087499998,182.5,2.672586163967394,5.847183470657585,0.15703716499999132,0.0,0,0,0,0,0,0
1004,6,183,183,78.016063572,-31.014840087499998,182.5,2.672586163967394,5.847183470657585,0.471111495000045,0.0,0,0,0,0,0,0
1004,6,186,186,78.110285871,-31.014840087499998,182.5,2.672586163967394,5.847183470657585,0.471111495000045,0.0,0,0,0,0,0,0
1004,6,189,189,78.110285871,-31.014840087499998,182.5,2.672586163967394,5.847183470657585,0.0,0.0,0,0,0,0,0,0
1004,6,192,192,78.110285871,-31.014840087499998,182.5,2.672586163967394,5.847183470657585,-0.15703716500006237,0.0,0,0,0,0,0,0
1004,6,195,195,78.07887843799999,-31.014840087499998,182.5,2.672586163967394,5.847183470657585,0.15703716499999132,0.0,0,0,0,0,0,0
1004,6,198,198,78.141693304,-31.014840087499998,182.5,2.672586163967394,5.847183470657585,0.3140743300000537,0.0,0,0,0,0,0,0
1004,6,201,201,78.141693304,-31.014840087499998,182.5,2.672586163967394,5.847183470657585,0.15703716499999132,0.0,0,0,0,0,0,0
1004,6,204,204,78.173100737,-31.014840087499998,182.5,2.672586163967394,5.847183470657585,0.15703716499999132,0.0,0,0,0,0,0,0
1004,6,207,207,78.173100737,-31.014840087499998,182.5,2.672586163967394,5.847183470657585,0.0,0.0,0,0,0,0,0,0
1004,6,210,210,78.173100737,-31.014840087499998,182.5,2.672586163967394,5.847183470657585,0.0,0.0,0,0,0,0,0,0
1004,6,213,213,78.173100737,-31.014840087499998,182.5,2.672586163967394,5.847183470657585,0.0,0.0,0,0,0,0,0,0
1004,6,216,216,78.173100737,-31.014840087499998,182.5,2.672586163967394,5.847183470657585,0.0,0.0,0,0,0,0,0,0
1004,6,219,219,78.173100737,-31.014840087499998,182.5,2.672586163967394,5.847183470657585,-0.15703716499999132,0.0,0,0,0,0,0,0
1004,6,222,222,78.141693304,-31.014840087499998,182.5,2.672586163967394,5.847183470657585,0.0,0.0,0,0,0,0,0,0
1004,6,225,225,78.173100737,-31.014840087499998,182.5,2.672586163967394,5.847183470657585,0.15703716499999132,0.0,0,0,0,0,0,0
1004,6,228,228,78.173100737,-31.014840087499998,182.5,2.672586163967394,5.847183470657585,0.0,0.0,0,0,0,0,0,0
1004,6,231,231,78.173100737,-31.014840087499998,182.5,2.672586163967394,5.847183470657585,0.0,0.0,0,0,0,0,0,0
1004,6,234,234,78.173100737,-31.014840087499998,182.5,2.672586163967394,5.847183470657585,0.0,0.0,0,0,0,0,0,0
1004,6,237,237,78.173100737,-31.014840087499998,182.5,2.672586163967394,5.847183470657585,0.0,0.0,0,0,0,0,0,0
1004,6,240,240,78.173100737,-31.014840087499998,182.5,2.672586163967394,5.847183470657585,0.0,0.0,0,0,0,0,0,0
1004,6,243,243,78.173100737,-31.014840087499998,182.5,2.672586163967394,5.847183470657585,0.0,0.0,0,0,0,0,0,0
1004,6,246,246,78.173100737,-31.014840087499998,182.5,2.672586163967394,5.847183470657585,0.0,0.0,0,0,0,0,0,0
1004,6,249,249,78.173100737,-31.014840087499998,182.5,2.672586163967394,5.847183470657585,0.15703716499999132,0.0,0,0,0,0,0,0
1004,6,252,252,78.20450817,-31.014840087499998,182.5,2.672586163967394,5.847183470657585,0.31407432999998264,0.0,0,0,0,0,0,0
1004,6,255,255,78.235915603,-31.014840087499998,182.5,2.672586163967394,5.847183470657585,0.31407432999998264,0.0,0,0,0,0,0,0
1004,6,258,258,78.267323036,-31.014840087499998,182.5,2.672586163967394,5.847183470657585,0.15703716499999132,0.0,0,0,0,0,0,0
1004,6,261,261,78.267323036,-31.014840087499998,182.5,2.672586163967394,5.847183470657585,0.0,0.0,0,0,0,0,0,0
1004,6,264,264,78.267323036,-31.014840087499998,182.5,2.672586163967394,5.847183470657585,0.15703716499999132,0.0,0,0,0,0,0,0
1004,6,267,267,78.29873046899999,-31.014840087499998,182.5,2.672586163967394,5.847183470657585,0.15703716499999132,0.0,0,0,0,0,0,0
1004,6,270,270,78.29873046899999,-31.014840087499998,182.5,2.672586163967394,5.847183470657585,-0.15703716499999132,0.0,0,0,0,0,0,0
1004,6,273,273,78.267323036,-31.014840087499998,182.5,2.672586163967394,5.847183470657585,-0.15703716499999132,0.0,0,0,0,0,0,0
1004,6,276,276,78.267323036,-31.014840087499998,182.5,2.672586163967394,5.847183470657585,0.0,0.0,0,0,0,0,0,0
1004,6,279,279,78.267323036,-31.014840087499998,182.5,2.672586163967394,5.847183470657585,0.0,0.0,0,0,0,0,0,0
1004,6,282,282,78.267323036,-31.014840087499998,182.5,2.672586163967394,5.847183470657585,0.0,0.0,0,0,0,0,0,0
1004,6,285,285,78.267323036,-31.014840087499998,182.5,2.672586163967394,5.847183470657585,0.0,0.0,0,0,0,0,0,0
1004,6,288,288,78.267323036,-31.014840087499998,182.5,2.672586163967394,5.847183470657585,-0.15703716499999132,0.0,0,0,0,0,0,0
1004,6,291,291,78.235915603,-31.014840087499998,182.5,2.672586163967394,5.847183470657585,-0.15703716499999132,0.0,0,0,0,0,0,0
1004,6,294,294,78.235915603,-31.014840087499998,182.5,2.672586163967394,5.847183470657585,-0.15703716499999132,0.0,0,0,0,0,0,0
1004,6,297,297,78.20450817,-31.014840087499998,182.5,2.672586163967394,5.847183470657585,-0.6281486599999653,0.0,0,0,0,0,0,0
1004,6,300,300,78.110285871,-31.014840087499998,182.5,2.672586163967394,5.847183470657585,-0.6281486600000363,0.0,0,0,0,0,0,0
1004,6,303,303,78.07887843799999,-31.014840087499998,182.5,2.672586163967394,5.847183470657585,-0.6281486600000363,0.0,0,0,0,0,0,0
1004,6,306,306,77.984656139,-31.014840087499998,182.5,2.672586163967394,5.847183470657585,-0.9422229899999479,0.0,0,0,0,0,0,0
1004,6,309,309,77.89043384,-31.014840087499998,182.5,2.672586163967394,5.847183470657585,-1.0992601550000103,0.0,0,0,0,0,0,0
1004,6,312,312,77.76480410799999,-31.014840087499998,182.5,2.672586163967394,5.847183470657585,-1.2562973200000016,0.0,0,0,0,0,0,0
1004,6,315,315,77.639174376,-31.014840087499998,182.5,2.672586163967394,5.847183470657585,-1.5703716499999842,0.0,0,0,0,0,0,0
1004,6,318,318,77.450729778,-31.014840087499998,182.5,2.672586163967394,5.847183470657585,-2.0414831450000293,0.0,0,0,0,0,0,0
1004,6,321,321,77.230877747,-31.014840087499998,182.5,2.672586163967394,5.847183470657585,-2.355557475000012,-0.3140743300000004,0,0,0,0,0,0
1004,6,324,324,76.979618283,-31.077654953499998,182.5,2.672586163967394,5.847183470657585,-2.355557475000012,-0.3140743300000004,0,0,0,0,0,0
1004,6,327,327,76.75976625199999,-31.077654953499998,182.5,2.672586163967394,5.847183470657585,-2.6696318049999945,0.0,0,0,0,0,0,0
1004,6,330,330,76.445691922,-31.077654953499998,182.5,2.672586163967394,5.847183470657585,-3.1407432999999685,0.0,0,0,0,0,0,0
1004,6,333,333,76.131617592,-31.077654953499998,182.5,2.672586163967394,5.847183470657585,-3.29778046499996,-0.15703716500000908,0,0,0,0,0,0
1004,6,336,336,75.786135829,-31.1090623865,182.5,2.672586163967394,5.847183470657585,-3.454817630000022,-0.15703716500000908,0,0,0,0,0,0
1004,6,339,339,75.440654066,-31.1090623865,182.5,2.672586163967394,5.847183470657585,-3.6118547950000135,0.0,0,0,0,0,0,0
1004,6,342,342,75.06376487,-31.1090623865,182.5,2.672586163967394,5.847183470657585,-3.925929124999996,0.0,0,0,0,0,0,0
1004,6,345,345,74.655468241,-31.1090623865,182.5,2.672586163967394,5.847183470657585,-4.24000345500005,0.0,0,0,0,0,0,0
1004,6,348,348,74.21576417899999,-31.1090623865,182.5,2.672586163967394,5.847183470657585,-4.39704061999997,0.0,0,0,0,0,0,0
1004,6,351,351,73.776060117,-31.1090623865,182.5,2.672586163967394,5.847183470657585,-4.554077784999961,0.07851858250001342,0,0,0,0,0,0
1004,6,354,354,73.304948622,-31.093358669999997,181.0,2.672586163967394,5.847183470657585,-5.025189280000006,0.07851858250001342,0,0,0,0,0,0
1004,6,357,357,72.771022261,-31.093358669999997,181.0,2.672586163967394,5.847183470657585,-5.025189280000006,0.0,0,0,0,0,0,0
1004,6,360,360,72.299910766,-31.093358669999997,181.0,2.672586163967394,5.847183470657585,-4.711114950000024,-0.15703716500000908,0,0,0,0,0,0
1004,6,363,363,71.828799271,-31.124766103,181.0,2.672586163967394,5.847183470657585,-4.711114950000024,-0.15703716500000908,0,0,0,0,0,0
1004,6,366,366,71.35768777599999,-31.124766103,181.0,2.672586163967394,5.847183470657585,-4.868152115000015,0.0,0,0,0,0,0,0
1004,6,369,369,70.85516884799999,-31.124766103,181.0,2.672586163967394,5.847183470657585,-5.339263609999989,-0.15703716499999132,0,0,0,0,0,0
1004,6,372,372,70.289835054,-31.156173535999997,181.0,2.672586163967394,5.847183470657585,-5.49630077499998,-0.4711114949999917,0,0,0,0,0,0
1004,6,375,375,69.755908693,-31.218988401999997,181.0,2.672586163967394,5.847183470657585,-5.339263609999989,-0.3140743300000004,0,0,0,0,0,0
1004,6,378,378,69.221982332,-31.218988401999997,181.0,2.672586163967394,5.847183470657585,-5.182226444999998,0.0,0,0,0,0,0,0
1004,6,381,381,68.719463404,-31.218988401999997,181.0,2.672586163967394,5.847183470657585,-5.339263609999989,0.0,0,0,0,0,0,0
1004,6,384,384,68.15412961,-31.218988401999997,181.0,2.672586163967394,5.847183470657585,-5.810375104999963,0.0,0,0,0,0,0,0
1004,6,387,387,67.557388383,-31.218988401999997,181.0,2.672586163967394,5.847183470657585,-5.967412270000025,0.0,0,0,0,0,0,0
1004,6,390,390,66.960647156,-31.218988401999997,181.0,2.672586163967394,5.847183470657585,-6.124449435000017,0.0,0,0,0,0,0,0
1004,6,393,393,66.332498496,-31.218988401999997,181.0,2.672586163967394,5.847183470657585,-6.438523764999999,0.0,0,0,0,0,0,0
1004,6,396,396,65.672942403,-31.218988401999997,181.0,2.672586163967394,5.847183470657585,-6.438523764999999,0.0,0,0,0,0,0,0
1004,6,399,399,65.044793743,-31.218988401999997,181.0,2.672586163967394,5.847183470657585,-6.281486600000008,0.0,0,0,0,0,0,0
1004,6,402,402,64.41664508299999,-31.218988401999997,181.0,2.672586163967394,5.847183470657585,-6.595560930000026,0.0,0,0,0,0,0,0
1004,6,405,405,63.725681556999994,-31.218988401999997,181.0,2.672586163967394,5.847183470657585,-6.752598094999982,-0.15703716500000908,0,0,0,0,0,0
1004,6,408,408,63.066125463999995,-31.250395835,181.0,2.672586163967394,5.847183470657585,-6.595560929999991,-0.4711114950000095,0,0,0,0,0,0
1004,6,411,411,62.406569370999996,-31.313210701,181.0,2.672586163967394,5.847183470657585,-6.438523764999999,-0.3140743300000004,0,0,0,0,0,0
1004,6,414,414,61.778420710999995,-31.313210701,181.0,2.672586163967394,5.847183470657585,-6.752598094999982,0.15703716500000908,0,0,0,0,0,0
1004,6,417,417,61.056049752,-31.281803267999997,181.0,2.672586163967394,5.847183470657585,-7.380746754999983,0.4711114950000095,0,0,0,0,0,0
1004,6,420,420,60.30227136,-31.218988401999997,181.0,2.672586163967394,5.847183470657585,-7.53778392000001,0.3140743300000004,0,0,0,0,0,0
1004,6,423,423,59.548492968,-31.218988401999997,181.0,2.672586163967394,5.847183470657585,-7.2237095899999915,-0.15703716500000908,0,0,0,0,0,0
1004,6,426,426,58.857529442,-31.250395835,181.0,2.672586163967394,5.847183470657585,-7.380746755000018,-0.15703716500000908,0,0,0,0,0,0
1004,6,429,429,58.072343616999994,-31.250395835,181.0,2.672586163967394,5.847183470657585,-7.694821085000001,-0.15703716499999132,0,0,0,0,0,0
1004,6,432,432,57.318565225,-31.281803267999997,181.0,2.672586163967394,5.847183470657585,-7.851858249999992,-0.15703716499999132,0,0,0,0,0,0
1004,6,435,435,56.501971966999996,-31.281803267999997,181.0,2.672586163967394,5.847183470657585,-8.16593258000001,-0.15703716500000908,0,0,0,0,0,0
1004,6,438,438,55.685378709,-31.313210701,181.0,2.672586163967394,5.847183470657585,-7.851858249999992,-0.15703716500000908,0,0,0,0,0,0
1004,6,441,441,54.931600317,-31.313210701,181.0,2.672586163967394,5.847183470657585,-7.53778392000001,-0.15703716499999132,0,0,0,0,0,0
1004,6,444,444,54.177821924999996,-31.344618133999997,181.0,2.672586163967394,5.847183470657585,-7.851858249999992,-0.15703716499999132,0,0,0,0,0,0
1004,6,447,447,53.361228667,-31.344618133999997,181.0,2.672586163967394,5.847183470657585,-7.694821085000001,0.0,0,0,0,0,0,0
1004,6,450,450,52.638857707999996,-31.344618133999997,181.0,2.672586163967394,5.847183470657585,-8.00889541500002,0.0,0,0,0,0,0,0
1004,6,453,453,51.759449583999995,-31.344618133999997,181.0,2.672586163967394,5.847183470657585,-8.794081239999976,0.0,0,0,0,0,0,0
1004,6,456,456,50.88004146,-31.344618133999997,181.0,2.672586163967394,5.847183470657585,-8.637044074999984,-0.15703716500000908,0,0,0,0,0,0
1004,6,459,459,50.032040769,-31.376025567,181.0,2.672586163967394,5.847183470657585,-8.63704407500002,-0.15703716500000908,0,0,0,0,0,0
1004,6,462,462,49.152632645,-31.376025567,181.0,2.672586163967394,5.847183470657585,-8.951118405000003,0.0,0,0,0,0,0,0
1004,6,465,465,48.241817088,-31.376025567,181.0,2.672586163967394,5.847183470657585,-8.951118405000003,0.0,0,0,0,0,0,0
1004,6,468,468,47.362408964,-31.376025567,181.0,2.672586163967394,5.847183470657585,-8.401488327499997,-0.07851858249999566,0,0,0,0,0,0
1004,6,471,471,46.5615194225,-31.3917292835,180.5,2.672586163967394,5.847183470657585,-8.71556265749998,0.07851858249999566,0,0,0,0,0,0
1004,6,474,474,45.6192964325,-31.3603218505,180.5,2.672586163967394,5.847183470657585,-9.108155569999994,0.15703716499999132,0,0,0,0,0,0
1004,6,477,477,44.7398883085,-31.3603218505,180.5,2.672586163967394,5.847183470657585,-9.10815557000003,0.0,0,0,0,0,0,0
1004,6,480,480,43.797665318499995,-31.3603218505,180.5,2.672586163967394,5.847183470657585,-8.951118405000003,0.0,0,0,0,0,0,0
1004,6,483,483,42.9496646275,-31.3603218505,180.5,2.672586163967394,5.847183470657585,-8.794081239999976,0.0,0,0,0,0,0,0
1004,6,486,486,42.0388490705,-31.3603218505,180.5,2.672586163967394,5.847183470657585,-9.108155569999994,0.0,0,0,0,0,0,0
1004,6,489,489,41.1280335135,-31.3603218505,180.5,2.672586163967394,5.847183470657585,-9.108155569999994,0.0,0,0,0,0,0,0
1004,6,492,492,40.2172179565,-31.3603218505,180.5,2.672586163967394,5.847183470657585,-8.951118405000003,0.0,0,0,0,0,0,0
1004,6,495,495,39.3378098325,-31.3603218505,180.5,2.672586163967394,5.847183470657585,-8.794081240000011,0.0,0,0,0,0,0,0
1004,6,498,498,38.4584017085,-31.3603218505,180.5,2.672586163967394,5.847183470657585,-7.53778392000001,0.0,0,0,0,0,0,0
1004,6,500,500,37.8302530485,-31.3603218505,180.5,2.672586163967394,5.847183470657585,-7.380746755000018,0.0,0,0,0,0,0,0
1004,6,503,503,36.982252357499995,-31.3603218505,180.5,2.672586163967394,5.847183470657585,-8.637044074999984,0.0,0,0,0,0,0,0
1004,6,506,506,36.1028442335,-31.3603218505,180.5,2.672586163967394,5.847183470657585,-8.951118404999967,0.0,0,0,0,0,0,0
1004,6,509,509,35.1920286765,-31.3603218505,180.5,2.672586163967394,5.847183470657585,-8.794081240000011,0.0,0,0,0,0,0,0
1004,6,512,512,34.3440279855,-31.3603218505,180.5,2.672586163967394,5.847183470657585,-8.63704407500002,0.0,0,0,0,0,0,0
1004,6,515,515,33.4646198615,-31.3603218505,180.5,2.672586163967394,5.847183470657585,-8.637044074999984,0.0,0,0,0,0,0,0
1004,6,518,518,32.6166191705,-31.3603218505,180.5,2.672586163967394,5.847183470657585,-8.794081239999993,0.0,0,0,0,0,0,0
1004,6,521,521,31.7058036135,-31.3603218505,180.5,2.672586163967394,5.847183470657585,-8.95111840500002,0.0,0,0,0,0,0,0
1004,6,524,524,30.826395489499998,-31.3603218505,180.5,2.672586163967394,5.847183470657585,-8.794081239999993,0.0,0,0,0,0,0,0
1004,6,527,527,29.9469873655,-31.3603218505,180.5,2.672586163967394,5.847183470657585,-9.108155569999994,0.0,0,0,0,0,0,0
1004,6,530,530,29.0047643755,-31.3603218505,180.5,2.672586163967394,5.847183470657585,-8.951118405000003,0.0,0,0,0,0,0,0
1004,6,533,533,28.1567636845,-31.3603218505,180.5,2.672586163967394,5.847183470657585,-8.794081239999993,0.0,0,0,0,0,0,0
1004,6,536,536,27.2459481275,-31.3603218505,180.5,2.672586163967394,5.847183470657585,-9.108155570000012,0.0,0,0,0,0,0,0
1004,6,539,539,26.335132570499997,-31.3603218505,180.5,2.672586163967394,5.847183470657585,-9.265192735000003,0.0,0,0,0,0,0,0
1004,6,542,542,25.3929095805,-31.3603218505,180.5,2.672586163967394,5.847183470657585,-8.794081239999993,0.0,0,0,0,0,0,0
1004,6,545,545,24.5763163225,-31.3603218505,180.5,2.672586163967394,5.847183470657585,-8.48000691000001,0.0,0,0,0,0,0,0
1004,6,548,548,23.696908198499997,-31.3603218505,180.5,2.672586163967394,5.847183470657585,-8.480006909999993,0.0,0,0,0,0,0,0
1004,6,551,551,22.8803149405,-31.3603218505,180.5,2.672586163967394,5.847183470657585,-8.480006909999993,0.0,0,0,0,0,0,0
1004,6,554,554,22.0009068165,-31.3603218505,180.5,2.672586163967394,5.847183470657585,-8.951118405000003,0.0,0,0,0,0,0,0
1004,6,557,557,21.0900912595,-31.3603218505,180.5,2.672586163967394,5.847183470657585,-9.108155569999994,0.0,0,0,0,0,0,0
1004,6,560,560,20.1792757025,-31.3603218505,180.5,2.672586163967394,5.847183470657585,-9.108155569999994,-0.4711114949999917,0,0,0,0,0,0
1004,6,563,563,19.2684601455,-31.4545441495,180.5,2.672586163967394,5.847183470657585,-8.951118405000003,-0.4711114949999917,0,0,0,0,0,0
1004,6,566,566,18.3890520215,-31.4545441495,180.5,2.672586163967394,5.847183470657585,-9.108155570000012,0.0,0,0,0,0,0,0
1004,6,569,569,17.4468290315,-31.4545441495,180.5,2.672586163967394,5.847183470657585,-9.108155569999994,0.0,0,0,0,0,0,0
1004,6,572,572,16.5674209075,-31.4545441495,180.5,2.672586163967394,5.847183470657585,-9.108155569999994,0.0,0,0,0,0,0,0
1004,6,575,575,15.6251979175,-31.4545441495,180.5,2.672586163967394,5.847183470657585,-9.422229900000003,0.0,0,0,0,0,0,0
1004,6,578,578,14.6829749275,-31.4545441495,180.5,2.672586163967394,5.847183470657585,-9.265192735000003,-0.4711114949999917,0,0,0,0,0,0
1004,6,581,581,13.772159370499999,-31.548766448499997,180.5,2.672586163967394,5.847183470657585,-9.108155570000003,-0.4711114949999917,0,0,0,0,0,0
1004,6,584,584,12.8613438135,-31.548766448499997,180.5,2.672586163967394,5.847183470657585,-9.108155569999994,-0.15703716500000908,0,0,0,0,0,0
1004,6,587,587,11.9505282565,-31.5801738815,180.5,2.672586163967394,5.847183470657585,-9.265192735000003,-0.15703716500000908,0,0,0,0,0,0
1004,6,590,590,11.008305266499999,-31.5801738815,180.5,2.672586163967394,5.847183470657585,-9.422229900000003,0.0,0,0,0,0,0,0
1004,6,593,593,10.0660822765,-31.5801738815,180.5,2.672586163967394,5.847183470657585,-9.422229899999994,0.0,0,0,0,0,0,0
1004,6,596,596,9.1238592865,-31.5801738815,180.5,2.672586163967394,5.847183470657585,-9.265192735000003,0.0,0,0,0,0,0,0
1004,6,599,599,8.213043729499999,-31.5801738815,180.5,2.672586163967394,5.847183470657585,-9.265192735000003,0.0,0,0,0,0,0,0
1004,6,602,602,7.2708207394999995,-31.5801738815,180.5,2.672586163967394,5.847183470657585,-9.422229899999994,0.0,0,0,0,0,0,0
1004,6,605,605,6.3285977495,-31.5801738815,180.5,2.672586163967394,5.847183470657585,-9.579267065,0.0,0,0,0,0,0,0
1004,6,608,608,5.3549673265,-31.5801738815,180.5,2.672586163967394,5.847183470657585,-9.579267065000003,0.0,0,0,0,0,0,0
1004,6,611,611,4.412744336499999,-31.5801738815,180.5,2.672586163967394,5.847183470657585,-9.422229899999998,0.0,0,0,0,0,0,0
1004,6,614,614,3.4705213465,-31.5801738815,180.5,2.672586163967394,5.847183470657585,-9.422229899999994,0.0,0,0,0,0,0,0
1004,1,0,0,55.4498229615,-35.584621589,34.5,2.709971933572458,5.67041175982686,2.120001727500025,2.9051875525000526,0,0,0,0,0,0
1004,1,3,3,55.66182313425,-35.294102833749996,39.5,2.709971933572458,5.67041175982686,1.9237052712500002,2.8266689700000214,0,0,0,0,0,0
1004,1,6,6,55.83456401575,-35.019287795,42.5,2.709971933572458,5.67041175982686,1.9237052712500002,2.9444468437499793,0,0,0,0,0,0
1004,1,9,9,56.0465641885,-34.705213465,48.0,2.709971933572458,5.67041175982686,1.5311123587499864,3.180002591250002,0,0,0,0,0,0
1004,1,12,12,56.140786487499994,-34.383287276749996,49.5,2.709971933572458,5.67041175982686,0.7851858249999921,3.180002591250002,0,0,0,0,0,0
1004,1,15,15,56.2036013535,-34.06921294675,57.0,2.709971933572458,5.67041175982686,0.942222990000019,3.2585211737499975,0,0,0,0,0,0
1004,1,18,18,56.3292310855,-33.731583042,59.5,2.709971933572458,5.67041175982686,0.9422229899999834,3.5725955037500157,0,0,0,0,0,0
1004,1,21,21,56.392045951499995,-33.354693845999996,61.0,2.709971933572458,5.67041175982686,0.7066672424999965,3.2977804649999953,0,0,0,0,0,0
1004,1,24,24,56.470564534,-33.072026949,69.0,2.709971933572458,5.67041175982686,0.7066672424999965,3.140743300000004,0,0,0,0,0,0
1004,1,27,27,56.533379399999994,-32.726545185999996,71.5,2.709971933572458,5.67041175982686,0.19629645624998915,3.337039756249993,0,0,0,0,0,0
1004,1,30,30,56.509823825249995,-32.40461899775,75.5,2.709971933572458,5.67041175982686,0.19629645625002468,3.2977804649999953,0,0,0,0,0,0
1004,1,33,33,56.57263869125,-32.066989093,80.0,2.709971933572458,5.67041175982686,0.11777787374999349,3.101484008750006,0,0,0,0,0,0
1004,1,36,36,56.533379399999994,-31.784322195999998,83.5,2.709971933572458,5.67041175982686,-0.5103707862500073,3.2977804649999953,0,0,0,0,0,0
1004,1,39,39,56.470564534,-31.407432999999997,86.5,2.709971933572458,5.67041175982686,-0.6281486600000008,3.6118547949999957,0,0,0,0,0,0
1004,1,42,42,56.407749667999994,-31.061951237,90.0,2.709971933572458,5.67041175982686,-0.9422229899999834,3.1407432999999862,0,0,0,0,0,0
1004,1,45,45,56.282119936,-30.77928434,93.5,2.709971933572458,5.67041175982686,-1.256297319999966,3.101484008750006,0,0,0,0,0,0
1004,1,48,48,56.156490204,-30.441654435249998,97.5,2.709971933572458,5.67041175982686,-1.6096309412500176,3.140743300000004,0,0,0,0,0,0
1004,1,51,51,55.96019374775,-30.15113568,100.0,2.709971933572458,5.67041175982686,-1.727408815000011,3.0229654262499928,0,0,0,0,0,0
1004,1,54,54,55.811008441,-29.83706135,104.0,2.709971933572458,5.67041175982686,-1.8451866887500046,2.6696318050000123,0,0,0,0,0,0
1004,1,57,57,55.591156409999996,-29.617209318999997,108.5,2.709971933572458,5.67041175982686,-2.355557475000012,2.355557474999994,0,0,0,0,0,0
1004,1,60,60,55.339896945999996,-29.365949855,112.5,2.709971933572458,5.67041175982686,-2.355557475000012,2.8659282612499837,0,0,0,0,0,0
1004,1,63,63,55.120044914999994,-29.04402366675,118.0,2.709971933572458,5.67041175982686,-2.551853931250001,2.8266689700000036,0,0,0,0,0,0
1004,1,66,66,54.829526159749996,-28.800616061,120.0,2.709971933572458,5.67041175982686,-2.74815038749999,2.6303725137500145,0,0,0,0,0,0
1004,1,69,69,54.570414837499996,-28.517949163999997,124.0,2.709971933572458,5.67041175982686,-2.6696318049999945,2.512594640000003,0,0,0,0,0,0
1004,1,72,72,54.29559979875,-28.298097133,130.0,2.709971933572458,5.67041175982686,-2.8659282612499837,2.2377796012500006,0,0,0,0,0,0
1004,1,75,75,53.99722918525,-28.070393243749997,131.5,2.709971933572458,5.67041175982686,-3.415558338749989,1.962964562499998,0,0,0,0,0,0
1004,1,78,78,53.612488131,-27.9055042205,134.5,2.709971933572458,5.67041175982686,-3.337039756249993,1.9237052712500002,0,0,0,0,0,0
1004,1,81,81,53.329821234,-27.685652189499997,139.5,2.709971933572458,5.67041175982686,-3.101484008750006,1.962964562499998,0,0,0,0,0,0
1004,1,84,84,52.99219132925,-27.512911308,141.5,2.709971933572458,5.67041175982686,-3.2192618824999997,1.5311123587499864,0,0,0,0,0,0
1004,1,87,87,52.6859688575,-27.37942971775,145.0,2.709971933572458,5.67041175982686,-3.49407692125002,0.9422229900000012,0,0,0,0,0,0
1004,1,90,90,52.293375944999994,-27.32446671,145.5,2.709971933572458,5.67041175982686,-3.533336212500018,1.3740751937500129,0,0,0,0,0,0
1004,1,93,93,51.979301615,-27.104614678999997,151.5,2.709971933572458,5.67041175982686,-3.611854794999978,1.0992601550000103,0,0,0,0,0,0
1004,1,96,96,51.571004986,-27.104614678999997,151.5,2.709971933572458,5.67041175982686,-3.4940769212499845,0.6281486600000008,0,0,0,0,0,0
1004,1,99,99,51.28048623075,-26.978984946999997,155.0,2.709971933572458,5.67041175982686,-2.905187552500017,1.0992601549999925,0,0,0,0,0,0
1004,1,102,102,50.989967475499995,-26.884762648,160.5,2.709971933572458,5.67041175982686,-3.0622247175000084,0.35333362124999823,0,0,0,0,0,0
1004,1,105,105,50.66804128725,-26.908318222749998,163.5,2.709971933572458,5.67041175982686,-2.787409678749988,-0.11777787374999349,0,0,0,0,0,0
1004,1,108,108,50.43248553975,-26.908318222749998,165.0,2.709971933572458,5.67041175982686,-2.316298183750014,0.35333362124999823,0,0,0,0,0,0
1004,1,111,111,50.204781650499996,-26.837651498499998,168.0,2.709971933572458,5.67041175982686,-2.3948167662500097,0.35333362124999823,0,0,0,0,0,0
1004,1,114,114,49.953522186499995,-26.837651498499998,170.0,2.709971933572458,5.67041175982686,-2.3162981837499785,0.15703716499999132,0,0,0,0,0,0
1004,1,117,117,49.74152201375,-26.8062440655,171.0,2.709971933572458,5.67041175982686,-2.198520309999985,0.0,0,0,0,0,0,0
1004,1,120,120,49.5138181245,-26.837651498499998,173.0,2.709971933572458,5.67041175982686,-1.8059273975000067,-0.3140743300000004,0,0,0,0,0,0
1004,1,123,123,49.38033653425,-26.8690589315,175.0,2.709971933572458,5.67041175982686,-1.5703716500000198,-0.15703716500000908,0,0,0,0,0,0
1004,1,126,126,49.199743794499994,-26.8690589315,175.0,2.709971933572458,5.67041175982686,-1.3348159024999973,-0.4318522037499939,0,0,0,0,0,0
1004,1,129,129,49.11337335375,-26.95542937225,177.0,2.709971933572458,5.67041175982686,-1.0992601549999748,-0.39259291249999606,0,0,0,0,0,0
1004,1,132,132,48.9798917635,-26.947577514,177.0,2.709971933572458,5.67041175982686,-1.1385194462500081,0.03925929124999783,0,0,0,0,0,0
1004,1,135,135,48.8856694645,-26.947577514,177.0,2.709971933572458,5.67041175982686,-0.6281486600000008,0.0,0,0,0,0,0,0
1004,1,138,138,48.8542620315,-26.947577514,177.0,2.709971933572458,5.67041175982686,-0.4711114950000095,-0.23555574750000474,0,0,0,0,0,0
1004,1,141,141,48.791447165499996,-26.9946886635,177.5,2.709971933572458,5.67041175982686,-0.4711114950000095,-0.23555574750000474,0,0,0,0,0,0
1004,1,144,144,48.7600397325,-26.9946886635,177.5,2.709971933572458,5.67041175982686,-0.31407432999998264,0.03925929124999783,0,0,0,0,0,0
1004,1,147,147,48.7286322995,-26.98683680525,178.5,2.709971933572458,5.67041175982686,-0.23555574749998698,0.15703716500000908,0,0,0,0,0,0
1004,1,150,150,48.712928583,-26.963281230499998,178.5,2.709971933572458,5.67041175982686,-0.2355557475000225,0.1962964562500069,0,0,0,0,0,0
1004,1,153,153,48.681521149999995,-26.947577514,179.5,2.709971933572458,5.67041175982686,-0.15703716500002685,0.07851858249999566,0,0,0,0,0,0
1004,1,156,156,48.681521149999995,-26.947577514,179.5,2.709971933572458,5.67041175982686,0.0,0.0,0,0,0,0,0,0
1004,1,159,159,48.681521149999995,-26.947577514,179.5,2.709971933572458,5.67041175982686,0.0,0.0,0,0,0,0,0,0
1004,1,162,162,48.681521149999995,-26.947577514,179.5,2.709971933572458,5.67041175982686,0.0,0.0,0,0,0,0,0,0
1004,1,165,165,48.681521149999995,-26.947577514,179.5,2.709971933572458,5.67041175982686,0.0,0.0,0,0,0,0,0,0
1004,1,168,168,48.681521149999995,-26.947577514,179.5,2.709971933572458,5.67041175982686,0.15703716500002685,0.0,0,0,0,0,0,0
1004,1,171,171,48.712928583,-26.947577514,179.5,2.709971933572458,5.67041175982686,0.31407433000001816,0.0,0,0,0,0,0,0
1004,1,174,174,48.744336016,-26.947577514,179.5,2.709971933572458,5.67041175982686,0.47111149499997396,0.0,0,0,0,0,0,0
1004,1,177,177,48.807150881999995,-26.947577514,179.5,2.709971933572458,5.67041175982686,0.31407432999998264,0.0,0,0,0,0,0,0
1004,1,180,180,48.807150881999995,-26.947577514,179.5,2.709971933572458,5.67041175982686,0.0,0.0,0,0,0,0,0,0
1004,1,183,183,48.807150881999995,-26.947577514,179.5,2.709971933572458,5.67041175982686,0.0,0.0,0,0,0,0,0,0
1004,1,186,186,48.807150881999995,-26.947577514,179.5,2.709971933572458,5.67041175982686,0.15703716500002685,0.0,0,0,0,0,0,0
1004,1,189,189,48.838558315,-26.947577514,179.5,2.709971933572458,5.67041175982686,0.15703716500002685,0.0,0,0,0,0,0,0
1004,1,192,192,48.838558315,-26.947577514,179.5,2.709971933572458,5.67041175982686,0.0,0.0,0,0,0,0,0,0
1004,1,195,195,48.838558315,-26.947577514,179.5,2.709971933572458,5.67041175982686,0.0,0.0,0,0,0,0,0,0
1004,1,198,198,48.838558315,-26.947577514,179.5,2.709971933572458,5.67041175982686,0.0,0.0,0,0,0,0,0,0
1004,1,201,201,48.838558315,-26.947577514,179.5,2.709971933572458,5.67041175982686,0.0,0.0,0,0,0,0,0,0
1004,1,204,204,48.838558315,-26.947577514,179.5,2.709971933572458,5.67041175982686,0.0,0.0,0,0,0,0,0,0
1004,1,207,207,48.838558315,-26.947577514,179.5,2.709971933572458,5.67041175982686,0.0,0.0,0,0,0,0,0,0
1004,1,210,210,48.838558315,-26.947577514,179.5,2.709971933572458,5.67041175982686,0.0,0.0,0,0,0,0,0,0
1004,1,213,213,48.838558315,-26.947577514,179.5,2.709971933572458,5.67041175982686,0.0,0.0,0,0,0,0,0,0
1004,1,216,216,48.838558315,-26.947577514,179.5,2.709971933572458,5.67041175982686,0.15703716499999132,0.0,0,0,0,0,0,0
1004,1,219,219,48.869965748,-26.947577514,179.5,2.709971933572458,5.67041175982686,0.15703716499999132,0.0,0,0,0,0,0,0
1004,1,222,222,48.869965748,-26.947577514,179.5,2.709971933572458,5.67041175982686,0.0,0.0,0,0,0,0,0,0
1004,1,225,225,48.869965748,-26.947577514,179.5,2.709971933572458,5.67041175982686,0.0,0.0,0,0,0,0,0,0
1004,1,228,228,48.869965748,-26.947577514,179.5,2.709971933572458,5.67041175982686,0.0,0.0,0,0,0,0,0,0
1004,1,231,231,48.869965748,-26.947577514,179.5,2.709971933572458,5.67041175982686,0.0,0.0,0,0,0,0,0,0
1004,1,234,234,48.869965748,-26.947577514,179.5,2.709971933572458,5.67041175982686,0.0,0.0,0,0,0,0,0,0
1004,1,237,237,48.869965748,-26.947577514,179.5,2.709971933572458,5.67041175982686,0.0,0.0,0,0,0,0,0,0
1004,1,240,240,48.869965748,-26.947577514,179.5,2.709971933572458,5.67041175982686,0.31407432999998264,0.0,0,0,0,0,0,0
1004,1,243,243,48.932780613999995,-26.947577514,179.5,2.709971933572458,5.67041175982686,0.31407432999998264,0.0,0,0,0,0,0,0
1004,1,246,246,48.932780613999995,-26.947577514,179.5,2.709971933572458,5.67041175982686,0.0,0.0,0,0,0,0,0,0
1004,1,249,249,48.932780613999995,-26.947577514,179.5,2.709971933572458,5.67041175982686,0.31407433000001816,0.0,0,0,0,0,0,0
1004,1,252,252,48.99559548,-26.947577514,179.5,2.709971933572458,5.67041175982686,0.4711114950000095,0.0,0,0,0,0,0,0
1004,1,255,255,49.027002913,-26.947577514,179.5,2.709971933572458,5.67041175982686,0.15703716499999132,0.0,0,0,0,0,0,0
1004,1,258,258,49.027002913,-26.947577514,179.5,2.709971933572458,5.67041175982686,0.0,0.0,0,0,0,0,0,0
1004,1,261,261,49.027002913,-26.947577514,179.5,2.709971933572458,5.67041175982686,0.0,0.0,0,0,0,0,0,0
1004,1,264,264,49.027002913,-26.947577514,179.5,2.709971933572458,5.67041175982686,0.0,0.0,0,0,0,0,0,0
1004,1,267,267,49.027002913,-26.947577514,179.5,2.709971933572458,5.67041175982686,0.0,0.0,0,0,0,0,0,0
1004,1,270,270,49.027002913,-26.947577514,179.5,2.709971933572458,5.67041175982686,0.0,0.0,0,0,0,0,0,0
1004,1,273,273,49.027002913,-26.947577514,179.5,2.709971933572458,5.67041175982686,0.0,0.0,0,0,0,0,0,0
1004,1,276,276,49.027002913,-26.947577514,179.5,2.709971933572458,5.67041175982686,0.0,-0.3140743300000004,0,0,0,0,0,0
1004,1,279,279,49.027002913,-27.01039238,179.5,2.709971933572458,5.67041175982686,0.0,-0.3140743300000004,0,0,0,0,0,0
1004,1,282,282,49.027002913,-27.01039238,179.5,2.709971933572458,5.67041175982686,0.0,0.0,0,0,0,0,0,0
1004,1,285,285,49.027002913,-27.01039238,179.5,2.709971933572458,5.67041175982686,0.0,0.0,0,0,0,0,0,0
1004,1,288,288,49.027002913,-27.01039238,179.5,2.709971933572458,5.67041175982686,0.07851858249999566,0.0,0,0,0,0,0,0
1004,1,291,291,49.042706629499996,-27.01039238,182.5,2.709971933572458,5.67041175982686,0.0,0.0,0,0,0,0,0,0
1004,1,294,294,49.027002913,-27.01039238,180.5,2.709971933572458,5.67041175982686,-0.15703716499999132,0.0,0,0,0,0,0,0
1004,1,297,297,49.0112991965,-27.01039238,182.5,2.709971933572458,5.67041175982686,-0.3925929125000138,0.0,0,0,0,0,0,0
1004,1,300,300,48.948484330499994,-27.01039238,182.5,2.709971933572458,5.67041175982686,-0.4711114950000095,-0.15703716499999132,0,0,0,0,0,0
1004,1,303,303,48.917076897499996,-27.041799812999997,182.5,2.709971933572458,5.67041175982686,-0.31407432999998264,-0.15703716499999132,0,0,0,0,0,0
1004,1,306,306,48.8856694645,-27.041799812999997,182.5,2.709971933572458,5.67041175982686,-0.31407432999998264,0.0,0,0,0,0,0,0
1004,1,309,309,48.8542620315,-27.041799812999997,182.5,2.709971933572458,5.67041175982686,-0.353333621250016,-0.07851858250001342,0,0,0,0,0,0
1004,1,312,312,48.815002740249994,-27.0575035295,183.5,2.709971933572458,5.67041175982686,-1.2562973200000016,-0.15703716500000908,0,0,0,0,0,0
1004,1,315,315,48.6030025675,-27.073207246,184.5,2.709971933572458,5.67041175982686,-1.5311123587499864,-0.07851858249999566,0,0,0,0,0,0
1004,1,318,318,48.5087802685,-27.073207246,184.5,2.709971933572458,5.67041175982686,-1.2562973200000016,0.0,0,0,0,0,0,0
1004,1,321,321,48.3517431035,-27.073207246,184.5,2.709971933572458,5.67041175982686,-2.0414831449999937,-0.4711114949999917,0,0,0,0,0,0
1004,1,324,324,48.1004836395,-27.167429544999997,187.0,2.709971933572458,5.67041175982686,-2.355557475000012,-1.0992601549999925,0,0,0,0,0,0
1004,1,327,327,47.880631608499996,-27.293059276999998,187.0,2.709971933572458,5.67041175982686,-2.355557475000012,-1.0992601550000103,0,0,0,0,0,0
1004,1,330,330,47.629372144499996,-27.387281576,187.0,2.709971933572458,5.67041175982686,-2.6696318049999945,-0.588889368750003,0,0,0,0,0,0
1004,1,333,333,47.3467052475,-27.410837150749998,189.0,2.709971933572458,5.67041175982686,-2.9051875524999815,-0.4711114949999917,0,0,0,0,0,0
1004,1,336,336,47.048334634,-27.481503874999998,189.5,2.709971933572458,5.67041175982686,-3.0622247175000084,-0.7851858250000099,0,0,0,0,0,0
1004,1,339,339,46.734260303999996,-27.56787431575,192.0,2.709971933572458,5.67041175982686,-3.2192618824999997,-0.8637044075000055,0,0,0,0,0,0
1004,1,342,342,46.4044822575,-27.6542447565,195.0,2.709971933572458,5.67041175982686,-3.6903733774999736,-0.9029636987499856,0,0,0,0,0,0
1004,1,345,345,45.9961856285,-27.748467055499997,193.5,2.709971933572458,5.67041175982686,-3.925929124999996,-0.9422229900000012,0,0,0,0,0,0
1004,1,348,348,45.6192964325,-27.8426893545,193.5,2.709971933572458,5.67041175982686,-3.768891960000005,-1.0992601550000103,0,0,0,0,0,0
1004,1,351,351,45.2424072365,-27.9683190865,193.5,2.709971933572458,5.67041175982686,-4.082966290000023,-0.6281486600000008,0,0,0,0,0,0
1004,1,354,354,44.802703174499996,-27.9683190865,193.5,2.709971933572458,5.67041175982686,-4.554077784999997,-0.4711114949999917,0,0,0,0,0,0
1004,1,357,357,44.3315916795,-28.062541385499998,193.5,2.709971933572458,5.67041175982686,-4.397040620000006,-0.9422229900000012,0,0,0,0,0,0
1004,1,360,360,43.923295050499995,-28.1567636845,193.5,2.709971933572458,5.67041175982686,-4.397040620000006,-0.9422229900000012,0,0,0,0,0,0
1004,1,363,363,43.4521835555,-28.250985983499998,193.5,2.709971933572458,5.67041175982686,-4.554077784999997,-1.2562973200000016,0,0,0,0,0,0
1004,1,366,366,43.012479493499995,-28.4080231485,193.5,2.709971933572458,5.67041175982686,-4.711114950000024,-0.9422229900000012,0,0,0,0,0,0
1004,1,369,369,42.509960565499995,-28.439430581499998,193.5,2.709971933572458,5.67041175982686,-5.025189279999971,-0.8637044074999878,0,0,0,0,0,0
1004,1,372,372,42.0074416375,-28.580764029999997,192.5,2.709971933572458,5.67041175982686,-4.86815211499998,-1.3348159024999973,0,0,0,0,0,0
1004,1,375,375,41.5363301425,-28.706393761999998,192.5,2.709971933572458,5.67041175982686,-4.671855658750026,-0.6674079512499986,0,0,0,0,0,0
1004,1,378,378,41.073070505749996,-28.714245620249997,194.0,2.709971933572458,5.67041175982686,-4.946670697500011,-0.6281486600000008,0,0,0,0,0,0
1004,1,381,381,40.546996003,-28.832023493999998,194.0,2.709971933572458,5.67041175982686,-5.300004318749991,-1.3740751937500129,0,0,0,0,0,0
1004,1,384,384,40.013069642,-28.989060659,194.0,2.709971933572458,5.67041175982686,-5.49630077499998,-1.2562973200000016,0,0,0,0,0,0
1004,1,387,387,39.447735848,-29.083282957999998,194.0,2.709971933572458,5.67041175982686,-5.692597231250005,-1.0992601549999925,0,0,0,0,0,0
1004,1,390,390,38.87455019575,-29.20891269,193.5,2.709971933572458,5.67041175982686,-6.006671561250023,-0.981482281249999,0,0,0,0,0,0
1004,1,393,393,38.246401535749996,-29.279579414249998,192.5,2.709971933572458,5.67041175982686,-6.0459308524999855,-0.9029636987500034,0,0,0,0,0,0
1004,1,396,396,37.66536402525,-29.38950542975,187.5,2.709971933572458,5.67041175982686,-5.928152978749992,-1.0207415724999969,0,0,0,0,0,0
1004,1,399,399,37.06077094,-29.483727728749997,191.0,2.709971933572458,5.67041175982686,-6.085190143750019,-1.1385194462499904,0,0,0,0,0,0
1004,1,402,402,36.448325996499996,-29.617209318999997,191.0,2.709971933572458,5.67041175982686,-6.202968017500012,-0.9029636987500034,0,0,0,0,0,0
1004,1,405,405,35.820177336499995,-29.664320468499998,190.0,2.709971933572458,5.67041175982686,-6.2814865999999725,-0.8637044075000055,0,0,0,0,0,0
1004,1,408,408,35.1920286765,-29.789950200499998,188.0,2.709971933572458,5.67041175982686,-6.2814865999999725,-0.9422229900000012,0,0,0,0,0,0
1004,1,411,411,34.5638800165,-29.852765066499998,188.0,2.709971933572458,5.67041175982686,-6.320745891250006,-0.981482281249999,0,0,0,0,0,0
1004,1,414,414,33.92787949825,-29.986246656749998,186.5,2.709971933572458,5.67041175982686,-6.281486600000008,-0.8637044075000055,0,0,0,0,0,0
1004,1,417,417,33.3075826965,-30.025505948,186.5,2.709971933572458,5.67041175982686,-6.870375968750011,-0.6674079512499986,0,0,0,0,0,0
1004,1,420,420,32.5538043045,-30.119728246999998,186.5,2.709971933572458,5.67041175982686,-7.066672425,-1.0992601549999925,0,0,0,0,0,0
1004,1,423,423,31.8942482115,-30.245357978999998,186.5,2.709971933572458,5.67041175982686,-6.909635259999991,-0.7851858250000099,0,0,0,0,0,0
1004,1,426,426,31.1718772525,-30.276765412,186.5,2.709971933572458,5.67041175982686,-7.3807467550000005,-0.7851858250000099,0,0,0,0,0,0
1004,1,429,429,30.4180988605,-30.402395144,186.5,2.709971933572458,5.67041175982686,-7.3807467550000005,-0.7459265337499943,0,0,0,0,0,0
1004,1,432,432,29.6957279015,-30.42595071875,184.0,2.709971933572458,5.67041175982686,-7.145191007499996,-0.5496300774999874,0,0,0,0,0,0
1004,1,435,435,28.989060659,-30.512321159499997,184.0,2.709971933572458,5.67041175982686,-7.066672425,-0.8244451162500077,0,0,0,0,0,0
1004,1,438,438,28.2823934165,-30.590839742,184.0,2.709971933572458,5.67041175982686,-6.9881538425000045,-1.0207415725000146,0,0,0,0,0,0
1004,1,441,441,27.5914298905,-30.716469474,184.0,2.709971933572458,5.67041175982686,-6.909635260000009,-0.6281486600000008,0,0,0,0,0,0
1004,1,444,444,26.900466364499998,-30.716469474,184.0,2.709971933572458,5.67041175982686,-6.909635260000009,-0.15703716499999132,0,0,0,0,0,0
1004,1,447,447,26.209502838499997,-30.747876907,184.0,2.709971933572458,5.67041175982686,-6.909635259999991,-0.3140743300000004,0,0,0,0,0,0
1004,1,450,450,25.5185393125,-30.77928434,184.0,2.709971933572458,5.67041175982686,-6.909635259999991,-0.6281486600000008,0,0,0,0,0,0
1004,1,453,453,24.8275757865,-30.873506639,184.0,2.709971933572458,5.67041175982686,-7.53778392000001,-0.628148659999983,0,0,0,0,0,0
1004,1,456,456,24.010982528499998,-30.904914071999997,184.0,2.709971933572458,5.67041175982686,-7.694821085000001,-0.4711114949999917,0,0,0,0,0,0
1004,1,459,459,23.2886115695,-30.967728937999997,184.0,2.709971933572458,5.67041175982686,-7.341487463750003,-0.3140743300000004,0,0,0,0,0,0
1004,1,462,462,22.542685035749997,-30.967728937999997,183.0,2.709971933572458,5.67041175982686,-7.734080376249999,-0.15703716500000908,0,0,0,0,0,0
1004,1,465,465,21.74179549425,-30.999136371,183.0,2.709971933572458,5.67041175982686,-7.812598958749994,-0.4711114950000095,0,0,0,0,0,0
1004,1,468,468,20.980165244,-31.061951237,183.0,2.709971933572458,5.67041175982686,-7.812598958749994,-0.5496300775000051,0,0,0,0,0,0
1004,1,471,471,20.1792757025,-31.1090623865,183.0,2.709971933572458,5.67041175982686,-8.244451162499988,-0.23555574750000474,0,0,0,0,0,0
1004,1,474,474,19.3312750115,-31.1090623865,183.0,2.709971933572458,5.67041175982686,-8.322969745000002,0.0,0,0,0,0,0,0
1004,1,477,477,18.5146817535,-31.1090623865,183.0,2.709971933572458,5.67041175982686,-8.16593258000001,-0.15703716499999132,0,0,0,0,0,0
1004,1,480,480,17.6980884955,-31.140469819499998,183.0,2.709971933572458,5.67041175982686,-8.16593258000001,-0.3140743300000004,0,0,0,0,0,0
1004,1,483,483,16.881495237499998,-31.1718772525,183.0,2.709971933572458,5.67041175982686,-8.322969745000002,-0.3140743300000004,0,0,0,0,0,0
1004,1,486,486,16.0334945465,-31.203284685499998,183.0,2.709971933572458,5.67041175982686,-8.322969744999993,-0.07851858249999566,0,0,0,0,0,0
1004,1,489,489,15.216901288499999,-31.187580969,182.5,2.709971933572458,5.67041175982686,-8.480006909999993,-0.23555574750000474,0,0,0,0,0,0
1004,1,492,492,14.3374931645,-31.250395835,182.5,2.709971933572458,5.67041175982686,-8.637044075000002,-0.15703716499999132,0,0,0,0,0,0
1004,1,495,495,13.489492473499999,-31.218988401999997,182.5,2.709971933572458,5.67041175982686,-8.480006910000002,0.0,0,0,0,0,0,0
1004,1,498,498,12.6414917825,-31.250395835,182.5,2.709971933572458,5.67041175982686,-7.537783919999992,-0.4711114950000095,0,0,0,0,0,0
1004,1,500,500,11.9819356895,-31.313210701,182.5,2.709971933572458,5.67041175982686,-7.537783920000001,-0.3140743300000004,0,0,0,0,0,0
1004,1,503,503,11.1339349985,-31.313210701,182.5,2.709971933572458,5.67041175982686,-8.637044075000002,0.0,0,0,0,0,0,0
1004,1,506,506,10.2545268745,-31.313210701,182.5,2.709971933572458,5.67041175982686,-8.637044075000002,-0.07851858249999566,0,0,0,0,0,0
1004,1,509,509,9.406526183499999,-31.3289144175,181.5,2.709971933572458,5.67041175982686,-8.637044075000002,-0.23555574750000474,0,0,0,0,0,0
1004,1,512,512,8.5271180595,-31.3603218505,181.5,2.709971933572458,5.67041175982686,-8.637044074999993,-0.4711114950000095,0,0,0,0,0,0
1004,1,515,515,7.6791173685,-31.4231367165,181.5,2.709971933572458,5.67041175982686,-8.951118404999999,-0.4711114949999917,0,0,0,0,0,0
1004,1,518,518,6.7368943785,-31.4545441495,181.5,2.709971933572458,5.67041175982686,-9.422229900000003,-0.3140743300000004,0,0,0,0,0,0
1004,1,521,521,5.794671388499999,-31.4859515825,181.5,2.709971933572458,5.67041175982686,-9.265192735,0.15703716499999132,0,0,0,0,0,0
1004,1,524,524,4.8838558315,-31.4231367165,181.5,2.709971933572458,5.67041175982686,-9.422229899999998,0.3140743300000004,0,0,0,0,0,0
1004,1,527,527,3.9102254084999997,-31.4231367165,181.5,2.709971933572458,5.67041175982686,-9.579267065,-0.15703716499999132,0,0,0,0,0,0
1004,1,530,530,2.9680024185,-31.4545441495,181.5,2.709971933572458,5.67041175982686,-9.422229899999998,-0.31407432999998264,0,0,0,0,0,0
1004,38,0,0,60.365086225999995,-10.929786684,57.0,0,0,0.942222990000019,1.570371650000002,0,0,0,0,0,0
1004,38,3,3,60.459308525,-10.772749519,57.0,0,0,0.942222990000019,1.570371650000002,0,0,0,0,0,0
1004,40,0,0,51.79870887525,-23.437796876249998,227.0,0,0,-0.5496300775000407,0.3925929124999783,0,0,0,0,0,0
1004,40,3,3,51.743745867499996,-23.398537585,231.5,0,0,-0.3925929125000138,0.4711114949999917,0,0,0,0,0,0
1004,40,6,6,51.72019029275,-23.34357457725,238.0,0,0,-0.4318522037499761,0.5496300775000051,0,0,0,0,0,0
1004,40,9,9,51.65737542675,-23.2886115695,247.5,0,0,-0.353333621250016,0.27481503875000257,0,0,0,0,0,0
1004,40,12,12,51.649523568499994,-23.2886115695,256.5,0,0,-0.07851858250003119,0.0,0,0,0,0,0,0
1004,40,15,15,51.641671710249994,-23.2886115695,272.5,0,0,0.31407433000001816,0.07851858249999566,0,0,0,0,0,0
1004,40,18,18,51.7123384345,-23.272907853,274.0,0,0,0.03925929124999783,0.07851858249999566,0,0,0,0,0,0
1004,40,21,21,51.649523568499994,-23.272907853,271.5,0,0,-0.15703716499999132,-0.3140743300000004,0,0,0,0,0,0
1004,40,24,24,51.6809310015,-23.335722719,273.5,0,0,0.4711114950000095,-0.15703716499999132,0,0,0,0,0,0
1004,40,27,27,51.743745867499996,-23.304315285999998,273.0,0,0,1.0992601549999748,0.39259291249999606,0,0,0,0,0,0
1004,40,30,30,51.900783032499994,-23.2572041365,271.5,0,0,1.3348159024999973,0.07851858249999566,0,0,0,0,0,0
1004,40,33,33,52.010709047999995,-23.2886115695,272.0,0,0,0.4711114950000095,-0.23555574749998698,0,0,0,0,0,0
1004,40,36,36,51.995005331499996,-23.304315285999998,270.5,0,0,-0.23555574749998698,-0.5496300775000051,0,0,0,0,0,0
1004,40,39,39,51.9635978985,-23.398537585,270.5,0,0,0.0,0.0,0,0,0,0,0,0
1004,40,42,42,51.995005331499996,-23.304315285999998,273.0,0,0,0.4711114950000095,0.07851858249999566,0,0,0,0,0,0
1004,40,45,45,52.0578201975,-23.3828338685,271.0,0,0,0.4711114950000095,-0.745926533750012,0,0,0,0,0,0
1004,40,48,48,52.0892276305,-23.45350059275,279.0,0,0,0.35333362124998047,-0.4711114949999917,0,0,0,0,0,0
1004,40,51,51,52.128486921749996,-23.4770561675,287.0,0,0,0.03925929124999783,-0.5888893687499852,0,0,0,0,0,0
1004,40,54,54,52.09707948875,-23.571278466499997,291.5,0,0,0.4711114950000095,-0.9422229900000012,0,0,0,0,0,0
1004,40,57,57,52.22270922075,-23.6655007655,293.0,0,0,0.23555574749998698,-0.9814822812500168,0,0,0,0,0,0
1004,40,60,60,52.144190638249995,-23.76757492275,294.5,0,0,-0.23555574749998698,-0.7851858249999921,0,0,0,0,0,0
1004,40,63,63,52.17559807125,-23.822537930499998,299.0,0,0,0.353333621250016,-0.4318522037499939,0,0,0,0,0,0
1004,40,66,66,52.2148573625,-23.8539453635,299.0,0,0,0.5103707862499718,-0.6281486600000008,0,0,0,0,0,0
1004,40,69,69,52.277672228499995,-23.948167662499998,299.0,0,0,0.6281486600000008,-1.2562973200000016,0,0,0,0,0,0
1004,40,72,72,52.3404870945,-24.1052048275,299.0,0,0,0.4711114950000095,-0.9422229900000012,0,0,0,0,0,0
1004,40,75,75,52.3718945275,-24.136612260499998,293.0,0,0,0.31407432999998264,-0.4711114949999917,0,0,0,0,0,0
1004,40,78,78,52.403301960499995,-24.199427126499998,293.0,0,0,0.0,-0.6674079512499986,0,0,0,0,0,0
1004,40,81,81,52.3718945275,-24.270093850749998,284.0,0,0,-0.31407432999998264,-0.7066672424999965,0,0,0,0,0,0
1004,40,84,84,52.3404870945,-24.340760574999997,284.0,0,0,-0.19629645624998915,-1.177778737500006,0,0,0,0,0,0
1004,40,87,87,52.33263523625,-24.50564959825,279.5,0,0,-0.07851858249999566,-1.177778737500006,0,0,0,0,0,0
1004,40,90,90,52.324783378,-24.5763163225,279.5,0,0,-0.5103707862500073,-0.8244451162500077,0,0,0,0,0,0
1004,40,93,93,52.230561079,-24.6705386215,279.5,0,0,-0.7851858249999921,-1.0992601549999925,0,0,0,0,0,0
1004,40,96,96,52.167746213,-24.796168353499997,279.5,0,0,-0.5103707862500073,-0.628148659999983,0,0,0,0,0,0
1004,40,99,99,52.128486921749996,-24.796168353499997,273.5,0,0,0.0,-0.4711114950000095,0,0,0,0,0,0
1004,40,102,102,52.167746213,-24.8903906525,273.5,0,0,-0.19629645624998915,-1.0992601550000103,0,0,0,0,0,0
1004,40,105,105,52.0892276305,-25.0160203845,273.5,0,0,0.07851858249999566,-1.2562973200000016,0,0,0,0,0,0
1004,40,108,108,52.1834499295,-25.1416501165,273.5,0,0,0.3925929125000138,-1.0992601549999925,0,0,0,0,0,0
1004,40,111,111,52.167746213,-25.235872415499998,267.5,0,0,-0.3925929125000138,-0.6281486600000008,0,0,0,0,0,0
1004,40,114,114,52.104931347,-25.2672798485,267.5,0,0,-0.4711114950000095,-0.3140743300000004,0,0,0,0,0,0
1004,40,117,117,52.073523914,-25.298687281499998,267.5,0,0,-0.4711114950000095,-0.15703716499999132,0,0,0,0,0,0
1004,40,120,120,52.010709047999995,-25.298687281499998,267.5,0,0,-0.31407433000001816,-0.3140743300000004,0,0,0,0,0,0
1004,40,123,123,52.010709047999995,-25.361502147499998,267.5,0,0,-0.9422229899999834,-0.3140743300000004,0,0,0,0,0,0
1004,40,126,126,51.82226445,-25.361502147499998,267.5,0,0,-1.7274088149999756,0.0,0,0,0,0,0,0
1004,40,129,129,51.665227285,-25.361502147499998,267.5,0,0,-1.2562973200000016,-0.4711114950000095,0,0,0,0,0,0
1004,40,132,132,51.571004986,-25.4557244465,267.5,0,0,-1.2562973200000016,-0.6281486600000008,0,0,0,0,0,0
1004,40,135,135,51.413967821,-25.487131879499998,267.5,0,0,-1.413334484999993,-0.3140743300000004,0,0,0,0,0,0
1004,40,138,138,51.288338089,-25.5185393125,267.0,0,0,-1.5703716500000198,-0.3140743300000004,0,0,0,0,0,0
1004,40,141,141,51.099893490999996,-25.549946745499998,267.0,0,0,-1.2562973200000016,-0.3140743300000004,0,0,0,0,0,0
1004,40,144,144,51.037078625,-25.5813541785,267.0,0,0,-1.2562973200000016,-0.4711114950000095,0,0,0,0,0,0
1004,40,147,147,50.848634026999996,-25.6441690445,267.0,0,0,-1.727408815000011,-0.4711114949999917,0,0,0,0,0,0
1004,40,150,150,50.691596862,-25.675576477499998,267.0,0,0,-1.2562973200000016,-0.15703716499999132,0,0,0,0,0,0
1004,40,153,153,50.597374562999995,-25.675576477499998,267.0,0,0,-0.6281486600000008,0.15703716499999132,0,0,0,0,0,0
1004,40,156,156,50.56596713,-25.6441690445,267.0,0,0,-0.6281486600000008,0.0,0,0,0,0,0,0
1004,40,159,159,50.471744830999995,-25.675576477499998,267.0,0,0,-0.7851858249999921,0.3140743300000004,0,0,0,0,0,0
1004,40,162,162,50.408929965,-25.5813541785,267.0,0,0,-0.15703716499999132,0.6281486600000008,0,0,0,0,0,0
1004,40,165,165,50.440337398,-25.549946745499998,267.0,0,0,0.15703716499999132,0.15703716500000908,0,0,0,0,0,0
1004,40,168,168,50.440337398,-25.549946745499998,267.0,0,0,0.0,0.0,0,0,0,0,0,0
1004,40,171,171,50.440337398,-25.549946745499998,267.0,0,0,0.0,0.0,0,0,0,0,0,0
1004,40,174,174,50.440337398,-25.549946745499998,267.0,0,0,0.0,0.0,0,0,0,0,0,0
1004,40,177,177,50.440337398,-25.549946745499998,267.0,0,0,0.0,0.0,0,0,0,0,0,0
1004,40,180,180,50.440337398,-25.549946745499998,267.0,0,0,0.0,0.0,0,0,0,0,0,0
1004,40,183,183,50.440337398,-25.549946745499998,267.0,0,0,0.0,-0.15703716500000908,0,0,0,0,0,0
1004,40,186,186,50.440337398,-25.5813541785,267.0,0,0,-0.15703716499999132,-0.3140743300000004,0,0,0,0,0,0
1004,40,189,189,50.408929965,-25.612761611499998,267.0,0,0,-0.7851858249999921,-0.4711114949999917,0,0,0,0,0,0
1004,40,192,192,50.283300233,-25.675576477499998,267.0,0,0,-0.6281486600000008,-0.7851858250000099,0,0,0,0,0,0
1004,40,195,195,50.283300233,-25.7697987765,267.0,0,0,-1.5703716500000198,-0.15703716500000908,0,0,0,0,0,0
1004,40,198,198,49.969225902999995,-25.7069839105,267.0,0,0,-1.5703716500000198,0.7851858250000099,0,0,0,0,0,0
1004,40,201,201,49.969225902999995,-25.612761611499998,267.0,0,0,-0.6281486600000008,0.4711114950000095,0,0,0,0,0,0
1004,40,204,204,49.843596170999994,-25.612761611499998,267.0,0,0,-0.6281486600000008,0.0,0,0,0,0,0,0
1004,40,207,207,49.843596170999994,-25.612761611499998,267.0,0,0,0.0,0.0,0,0,0,0,0,0
1004,40,210,210,49.843596170999994,-25.612761611499998,267.0,0,0,0.15703716500002685,-0.3140743300000004,0,0,0,0,0,0
1004,40,213,213,49.875003604,-25.675576477499998,267.0,0,0,-0.6281486600000008,-0.6281486600000008,0,0,0,0,0,0
1004,40,216,216,49.717966438999994,-25.7383913435,267.0,0,0,-0.6281486600000008,-0.7851858250000099,0,0,0,0,0,0
1004,40,219,219,49.749373872,-25.8326136425,267.0,0,0,0.4711114950000095,-0.7851858250000099,0,0,0,0,0,0
1004,40,222,222,49.812188737999996,-25.8954285085,267.0,0,0,0.6281486600000008,-0.6281486600000008,0,0,0,0,0,0
1004,40,225,225,49.875003604,-25.9582433745,267.0,0,0,0.6281486600000363,-0.6281486600000008,0,0,0,0,0,0
1004,41,0,0,47.30744595625,-25.282983565,55.5,0,0,1.3348159024999973,1.64889023249998,0,0,0,0,0,0
1004,41,3,3,47.4409275465,-25.11809454175,55.5,0,0,0.9814822812499813,1.570371650000002,0,0,0,0,0,0
1004,41,6,6,47.503742412499996,-24.968909234999998,55.5,0,0,0.9422229899999834,1.2170380287500038,0,0,0,0,0,0
1004,41,9,9,47.629372144499996,-24.874686936,55.5,0,0,0.7851858249999921,1.0992601549999925,0,0,0,0,0,0
1004,41,12,12,47.660779577499994,-24.749057204,55.5,0,0,0.31407433000001816,1.0992601550000103,0,0,0,0,0,0
1004,41,15,15,47.6921870105,-24.654834904999998,55.5,0,0,0.7851858250000276,1.570371650000002,0,0,0,0,0,0
1004,41,18,18,47.8178167425,-24.434982874,55.5,0,0,1.0992601549999748,1.413334484999993,0,0,0,0,0,0
1004,41,21,21,47.912039041499995,-24.372168008,55.5,0,0,1.0992601549999748,0.9422229900000012,0,0,0,0,0,0
1004,41,24,24,48.037668773499995,-24.246538276,55.5,0,0,1.2562973200000016,1.2562973200000016,0,0,0,0,0,0
1004,41,27,27,48.163298505499995,-24.120908544,55.5,0,0,1.0992601550000103,1.2562973200000016,0,0,0,0,0,0
1004,41,30,30,48.2575208045,-23.995278812,55.5,0,0,0.7851858250000276,1.0992601549999925,0,0,0,0,0,0
1004,41,33,33,48.3203356705,-23.901056513,55.5,0,0,0.942222990000019,0.7851858249999921,0,0,0,0,0,0
1004,41,36,36,48.4459654025,-23.838241647,55.5,0,0,1.2562973200000016,0.9422229900000012,0,0,0,0,0,0
1004,41,39,39,48.5715951345,-23.712611915,55.5,0,0,0.9422229899999834,1.2562973200000016,0,0,0,0,0,0
1004,41,42,42,48.6344100005,-23.586982183,55.5,0,0,1.2562973200000016,1.2562973200000016,0,0,0,0,0,0
1004,41,45,45,48.8228545985,-23.461352451,55.5,0,0,0.942222990000019,0.6281486600000008,0,0,0,0,0,0
1004,41,48,48,48.8228545985,-23.461352451,55.5,0,0,0.7851858249999921,0.6281486600000008,0,0,0,0,0,0
1004,41,51,51,48.9798917635,-23.335722719,55.5,0,0,1.256297319999966,0.9422229900000012,0,0,0,0,0,0
1004,41,54,54,49.074114062499994,-23.272907853,55.5,0,0,0.9422229899999834,0.981482281249999,0,0,0,0,0,0
1004,41,57,57,49.168336361499996,-23.13942626275,46.0,0,0,0.942222990000019,0.7851858250000099,0,0,0,0,0,0
1004,41,60,60,49.2625586605,-23.115870687999998,46.0,0,0,0.942222990000019,0.588889368750003,0,0,0,0,0,0
1004,41,63,63,49.3567809595,-23.021648389,42.5,0,0,0.9422229899999834,0.7851858249999921,0,0,0,0,0,0
1004,41,66,66,49.451003258499995,-22.958833523,42.5,0,0,1.0992601549999748,0.7851858250000099,0,0,0,0,0,0
1004,41,69,69,49.576632990499995,-22.864611223999997,39.0,0,0,0.942222990000019,0.9422229900000012,0,0,0,0,0,0
1004,41,72,72,49.6394478565,-22.770388925,39.0,0,0,1.2562973200000016,1.0992601549999925,0,0,0,0,0,0
1004,41,75,75,49.827892454499995,-22.644759193,39.0,0,0,1.2562973200000016,0.7851858249999921,0,0,0,0,0,0
1004,41,78,78,49.8907073205,-22.61335176,39.0,0,0,0.7851858250000276,0.15703716499999132,0,0,0,0,0,0
1004,41,81,81,49.9849296195,-22.61335176,39.0,0,0,1.0992601550000103,0.6281486600000008,0,0,0,0,0,0
1004,41,84,84,50.1105593515,-22.487722028,28.5,0,0,1.3348159024999973,0.588889368750003,0,0,0,0,0,0
1004,41,87,87,50.2518928,-22.49557388625,14.5,0,0,1.5311123587499864,-0.03925929124999783,0,0,0,0,0,0
1004,41,90,90,50.41678182325,-22.49557388625,7.5,0,0,0.8637044074999878,0.11777787375001125,0,0,0,0,0,0
1004,41,93,93,50.4246336815,-22.472018311499998,7.5,0,0,0.4711114950000095,0.03925929124999783,0,0,0,0,0,0
1004,41,96,96,50.51100412225,-22.487722028,5.5,0,0,1.177778737500006,0.39259291249999606,0,0,0,0,0,0
1004,41,99,99,50.660189429,-22.393499729,1.0,0,0,1.2170380287500038,0.4711114950000095,0,0,0,0,0,0
1004,41,102,102,50.754411728,-22.393499729,1.0,0,0,1.7274088149999756,0.4711114949999917,0,0,0,0,0,0
1004,41,105,105,51.005671191999994,-22.29927743,1.0,0,0,2.198520309999985,0.15703716499999132,0,0,0,0,0,0
1004,41,108,108,51.19411579,-22.362092296,1.0,0,0,1.5703716500000198,0.0,0,0,0,0,0,0
1004,41,111,111,51.319745522,-22.29927743,1.0,0,0,1.413334484999993,0.4711114950000095,0,0,0,0,0,0
1004,41,114,114,51.476782687,-22.267869997,1.0,0,0,1.0992601550000103,0.15703716500000908,0,0,0,0,0,0
1004,41,117,117,51.539597553,-22.267869997,1.0,0,0,1.2562973200000016,0.0,0,0,0,0,0,0
1004,41,120,120,51.728042151,-22.267869997,1.0,0,0,1.413334484999993,0.0,0,0,0,0,0,0
1004,41,123,123,51.82226445,-22.267869997,1.0,0,0,1.2562973200000016,0.0,0,0,0,0,0,0
1004,41,126,126,51.979301615,-22.267869997,1.0,0,0,1.2955566112499994,0.3140743300000004,0,0,0,0,0,0
1004,41,129,129,52.08137577225,-22.205055130999998,39.0,0,0,1.6488902325000154,0.6281486600000008,0,0,0,0,0,0
1004,41,132,132,52.3090796615,-22.142240264999998,39.0,0,0,1.609630941249982,0.4711114949999917,0,0,0,0,0,0
1004,41,135,135,52.403301960499995,-22.110832832,39.0,0,0,0.9422229899999834,0.6281486600000008,0,0,0,0,0,0
1004,41,138,138,52.4975242595,-22.016610532999998,39.0,0,0,1.4133344850000285,1.0992601550000103,0,0,0,0,0,0
1004,41,141,141,52.6859688575,-21.890980800999998,39.0,0,0,1.413334484999993,0.6281486600000008,0,0,0,0,0,0
1004,41,144,144,52.780191156499995,-21.890980800999998,39.0,0,0,1.256297319999966,0.6281486600000008,0,0,0,0,0,0
1004,41,147,147,52.937228321499994,-21.765351068999998,39.0,0,0,1.2562973200000016,0.6281486600000008,0,0,0,0,0,0
1004,41,150,150,53.031450620499996,-21.765351068999998,39.0,0,0,1.2562973200000016,0.4711114949999917,0,0,0,0,0,0
1004,41,153,153,53.188487785499994,-21.67112877,39.0,0,0,1.2562973200000016,0.9422229900000012,0,0,0,0,0,0
1004,41,156,156,53.282710084499996,-21.576906470999997,39.0,0,0,1.4133344850000285,0.9422229900000012,0,0,0,0,0,0
1004,41,159,159,53.4711546825,-21.482684172,42.5,0,0,1.2562973200000016,0.7851858249999921,0,0,0,0,0,0
1004,41,162,162,53.5339695485,-21.419869306,42.5,0,0,1.1777787374999704,0.5496300775000051,0,0,0,0,0,0
1004,41,165,165,53.706710429999994,-21.372758156499998,42.5,0,0,1.2955566112499994,0.9029636987500034,0,0,0,0,0,0
1004,41,168,168,53.793080870749996,-21.23927656625,47.5,0,0,0.9029636987500211,1.6881495237499955,0,0,0,0,0,0
1004,41,171,171,53.88730316975,-21.03512825175,47.5,0,0,1.1385194462500081,1.374075193749995,0,0,0,0,0,0
1004,41,174,174,54.02078476,-20.9644615275,47.5,0,0,1.4525937762499908,0.981482281249999,0,0,0,0,0,0
1004,41,177,177,54.177821924999996,-20.8388317955,47.5,0,0,1.413334484999993,0.9422229900000012,0,0,0,0,0,0
1004,41,180,180,54.303451657,-20.7760169295,47.5,0,0,1.2562973200000016,0.7851858249999921,0,0,0,0,0,0
1004,41,183,183,54.429081389,-20.6817946305,47.5,0,0,0.942222990000019,0.9422229900000012,0,0,0,0,0,0
1004,41,186,186,54.491896255,-20.5875723315,47.5,0,0,0.942222990000019,0.7851858250000099,0,0,0,0,0,0
1004,41,189,189,54.617525987,-20.5247574655,47.5,0,0,0.7851858249999921,0.6281486600000008,0,0,0,0,0,0
1004,41,192,192,54.64893342,-20.4619425995,60.5,0,0,0.9422229899999834,0.9029636987500034,0,0,0,0,0,0
1004,41,195,195,54.805970585,-20.344164725749998,60.5,0,0,1.413334484999993,1.0207415724999969,0,0,0,0,0,0
1004,41,198,198,54.931600317,-20.257794285,60.5,0,0,0.9422229899999834,1.2170380287500038,0,0,0,0,0,0
1004,41,201,201,54.994415182999994,-20.100757119999997,60.5,0,0,0.7851858249999921,1.413334484999993,0,0,0,0,0,0
1004,41,204,204,55.088637481999996,-19.975127388,60.5,0,0,0.942222990000019,1.2562973199999838,0,0,0,0,0,0
1004,41,207,207,55.182859781,-19.849497656,60.5,0,0,1.0992601550000103,0.6281486600000008,0,0,0,0,0,0
1004,41,210,210,55.308489513,-19.849497656,60.5,0,0,1.2562973200000016,0.9422229900000012,0,0,0,0,0,0
1004,41,213,213,55.434119245,-19.661053058,60.5,0,0,1.0992601550000103,1.2562973200000016,0,0,0,0,0,0
1004,41,216,216,55.528341544,-19.598238192,60.5,0,0,0.9422229899999834,0.3140743300000004,0,0,0,0,0,0
1004,41,219,219,55.622563842999995,-19.598238192,60.5,0,0,0.7851858249999921,0.9422229900000012,0,0,0,0,0,0
1004,41,222,222,55.685378709,-19.409793594,73.0,0,0,0.942222990000019,1.2562973200000016,0,0,0,0,0,0
1004,41,225,225,55.811008441,-19.346978728,73.0,0,0,1.0992601550000103,1.4133344850000107,0,0,0,0,0,0
1004,41,228,228,55.90523074,-19.127126696999998,73.0,0,0,0.9422229899999834,1.4133344850000107,0,0,0,0,0,0
1004,41,231,231,55.999453038999995,-19.064311830999998,73.0,0,0,0.6281486600000008,1.0992601549999925,0,0,0,0,0,0
1004,41,234,234,56.030860472,-18.907274666,73.0,0,0,0.6281486600000008,0.9422229900000012,0,0,0,0,0,0
1004,41,237,237,56.125082770999995,-18.875867232999997,81.0,0,0,1.2562973200000016,0.7066672424999965,0,0,0,0,0,0
1004,41,240,240,56.282119936,-18.7659412175,68.5,0,0,1.413334484999993,1.0207415724999969,0,0,0,0,0,0
1004,41,243,243,56.407749667999994,-18.671718918499998,68.5,0,0,1.060000863749977,1.2562973200000016,0,0,0,0,0,0
1004,41,246,246,56.494120108749996,-18.5146817535,66.0,0,0,0.942222990000019,1.2562973200000016,0,0,0,0,0,0
1004,41,249,249,56.596194266,-18.420459454499998,66.0,0,0,1.2955566112499994,0.6674079512499986,0,0,0,0,0,0
1004,41,252,252,56.753231430999996,-18.38120016325,82.5,0,0,1.2562973200000016,0.7066672424999965,0,0,0,0,0,0
1004,41,255,255,56.84745373,-18.279126006,72.0,0,0,0.7851858249999921,1.6096309412499998,0,0,0,0,0,0
1004,41,258,258,56.910268595999995,-18.059273975,72.0,0,0,1.0992601550000103,0.9422229900000012,0,0,0,0,0,0
1004,41,261,261,57.067305761,-18.090681408,86.5,0,0,0.7851858250000276,0.7066672424999965,0,0,0,0,0,0
1004,41,264,264,57.067305761,-17.9179405265,86.5,0,0,0.7851858249999921,0.8637044074999878,0,0,0,0,0,0
1004,41,267,267,57.224342926,-17.9179405265,86.5,0,0,1.5703716499999842,0.7851858250000099,0,0,0,0,0,0
1004,41,270,270,57.381380091,-17.7609033615,86.5,0,0,0.4711114950000095,1.4133344850000107,0,0,0,0,0,0
1004,41,273,273,57.318565225,-17.6352736295,86.5,0,0,-0.15703716499999132,0.9422229900000012,0,0,0,0,0,0
1004,41,276,276,57.349972658,-17.5724587635,86.5,0,0,1.0992601549999748,0.3140743300000004,0,0,0,0,0,0
1004,41,279,279,57.538417255999995,-17.5724587635,86.5,0,0,1.2562973200000016,1.2562973200000016,0,0,0,0,0,0
1004,41,282,282,57.601232122,-17.321199299499998,86.5,0,0,0.6281486600000008,1.2562973200000016,0,0,0,0,0,0
1004,41,285,285,57.664046987999996,-17.321199299499998,86.5,0,0,0.47111149499997396,1.0992601549999925,0,0,0,0,0,0
1004,41,288,288,57.695454420999994,-17.1013472685,86.5,0,0,0.0,1.570371650000002,0,0,0,0,0,0
1004,41,291,291,57.664046987999996,-17.007124969499998,86.5,0,0,0.7851858250000276,0.6281486600000008,0,0,0,0,0,0
1004,41,294,294,57.852491586,-16.9757175365,86.5,0,0,1.0992601550000103,0.9422229900000012,0,0,0,0,0,0
1004,41,297,297,57.883899019,-16.818680371499998,86.5,0,0,0.9422229899999834,0.9422229900000012,0,0,0,0,0,0
1004,41,300,300,58.040936183999996,-16.7872729385,86.5,0,0,0.7851858249999921,0.9422229899999834,0,0,0,0,0,0
1004,41,303,303,58.040936183999996,-16.6302357735,86.5,0,0,0.7851858249999921,1.0992601549999925,0,0,0,0,0,0
1004,41,306,306,58.197973348999994,-16.5674209075,86.5,0,0,0.7851858249999921,1.0992601550000103,0,0,0,0,0,0
1004,41,309,309,58.197973348999994,-16.4103837425,86.5,0,0,0.4711114950000095,0.6281486600000008,0,0,0,0,0,0
1004,41,312,312,58.292195647999996,-16.4417911755,86.5,0,0,0.6281486600000008,0.7851858249999921,0,0,0,0,0,0
1004,41,315,315,58.323603080999995,-16.2533465775,86.5,0,0,0.15703716499999132,1.8844459800000024,0,0,0,0,0,0
1004,41,318,318,58.323603080999995,-16.0649019795,86.5,0,0,0.4711114950000095,1.7274088150000022,0,0,0,0,0,0
1004,41,321,321,58.41782538,-15.9078648145,86.5,0,0,0.31407433000001816,1.4133344850000018,0,0,0,0,0,0
1004,41,324,324,58.386417947,-15.7822350825,86.5,0,0,-0.15703716499999132,1.2562973200000016,0,0,0,0,0,0
1004,41,327,327,58.386417947,-15.6566053505,86.5,0,0,0.0,0.9422229900000012,0,0,0,0,0,0
1004,41,330,330,58.386417947,-15.5937904845,86.5,0,0,0.15703716499999132,0.9422229900000012,0,0,0,0,0,0
1004,41,333,333,58.41782538,-15.4681607525,86.5,0,0,0.15703716499999132,1.2562973200000016,0,0,0,0,0,0
1004,41,336,336,58.41782538,-15.3425310205,86.5,0,0,0.0,1.2562973200000016,0,0,0,0,0,0
1004,41,339,339,58.41782538,-15.216901288499999,91.0,0,0,-0.5496300775000051,1.4133344850000018,0,0,0,0,0,0
1004,41,342,342,58.307899364499995,-15.059864123499999,91.0,0,0,-0.82444511624999,1.177778737499997,0,0,0,0,0,0
1004,41,345,345,58.25293635675,-14.981345541,101.5,0,0,-0.3925929124999783,1.177778737499997,0,0,0,0,0,0
1004,41,348,348,58.229380782,-14.824308376,101.5,0,0,-0.6281486600000008,1.570371650000002,0,0,0,0,0,0
1004,41,351,351,58.12730662475,-14.667271211,98.0,0,0,-1.2562973200000016,1.1385194462499992,0,0,0,0,0,0
1004,41,354,354,57.978121318,-14.59660448675,98.0,0,0,-1.0600008637500125,1.177778737499997,0,0,0,0,0,0
1004,41,357,357,57.915306451999996,-14.4317154635,99.0,0,0,-0.6281486600000008,0.981482281249999,0,0,0,0,0,0
1004,41,360,360,57.852491586,-14.4003080305,98.0,0,0,-0.4711114950000095,0.7066672425000053,0,0,0,0,0,0
1004,41,363,363,57.821084152999994,-14.290382014999999,97.5,0,0,-0.353333621250016,1.4918530675000063,0,0,0,0,0,0
1004,41,366,366,57.781824861749996,-14.101937416999998,97.5,0,0,-0.15703716499999132,1.413334484999993,0,0,0,0,0,0
1004,41,369,369,57.789676719999996,-14.007715118,97.5,0,0,0.0,1.2562973199999927,0,0,0,0,0,0
1004,41,372,372,57.781824861749996,-13.850677953,97.5,0,0,-0.07851858249999566,0.785185825000001,0,0,0,0,0,0
1004,41,375,375,57.7739730035,-13.850677953,96.0,0,0,0.27481503875002034,0.785185825000001,0,0,0,0,0,0
1004,41,378,378,57.8367878695,-13.693640788,96.0,0,0,-0.15703716499999132,1.2562973200000016,0,0,0,0,0,0
1004,41,381,381,57.7425655705,-13.599418489,91.5,0,0,-0.43185220375001165,1.0992601550000014,0,0,0,0,0,0
1004,41,384,384,57.75041742875,-13.473788757,91.5,0,0,-0.31407433000001816,1.2562973200000016,0,0,0,0,0,0
1004,41,387,387,57.679750704499995,-13.348159025,91.5,0,0,-0.4711114950000095,1.0992601550000014,0,0,0,0,0,0
1004,41,390,390,57.656195129749996,-13.253936726,91.5,0,0,-0.31407432999998264,0.9422229900000012,0,0,0,0,0,0
1004,41,393,393,57.6169358385,-13.159714426999999,91.5,0,0,-0.15703716499999132,0.785185825000001,0,0,0,0,0,0
1004,41,396,396,57.62478769675,-13.096899560999999,91.5,0,0,0.0,1.2562973200000016,0,0,0,0,0,0
1004,41,399,399,57.6169358385,-12.908454962999999,91.5,0,0,0.15703716499999132,1.2562973200000016,0,0,0,0,0,0
1004,41,402,402,57.656195129749996,-12.845640096999999,91.5,0,0,0.19629645624998915,0.3140743300000004,0,0,0,0,0,0
1004,41,405,405,57.656195129749996,-12.845640096999999,91.5,0,0,0.0,0.3140743300000004,0,0,0,0,0,0
1004,41,408,408,57.656195129749996,-12.782825230999999,91.5,0,0,-0.03925929124999783,0.7851858249999921,0,0,0,0,0,0
1004,41,411,411,57.648343271499996,-12.688602932,91.5,0,0,0.0,0.7851858249999921,0,0,0,0,0,0
1004,41,414,414,57.656195129749996,-12.625788066,91.5,0,0,0.0,0.9422229900000012,0,0,0,0,0,0
1004,41,417,417,57.648343271499996,-12.500158334,91.5,0,0,-0.03925929124999783,0.6281486600000008,0,0,0,0,0,0
1004,41,420,420,57.648343271499996,-12.500158334,91.5,0,0,0.0,0.1570371650000002,0,0,0,0,0,0
1004,41,423,423,57.648343271499996,-12.468750901,91.5,0,0,-0.11777787374999349,0.1570371650000002,0,0,0,0,0,0
1004,41,426,426,57.62478769675,-12.468750901,91.5,0,0,-0.31407432999998264,0.0,0,0,0,0,0,0
1004,41,429,429,57.5855284055,-12.468750901,91.5,0,0,-0.19629645624998915,0.0,0,0,0,0,0,0
1004,41,432,432,57.5855284055,-12.468750901,91.5,0,0,0.03925929124999783,0.0,0,0,0,0,0,0
1004,41,435,435,57.59338026375,-12.468750901,91.5,0,0,0.0,0.0,0,0,0,0,0,0
1004,41,438,438,57.5855284055,-12.468750901,91.5,0,0,-0.03925929124999783,-0.3140743300000004,0,0,0,0,0,0
1004,41,441,441,57.5855284055,-12.531565767,91.5,0,0,0.0,-0.3140743300000004,0,0,0,0,0,0
1004,41,444,444,57.5855284055,-12.531565767,91.5,0,0,0.0,-0.3140743300000004,0,0,0,0,0,0
1004,41,447,447,57.5855284055,-12.594380633,91.5,0,0,0.0,-0.3140743300000004,0,0,0,0,0,0
1004,41,450,450,57.5855284055,-12.594380633,91.5,0,0,0.03925929124999783,0.0,0,0,0,0,0,0
1004,41,453,453,57.59338026375,-12.594380633,91.5,0,0,0.0,0.0,0,0,0,0,0,0
1004,41,456,456,57.5855284055,-12.594380633,91.5,0,0,0.0,0.0,0,0,0,0,0,0
1004,41,459,459,57.59338026375,-12.594380633,91.5,0,0,0.0,0.0,0,0,0,0,0,0
1004,41,462,462,57.5855284055,-12.594380633,91.5,0,0,0.0,0.0,0,0,0,0,0,0
1004,41,465,465,57.59338026375,-12.594380633,91.5,0,0,-0.27481503875002034,0.1570371650000002,0,0,0,0,0,0
1004,41,468,468,57.530565397749996,-12.5629732,91.5,0,0,-0.353333621250016,0.6281486600000008,0,0,0,0,0,0
1004,41,471,471,57.522713539499996,-12.468750901,91.5,0,0,-0.03925929124999783,0.4711114950000006,0,0,0,0,0,0
1004,41,474,474,57.522713539499996,-12.468750901,91.5,0,0,0.15703716499999132,0.6281486600000008,0,0,0,0,0,0
1004,41,477,477,57.554120972499994,-12.343121169,91.5,0,0,0.15703716499999132,0.6281486600000008,0,0,0,0,0,0
1004,41,480,480,57.554120972499994,-12.343121169,91.5,0,0,0.31407433000001816,0.4711114950000006,0,0,0,0,0,0
1004,41,483,483,57.6169358385,-12.24889887,91.5,0,0,0.6674079512499986,0.785185825000001,0,0,0,0,0,0
1004,41,486,486,57.687602562749994,-12.186084004,91.5,0,0,0.31407432999998264,1.0992601550000014,0,0,0,0,0,0
1004,41,489,489,57.679750704499995,-12.029046839,91.5,0,0,0.15703716500002685,0.9422229900000012,0,0,0,0,0,0
1004,41,492,492,57.71900999575,-11.997639406,91.5,0,0,0.7851858250000276,0.9422229900000012,0,0,0,0,0,0
1004,41,495,495,57.8367878695,-11.840602241,91.5,0,0,0.7851858249999921,1.0992601550000014,0,0,0,0,0,0
1004,41,498,498,57.87604716075,-11.777787374999999,91.5,0,0,0.47111149499997396,0.785185825000001,0,0,0,0,0,0
1004,41,500,500,57.931010168499995,-11.683565075999999,91.5,0,0,0.4711114950000095,0.9422229900000012,0,0,0,0,0,0
1004,41,503,503,57.97026945975,-11.589342776999999,91.5,0,0,0.4711114950000095,1.0992601550000014,0,0,0,0,0,0
1004,41,506,506,58.0252324675,-11.463713044999999,91.5,0,0,0.6281486600000008,1.0992601549999925,0,0,0,0,0,0
1004,41,509,509,58.09589919175,-11.369490746,91.5,0,0,0.7851858249999921,1.2562973199999927,0,0,0,0,0,0
1004,41,512,512,58.182269632499995,-11.212453581,91.5,0,0,0.7851858249999921,1.4133344850000018,0,0,0,0,0,0
1004,41,515,515,58.25293635675,-11.086823849,91.5,0,0,0.4711114950000095,1.4133344850000018,0,0,0,0,0,0
1004,41,518,518,58.2764919315,-10.929786684,91.5,0,0,0.6281486600000008,1.4133344850000018,0,0,0,0,0,0
1004,41,521,521,58.37856608875,-10.804156952,91.5,0,0,0.5103707862500073,1.0992601550000014,0,0,0,0,0,0
1004,41,524,524,58.37856608875,-10.709934653,91.5,0,0,0.0,0.9422229900000012,0,0,0,0,0,0
1004,39,0,0,58.323603080999995,-54.177821924999996,89.5,0,0,0.0,1.2562973200000016,0,0,0,0,0,0
1004,39,3,3,58.323603080999995,-54.052192192999996,89.5,0,0,-0.7851858249999921,2.198520309999985,0,0,0,0,0,0
1004,39,6,6,58.166565915999996,-53.738117863,89.5,0,0,-0.6281486600000008,2.826668969999986,0,0,0,0,0,0
1004,39,9,9,58.197973348999994,-53.486858399,89.5,0,0,-0.4711114950000095,2.355557475000012,0,0,0,0,0,0
1004,39,12,12,58.072343616999994,-53.267006368,89.5,0,0,-0.6281486600000008,2.355557475000012,0,0,0,0,0,0
1004,39,15,15,58.072343616999994,-53.015746904,89.5,0,0,-0.31407432999998264,2.355557475000012,0,0,0,0,0,0
1004,39,18,18,58.009528751,-52.795894872999995,89.5,0,0,-0.9422229899999834,2.355557475000012,0,0,0,0,0,0
1004,39,21,21,57.883899019,-52.544635408999994,89.5,0,0,-0.6281486600000008,2.3555574749999764,0,0,0,0,0,0
1004,39,24,24,57.883899019,-52.324783378,89.5,0,0,0.31407432999998264,2.5125946399999677,0,0,0,0,0,0
1004,39,27,27,57.946713884999994,-52.042116481,89.5,0,0,0.31407432999998264,2.1985203100000206,0,0,0,0,0,0
1004,39,30,30,57.946713884999994,-51.885079315999995,89.5,0,0,-0.15703716499999132,2.355557475000012,0,0,0,0,0,0
1004,39,33,33,57.915306451999996,-51.571004986,89.5,0,0,-1.413334484999993,3.4548176299999867,0,0,0,0,0,0
1004,39,36,36,57.664046987999996,-51.19411579,89.5,0,0,-1.5703716499999842,2.1985203100000206,0,0,0,0,0,0
1004,39,39,39,57.601232122,-51.131300923999994,89.5,0,0,-0.31407432999998264,1.8844459800000024,0,0,0,0,0,0
1004,39,42,42,57.601232122,-50.817226594,89.5,0,0,-0.15703716499999132,2.983706134999977,0,0,0,0,0,0
1004,39,45,45,57.569824689,-50.534559697,89.5,0,0,-0.31407433000001816,2.826668969999986,0,0,0,0,0,0
1004,39,48,48,57.538417255999995,-50.2518928,89.5,0,0,-0.4711114950000095,2.6696318049999945,0,0,0,0,0,0
1004,39,51,51,57.47560239,-50.000633336,89.5,0,0,-0.7851858249999921,2.66963180500003,0,0,0,0,0,0
1004,39,54,54,57.381380091,-49.717966438999994,89.5,0,0,-1.2562973200000016,2.6696318049999945,0,0,0,0,0,0
1004,39,57,57,57.224342926,-49.466706975,89.5,0,0,-1.2562973200000016,2.5125946399999677,0,0,0,0,0,0
1004,39,60,60,57.130120627,-49.215447511,89.5,0,0,-1.2562973200000016,2.0414831450000293,0,0,0,0,0,0
1004,39,63,63,56.973083462,-49.058410345999995,89.5,0,0,-0.7851858249999921,2.512594640000003,0,0,0,0,0,0
1004,39,66,66,56.973083462,-48.712928583,89.5,0,0,-0.31407433000001816,2.198520309999985,0,0,0,0,0,0
1004,39,69,69,56.910268595999995,-48.618706284,89.5,0,0,-0.7851858249999921,2.1985203100000206,0,0,0,0,0,0
1004,39,72,72,56.816046297,-48.273224520999996,89.5,0,0,-1.5703716499999842,3.2977804649999953,0,0,0,0,0,0
1004,39,75,75,56.596194266,-47.959150191,89.5,0,0,-1.727408815000011,3.140743300000004,0,0,0,0,0,0
1004,39,78,78,56.470564534,-47.645075860999995,89.5,0,0,-0.7851858249999921,2.1985203100000206,0,0,0,0,0,0
1004,39,81,81,56.439157101,-47.519446128999995,89.5,0,0,-0.6281486600000008,2.198520309999985,0,0,0,0,0,0
1004,39,84,84,56.344934802,-47.205371799,89.5,0,0,-1.0992601550000103,2.826668969999986,0,0,0,0,0,0
1004,39,87,87,56.21930507,-46.954112335,89.5,0,0,-0.7851858249999921,2.198520309999985,0,0,0,0,0,0
1004,39,90,90,56.187897637,-46.765667737,89.5,0,0,-0.9422229899999834,2.355557475000012,0,0,0,0,0,0
1004,39,93,93,56.030860472,-46.483000839999995,89.5,0,0,-1.2562973200000016,2.355557475000012,0,0,0,0,0,0
1004,39,96,96,55.936638173,-46.294556242,89.5,0,0,-0.7851858250000276,1.8844459800000024,0,0,0,0,0,0
1004,39,99,99,55.873823306999995,-46.106111643999995,89.5,0,0,-0.7851858249999921,2.6696318049999945,0,0,0,0,0,0
1004,39,102,102,55.779601008,-45.760629881,89.5,0,0,-1.2562973200000016,3.2977804649999953,0,0,0,0,0,0
1004,39,105,105,55.622563842999995,-45.446555550999996,89.5,0,0,-1.2562973200000016,3.6118547950000135,0,0,0,0,0,0
1004,39,108,108,55.528341544,-45.038258922,89.5,0,0,-0.6281486600000008,3.140743300000004,0,0,0,0,0,0
1004,39,111,111,55.496934110999995,-44.818406890999995,89.5,0,0,-0.7851858250000276,2.826668969999986,0,0,0,0,0,0
1004,39,114,114,55.371304378999994,-44.472925128,89.5,0,0,-0.7851858249999921,2.983706134999977,0,0,0,0,0,0
1004,39,117,117,55.339896945999996,-44.221665664,89.5,0,0,-0.7851858249999921,2.8266689700000214,0,0,0,0,0,0
1004,39,120,120,55.214267213999996,-43.907591333999996,89.5,0,0,-0.31407432999998264,2.9837061350000127,0,0,0,0,0,0
1004,39,123,123,55.27708208,-43.624924437,89.5,0,0,0.31407433000001816,3.140743300000004,0,0,0,0,0,0
1004,39,126,126,55.27708208,-43.279442673999995,89.5,0,0,-0.7851858250000276,3.6118547950000135,0,0,0,0,0,0
1004,39,129,129,55.120044914999994,-42.902553477999994,89.5,0,0,-0.6281486600000008,3.4548176299999867,0,0,0,0,0,0
1004,39,132,132,55.151452348,-42.588479148,89.5,0,0,-0.31407432999998264,3.4548176299999867,0,0,0,0,0,0
1004,39,135,135,55.057230049,-42.211589952,89.5,0,0,-0.6281486600000008,3.925929124999996,0,0,0,0,0,0
1004,39,138,138,55.025822616,-41.803293323,89.5,0,0,0.31407432999998264,2.9837061350000127,0,0,0,0,0,0
1004,39,141,141,55.120044914999994,-41.614848724999995,89.5,0,0,0.15703716499999132,2.6696318049999945,0,0,0,0,0,0
1004,39,144,144,55.057230049,-41.269366962,89.5,0,0,-0.9422229899999834,3.7688919599999693,0,0,0,0,0,0
1004,39,147,147,54.931600317,-40.861070333,89.5,0,0,-0.7851858249999921,3.6118547950000135,0,0,0,0,0,0
1004,39,150,150,54.900192884,-40.546996003,89.5,0,0,-0.4711114950000095,2.9837061350000127,0,0,0,0,0,0
1004,39,153,153,54.837378017999995,-40.264329106,89.5,0,0,-0.4711114950000095,3.768891960000005,0,0,0,0,0,0
1004,39,156,156,54.805970585,-39.793217610999996,89.5,0,0,-0.47111149499997396,3.768891960000005,0,0,0,0,0,0
1004,39,159,159,54.743155719,-39.510550714,89.5,0,0,-0.15703716499999132,3.611854794999978,0,0,0,0,0,0
1004,39,162,162,54.774563152,-39.070846652,89.5,0,0,-0.7851858250000276,4.0829662899999875,0,0,0,0,0,0
1004,39,165,165,54.586118553999995,-38.693957456,89.5,0,0,-1.2562973200000016,3.6118547950000135,0,0,0,0,0,0
1004,39,168,168,54.523303688,-38.348475693,89.5,0,0,-0.47111149499997396,3.2977804649999953,0,0,0,0,0,0
1004,39,171,171,54.491896255,-38.034401363,89.5,0,0,0.0,3.6118547950000135,0,0,0,0,0,0
1004,39,174,174,54.523303688,-37.626104733999995,89.5,0,0,0.0,3.454817630000022,0,0,0,0,0,0
1004,39,177,177,54.491896255,-37.343437836999996,89.5,0,0,-0.4711114950000095,2.983706134999977,0,0,0,0,0,0
1004,39,180,180,54.429081389,-37.029363507,89.5,0,0,-0.942222990000019,3.611854794999978,0,0,0,0,0,0
1004,39,183,183,54.303451657,-36.621066878,89.5,0,0,-0.9422229899999834,3.140743300000004,0,0,0,0,0,0
1004,39,186,186,54.240636791,-36.401214847,86.5,0,0,-0.7851858249999921,3.6118547950000135,0,0,0,0,0,0
1004,39,189,189,54.146414492,-35.898695919,86.5,0,0,-0.4711114950000095,3.925929124999996,0,0,0,0,0,0
1004,39,192,192,54.146414492,-35.616029022,90.0,0,0,0.0,2.512594640000003,0,0,0,0,0,0
1004,39,195,195,54.146414492,-35.396176991,90.0,0,0,0.0,2.6696318049999945,0,0,0,0,0,0
1004,39,198,198,54.146414492,-35.082102661,90.0,0,0,-0.31407433000001816,3.925929124999996,0,0,0,0,0,0
1004,39,201,201,54.083599625999994,-34.610991166,90.0,0,0,-0.7851858249999921,3.768891960000005,0,0,0,0,0,0
1004,39,204,204,53.989377327,-34.328324269,90.0,0,0,-0.9422229899999834,2.826668969999986,0,0,0,0,0,0
1004,39,207,207,53.895155028,-34.045657372,90.0,0,0,-0.4711114950000095,2.9837061350000127,0,0,0,0,0,0
1004,39,210,210,53.895155028,-33.731583042,90.0,0,0,0.0,3.2977804649999953,0,0,0,0,0,0
1004,39,213,213,53.895155028,-33.386101279,90.0,0,0,0.31407432999998264,3.140743300000004,0,0,0,0,0,0
1004,39,216,216,53.957969893999994,-33.103434381999996,90.0,0,0,-0.31407433000001816,3.768891960000005,0,0,0,0,0,0
1004,39,219,219,53.832340161999994,-32.632322887,90.0,0,0,-0.9422229899999834,3.611854794999978,0,0,0,0,0,0
1004,39,222,222,53.769525296,-32.381063423,90.0,0,0,-0.15703716499999132,2.355557475000012,0,0,0,0,0,0
1004,39,225,225,53.800932728999996,-32.161211392,90.0,0,0,0.15703716499999132,2.9837061350000127,0,0,0,0,0,0
1004,39,228,228,53.800932728999996,-31.784322195999998,90.0,0,0,0.0,3.2977804649999953,0,0,0,0,0,0
1004,39,231,231,53.800932728999996,-31.501655299,90.0,0,0,0.4711114950000095,2.512594640000003,0,0,0,0,0,0
1004,39,234,234,53.895155028,-31.281803267999997,90.0,0,0,0.4711114950000095,2.6696318050000123,0,0,0,0,0,0
1004,39,237,237,53.895155028,-30.967728937999997,90.0,0,0,-0.15703716499999132,3.1407432999999862,0,0,0,0,0,0
1004,39,240,240,53.863747595,-30.653654608,90.0,0,0,-0.4711114950000095,2.826668969999986,0,0,0,0,0,0
1004,39,243,243,53.800932728999996,-30.402395144,90.0,0,0,-0.31407433000001816,2.8266689700000036,0,0,0,0,0,0
1004,39,246,246,53.800932728999996,-30.088320814,90.0,0,0,0.4711114950000095,2.6696318050000123,0,0,0,0,0,0
1004,39,249,249,53.895155028,-29.868468782999997,90.0,0,0,0.7851858249999921,2.512594640000003,0,0,0,0,0,0
1004,39,252,252,53.957969893999994,-29.585801886,90.0,0,0,0.4711114950000095,2.5125946399999854,0,0,0,0,0,0
1004,39,255,255,53.989377327,-29.365949855,90.0,0,0,0.15703716500002685,2.512594640000003,0,0,0,0,0,0
1004,39,258,258,53.989377327,-29.083282957999998,90.0,0,0,-0.31407433000001816,2.355557475000012,0,0,0,0,0,0
1004,39,261,261,53.926562460999996,-28.894838359999998,90.0,0,0,-0.31407433000001816,2.198520310000003,0,0,0,0,0,0
1004,39,264,264,53.926562460999996,-28.643578895999998,90.0,0,0,0.31407433000001816,2.6696318049999945,0,0,0,0,0,0
1004,39,267,267,53.989377327,-28.360911999,90.0,0,0,0.942222990000019,2.6696318049999945,0,0,0,0,0,0
1004,39,270,270,54.115007059,-28.109652535,90.0,0,0,0.7851858249999921,1.8844459800000024,0,0,0,0,0,0
1004,39,273,273,54.146414492,-27.984022803,90.0,0,0,-0.31407433000001816,1.8844459800000024,0,0,0,0,0,0
1004,39,276,276,54.052192192999996,-27.732763338999998,90.0,0,0,-0.6281486600000008,2.198520310000003,0,0,0,0,0,0
1004,39,279,279,54.02078476,-27.544318740999998,90.0,0,0,0.0,1.7274088149999933,0,0,0,0,0,0
1004,39,282,282,54.052192192999996,-27.387281576,90.0,0,0,0.31407432999998264,1.2562973200000016,0,0,0,0,0,0
1004,39,285,285,54.083599625999994,-27.293059276999998,90.0,0,0,0.15703716499999132,1.4133344850000107,0,0,0,0,0,0
1004,39,288,288,54.083599625999994,-27.104614678999997,90.0,0,0,0.0,2.0414831449999937,0,0,0,0,0,0
1004,39,291,291,54.083599625999994,-26.884762648,90.0,0,0,0.942222990000019,1.7274088149999933,0,0,0,0,0,0
1004,39,294,294,54.272044224,-26.759132916,90.0,0,0,1.0992601550000103,1.413334484999993,0,0,0,0,0,0
1004,39,297,297,54.303451657,-26.602095751,90.0,0,0,0.31407432999998264,1.413334484999993,0,0,0,0,0,0
1004,39,300,300,54.334859089999995,-26.476466019,90.0,0,0,0.6281486600000008,1.8844459800000024,0,0,0,0,0,0
1004,39,303,303,54.429081389,-26.225206555,90.0,0,0,0.4711114950000095,2.198520310000003,0,0,0,0,0,0
1004,39,306,306,54.429081389,-26.036761957,90.0,0,0,-0.15703716499999132,1.4133344850000107,0,0,0,0,0,0
1004,39,309,309,54.397673956,-25.942539657999998,90.0,0,0,-0.15703716499999132,0.4711114950000095,0,0,0,0,0,0
1004,39,312,312,54.397673956,-25.942539657999998,90.0,0,0,0.15703716499999132,1.0992601549999925,0,0,0,0,0,0
1004,39,315,315,54.429081389,-25.722687627,90.0,0,0,0.31407432999998264,2.355557474999994,0,0,0,0,0,0
1004,39,318,318,54.460488821999995,-25.471428163,90.0,0,0,0.6281486600000008,2.0414831449999937,0,0,0,0,0,0
1004,39,321,321,54.554711121,-25.314390998,90.0,0,0,0.7851858250000276,1.570371650000002,0,0,0,0,0,0
1004,39,324,324,54.617525987,-25.157353833,90.0,0,0,0.4711114950000095,1.0992601550000103,0,0,0,0,0,0
1004,39,327,327,54.64893342,-25.094538967,90.0,0,0,0.47111149499997396,1.0992601549999925,0,0,0,0,0,0
1004,39,330,330,54.711748285999995,-24.937501802,90.0,0,0,0.6281486600000008,1.8844459800000024,0,0,0,0,0,0
1004,39,333,333,54.774563152,-24.717649770999998,90.0,0,0,0.4711114950000095,2.0414831450000115,0,0,0,0,0,0
1004,39,336,336,54.805970585,-24.529205172999998,90.0,0,0,0.31407432999998264,1.7274088149999933,0,0,0,0,0,0
1004,39,339,339,54.837378017999995,-24.372168008,90.0,0,0,0.15703716499999132,0.7851858249999921,0,0,0,0,0,0
1004,39,342,342,54.837378017999995,-24.372168008,90.0,0,0,-0.47111149499997396,1.2562973200000016,0,0,0,0,0,0
1004,39,345,345,54.743155719,-24.120908544,90.0,0,0,-0.15703716499999132,2.0414831449999937,0,0,0,0,0,0
1004,39,348,348,54.805970585,-23.963871379,90.0,0,0,0.47111149499997396,2.355557474999994,0,0,0,0,0,0
1004,39,351,351,54.837378017999995,-23.649797049,90.0,0,0,0.15703716499999132,1.570371650000002,0,0,0,0,0,0
1004,39,354,354,54.837378017999995,-23.649797049,90.0,0,0,0.0,0.7851858250000099,0,0,0,0,0,0
1004,39,357,357,54.837378017999995,-23.492759883999998,90.0,0,0,0.0,1.8844459800000024,0,0,0,0,0,0
1004,39,360,360,54.837378017999995,-23.272907853,90.0,0,0,0.15703716500002685,2.198520310000003,0,0,0,0,0,0
1004,39,363,363,54.868785451,-23.053055821999997,90.0,0,0,0.15703716500002685,1.8844459800000024,0,0,0,0,0,0
1004,39,366,366,54.868785451,-22.896018657,90.0,0,0,0.15703716499999132,1.0992601549999925,0,0,0,0,0,0
1004,39,369,369,54.900192884,-22.833203791,90.0,0,0,0.47111149499997396,1.2562973200000016,0,0,0,0,0,0
1004,39,372,372,54.963007749999996,-22.644759193,90.0,0,0,0.31407432999998264,2.0414831449999937,0,0,0,0,0,0
1004,39,375,375,54.963007749999996,-22.424907162,90.0,0,0,0.31407433000001816,2.198520310000003,0,0,0,0,0,0
1004,39,378,378,55.025822616,-22.205055130999998,90.0,0,0,0.7851858249999921,0.9422229900000012,0,0,0,0,0,0
1004,39,381,381,55.120044914999994,-22.236462564,90.0,0,0,0.9422229899999834,0.9422229900000012,0,0,0,0,0,0
1004,39,384,384,55.214267213999996,-22.016610532999998,90.0,0,0,0.7851858250000276,1.8844459800000024,0,0,0,0,0,0
1004,39,387,387,55.27708208,-21.859573368,90.0,0,0,0.4711114950000095,2.0414831449999937,0,0,0,0,0,0
1004,39,390,390,55.308489513,-21.608313904,90.0,0,0,0.47111149499997396,2.0414831450000115,0,0,0,0,0,0
1004,39,393,393,55.371304378999994,-21.451276738999997,90.0,0,0,0.7851858249999921,1.7274088149999933,0,0,0,0,0,0
1004,39,396,396,55.465526677999996,-21.262832141,90.0,0,0,0.6281486600000008,1.413334484999993,0,0,0,0,0,0
1004,39,399,399,55.496934110999995,-21.168609842,90.0,0,0,0.4711114950000095,1.8844459800000024,0,0,0,0,0,0
1004,39,402,402,55.559748977,-20.885942945,90.0,0,0,0.6281486600000008,2.0414831449999937,0,0,0,0,0,0
1004,39,405,405,55.622563842999995,-20.760313213,90.0,0,0,0.6281486600000008,1.727408815000011,0,0,0,0,0,0
1004,39,408,408,55.685378709,-20.540461181999998,90.0,0,0,0.6281486600000008,1.8844459800000024,0,0,0,0,0,0
1004,39,411,411,55.748193574999995,-20.383424017,90.0,0,0,0.6281486600000008,0.9422229900000012,0,0,0,0,0,0
1004,39,414,414,55.811008441,-20.352016583999998,55.5,0,0,0.03925929124999783,1.0207415724999969,0,0,0,0,0,0
1004,39,417,417,55.756045433249994,-20.1792757025,60.0,0,0,0.35333362124998047,1.962964562499998,0,0,0,0,0,0
1004,39,420,420,55.881675165249995,-19.959423671499998,86.0,0,0,0.6674079512499986,1.6488902324999977,0,0,0,0,0,0
1004,39,423,423,55.889527023499994,-19.849497656,86.0,0,0,0.19629645625002468,1.0207415724999969,0,0,0,0,0,0
1004,39,426,426,55.9209344565,-19.755275357,86.0,0,0,0.4711114950000095,1.570371650000002,0,0,0,0,0,0
1004,39,429,429,55.983749322499996,-19.535423326,86.0,0,0,0.47111149499997396,1.8844459800000024,0,0,0,0,0,0
1004,39,432,432,56.015156755499994,-19.378386160999998,86.0,0,0,0.4711114950000095,1.0992601550000103,0,0,0,0,0,0
1004,39,435,435,56.0779716215,-19.315571294999998,86.0,0,0,0.31407433000001816,0.6281486600000008,0,0,0,0,0,0
1004,39,438,438,56.0779716215,-19.252756428999998,86.0,0,0,0.31407432999998264,1.0992601549999925,0,0,0,0,0,0
1004,39,441,441,56.140786487499994,-19.095719264,86.0,0,0,0.588889368750003,1.7274088149999933,0,0,0,0,0,0
1004,39,444,444,56.19574949525,-18.907274666,88.0,0,0,0.27481503875002034,0.9422229900000012,0,0,0,0,0,0
1004,39,447,447,56.19574949525,-18.907274666,88.0,0,0,0.19629645624998915,0.7851858249999921,0,0,0,0,0,0
1004,39,450,450,56.235008786499996,-18.750237501,88.0,0,0,0.82444511624999,1.570371650000002,0,0,0,0,0,0
1004,39,453,453,56.3606385185,-18.593200336,88.0,0,0,0.4711114950000095,1.727408815000011,0,0,0,0,0,0
1004,39,456,456,56.3292310855,-18.404755738,88.0,0,0,0.31407433000001816,1.7274088149999933,0,0,0,0,0,0
1004,39,459,459,56.4234533845,-18.247718573,88.0,0,0,0.7851858249999921,1.8844459800000024,0,0,0,0,0,0
1004,39,462,462,56.4862682505,-18.027866541999998,88.0,0,0,0.47111149499997396,1.8844459800000024,0,0,0,0,0,0
1004,39,465,465,56.517675683499995,-17.870829377,88.0,0,0,0.4711114950000095,1.7274088149999933,0,0,0,0,0,0
1004,39,468,468,56.5804905495,-17.682384779,88.0,0,0,0.31407433000001816,1.2562973200000016,0,0,0,0,0,0
1004,39,471,471,56.5804905495,-17.619569913,88.0,0,0,0.0,0.9422229900000012,0,0,0,0,0,0
1004,39,474,474,56.5804905495,-17.493940181,88.0,0,0,0.23555574749998698,1.4918530675000063,0,0,0,0,0,0
1004,39,477,477,56.627601698999996,-17.321199299499998,90.0,0,0,0.23555574749998698,1.3348159024999973,0,0,0,0,0,0
1004,39,480,480,56.627601698999996,-17.2269770005,90.0,0,0,0.15703716499999132,1.0992601549999925,0,0,0,0,0,0
1004,39,483,483,56.659009131999994,-17.1013472685,90.0,0,0,0.0,1.727408815000011,0,0,0,0,0,0
1004,39,486,486,56.627601698999996,-16.881495237499998,90.0,0,0,-0.15703716499999132,1.8844459800000024,0,0,0,0,0,0
1004,39,489,489,56.627601698999996,-16.7244580725,90.0,0,0,0.0,1.7274088149999933,0,0,0,0,0,0
1004,39,492,492,56.627601698999996,-16.5360134745,90.0,0,0,0.15703716499999132,1.413334484999993,0,0,0,0,0,0
1004,39,495,495,56.659009131999994,-16.4417911755,90.0,0,0,0.15703716499999132,1.413334484999993,0,0,0,0,0,0
1004,39,498,498,56.659009131999994,-16.2533465775,90.0,0,0,0.0,1.2562973200000016,0,0,0,0,0,0
1004,39,500,500,56.659009131999994,-16.1905317115,90.0,0,0,0.0,1.4133344850000018,0,0,0,0,0,0
1004,39,503,503,56.659009131999994,-15.9706796805,90.0,0,0,0.0,1.4133344850000018,0,0,0,0,0,0
1004,39,506,506,56.659009131999994,-15.9078648145,90.0,0,0,0.0,0.9422229900000012,0,0,0,0,0,0
1004,39,509,509,56.659009131999994,-15.7822350825,90.0,0,0,0.0,1.2562973200000016,0,0,0,0,0,0
1004,39,512,512,56.659009131999994,-15.6566053505,90.0,0,0,0.0,1.8844459800000024,0,0,0,0,0,0
1004,39,515,515,56.659009131999994,-15.4053458865,90.0,0,0,0.0,2.0414831450000026,0,0,0,0,0,0
1004,39,518,518,56.659009131999994,-15.248308721499999,90.0,0,0,0.0,1.2562973200000016,0,0,0,0,0,0
1004,39,521,521,56.659009131999994,-15.154086422499999,90.0,0,0,0.0,0.9422229900000012,0,0,0,0,0,0
1004,39,524,524,56.659009131999994,-15.059864123499999,90.0,0,0,0.15703716500002685,1.7274088150000022,0,0,0,0,0,0
1004,39,527,527,56.690416565,-14.808604659499998,90.0,0,0,0.0,2.0414831449999937,0,0,0,0,0,0
1004,39,530,530,56.659009131999994,-14.6515674945,90.0,0,0,-0.15703716500002685,1.413334484999993,0,0,0,0,0,0
1004,39,533,533,56.659009131999994,-14.5259377625,90.0,0,0,0.0,1.2562973200000016,0,0,0,0,0,0
1004,39,536,536,56.659009131999994,-14.4003080305,90.0,0,0,-0.31407432999998264,1.4133344850000018,0,0,0,0,0,0
1004,39,539,539,56.596194266,-14.2432708655,90.0,0,0,-0.31407432999998264,1.4133344850000018,0,0,0,0,0,0
1004,39,542,542,56.596194266,-14.1176411335,90.0,0,0,0.0,1.4133344850000018,0,0,0,0,0,0
1004,39,545,545,56.596194266,-13.9606039685,90.0,0,0,0.15703716499999132,1.4133344850000018,0,0,0,0,0,0
1004,39,548,548,56.627601698999996,-13.834974236499999,90.0,0,0,0.15703716499999132,1.4133344850000018,0,0,0,0,0,0
1004,39,551,551,56.627601698999996,-13.677937071499999,90.0,0,0,0.15703716499999132,1.2562973200000016,0,0,0,0,0,0
1004,39,554,554,56.659009131999994,-13.583714772499999,90.0,0,0,0.6281486600000008,1.2562973200000016,0,0,0,0,0,0
1004,39,557,557,56.753231430999996,-13.426677607499999,90.0,0,0,0.7851858250000276,1.2562973199999927,0,0,0,0,0,0
1004,39,560,560,56.816046297,-13.3324553085,90.0,0,0,0.4711114950000095,0.9422229899999923,0,0,0,0,0,0
1004,39,563,563,56.84745373,-13.2382330095,90.0,0,0,0.6281486600000008,1.4133344850000018,0,0,0,0,0,0
1004,39,566,566,56.941676029,-13.0497884115,90.0,0,0,0.6281486600000008,1.570371650000002,0,0,0,0,0,0
1004,39,569,569,56.973083462,-12.9241586795,90.0,0,0,0.47111149499997396,1.8844459800000024,0,0,0,0,0,0
1004,39,572,572,57.035898327999995,-12.6728992155,90.0,0,0,0.9422229899999834,1.4133344850000018,0,0,0,0,0,0
1004,39,575,575,57.161528059999995,-12.6414917825,90.0,0,0,0.942222990000019,0.9422229900000012,0,0,0,0,0,0
1004,39,578,578,57.224342926,-12.484454617499999,90.0,0,0,0.7851858250000276,1.0992601550000014,0,0,0,0,0,0
1004,39,581,581,57.318565225,-12.421639751499999,90.0,0,0,0.9422229899999834,0.9422229900000012,0,0,0,0,0,0
1004,39,584,584,57.412787523999995,-12.296010019499999,90.0,0,0,0.9422229899999834,1.0992601550000014,0,0,0,0,0,0
1004,39,587,587,57.507009823,-12.201787720499999,90.0,0,0,1.2562973200000016,0.9422229900000012,0,0,0,0,0,0
1004,39,590,590,57.664046987999996,-12.107565421499999,90.0,0,0,0.9422229899999834,1.0992601549999925,0,0,0,0,0,0
1004,39,593,593,57.695454420999994,-11.9819356895,90.0,0,0,0.4711114950000095,0.9422229899999923,0,0,0,0,0,0
1004,39,596,596,57.758269287,-11.9191208235,90.0,0,0,0.4711114950000095,1.0992601550000014,0,0,0,0,0,0
1004,39,599,599,57.789676719999996,-11.7620836585,90.0,0,0,0.7851858249999921,1.570371650000002,0,0,0,0,0,0
1004,39,602,602,57.915306451999996,-11.6050464935,90.0,0,0,1.0992601550000103,1.570371650000002,0,0,0,0,0,0
1004,39,605,605,58.009528751,-11.4480093285,90.0,0,0,0.942222990000019,1.0992601550000014,0,0,0,0,0,0
1004,39,608,608,58.10375105,-11.3851944625,90.0,0,0,0.7851858249999921,1.0992601550000014,0,0,0,0,0,0
1004,39,611,611,58.166565915999996,-11.2281572975,90.0,0,0,0.31407432999998264,1.4133344850000018,0,0,0,0,0,0
1004,39,614,614,58.166565915999996,-11.102527565499999,90.0,0,0,0.4711114950000095,0.785185825000001,0,0,0,0,0,0
1004,39,617,617,58.260788215,-11.071120132499999,90.0,0,0,0.942222990000019,0.3140743300000004,0,0,0,0,0,0
1004,9,0,0,21.8752770845,-26.853355214999997,181.0,2.4813859802594416,5.465705542843007,-0.6281486600000008,0.0,0,0,0,0,0,0
1004,9,3,3,21.8124622185,-26.853355214999997,181.0,2.4813859802594416,5.465705542843007,-0.3140743300000004,0.0,0,0,0,0,0,0
1004,9,6,6,21.8124622185,-26.853355214999997,181.0,2.4813859802594416,5.465705542843007,0.0,0.0,0,0,0,0,0,0
1004,9,9,9,21.8124622185,-26.853355214999997,181.0,2.4813859802594416,5.465705542843007,0.0,0.0,0,0,0,0,0,0
1004,9,12,12,21.8124622185,-26.853355214999997,181.0,2.4813859802594416,5.465705542843007,0.3140743300000004,-0.4711114950000095,0,0,0,0,0,0
1004,9,15,15,21.8752770845,-26.947577514,181.0,2.4813859802594416,5.465705542843007,0.3140743300000004,-0.4711114950000095,0,0,0,0,0,0
1004,9,18,18,21.8752770845,-26.947577514,181.0,2.4813859802594416,5.465705542843007,0.0,0.0,0,0,0,0,0,0
1004,9,21,21,21.8752770845,-26.947577514,181.0,2.4813859802594416,5.465705542843007,0.15703716500000908,0.0,0,0,0,0,0,0
1004,9,24,24,21.9066845175,-26.947577514,181.0,2.4813859802594416,5.465705542843007,0.15703716500000908,0.0,0,0,0,0,0,0
1004,9,27,27,21.9066845175,-26.947577514,181.0,2.4813859802594416,5.465705542843007,0.15703716499999132,-0.3140743300000004,0,0,0,0,0,0
1004,9,30,30,21.9380919505,-27.01039238,181.0,2.4813859802594416,5.465705542843007,0.15703716499999132,-0.3140743300000004,0,0,0,0,0,0
1004,9,33,33,21.9380919505,-27.01039238,181.0,2.4813859802594416,5.465705542843007,0.15703716500000908,0.0,0,0,0,0,0,0
1004,9,36,36,21.9694993835,-27.01039238,181.0,2.4813859802594416,5.465705542843007,0.15703716500000908,0.0,0,0,0,0,0,0
1004,9,39,39,21.9694993835,-27.01039238,181.0,2.4813859802594416,5.465705542843007,0.0,0.0,0,0,0,0,0,0
1004,9,42,42,21.9694993835,-27.01039238,181.0,2.4813859802594416,5.465705542843007,0.0,0.0,0,0,0,0,0,0
1004,9,45,45,21.9694993835,-27.01039238,181.0,2.4813859802594416,5.465705542843007,0.0,0.0,0,0,0,0,0,0
1004,9,48,48,21.9694993835,-27.01039238,181.0,2.4813859802594416,5.465705542843007,0.0,0.0,0,0,0,0,0,0
1004,9,51,51,21.9694993835,-27.01039238,181.0,2.4813859802594416,5.465705542843007,0.0,0.0,0,0,0,0,0,0
1004,9,54,54,21.9694993835,-27.01039238,181.0,2.4813859802594416,5.465705542843007,-0.4711114950000095,-0.15703716499999132,0,0,0,0,0,0
1004,9,57,57,21.8752770845,-27.041799812999997,181.0,2.4813859802594416,5.465705542843007,-0.4711114950000095,-0.15703716499999132,0,0,0,0,0,0
1004,9,60,60,21.8752770845,-27.041799812999997,181.0,2.4813859802594416,5.465705542843007,0.0,0.0,0,0,0,0,0,0
1004,9,63,63,21.8752770845,-27.041799812999997,181.0,2.4813859802594416,5.465705542843007,0.0,0.0,0,0,0,0,0,0
1004,9,66,66,21.8752770845,-27.041799812999997,181.0,2.4813859802594416,5.465705542843007,0.0,0.0,0,0,0,0,0,0
1004,9,69,69,21.8752770845,-27.041799812999997,181.0,2.4813859802594416,5.465705542843007,0.0,0.0,0,0,0,0,0,0
1004,9,72,72,21.8752770845,-27.041799812999997,181.0,2.4813859802594416,5.465705542843007,0.0,0.0,0,0,0,0,0,0
1004,9,75,75,21.8752770845,-27.041799812999997,181.0,2.4813859802594416,5.465705542843007,0.0,0.0,0,0,0,0,0,0
1004,9,78,78,21.8752770845,-27.041799812999997,181.0,2.4813859802594416,5.465705542843007,0.0,0.0,0,0,0,0,0,0
1004,9,81,81,21.8752770845,-27.041799812999997,181.0,2.4813859802594416,5.465705542843007,-0.4711114949999917,-0.15703716500000908,0,0,0,0,0,0
1004,9,84,84,21.7810547855,-27.073207246,181.0,2.4813859802594416,5.465705542843007,-0.4711114949999917,-0.15703716500000908,0,0,0,0,0,0
1004,9,87,87,21.7810547855,-27.073207246,181.0,2.4813859802594416,5.465705542843007,0.0,0.0,0,0,0,0,0,0
1004,9,90,90,21.7810547855,-27.073207246,181.0,2.4813859802594416,5.465705542843007,-0.15703716500000908,0.15703716500000908,0,0,0,0,0,0
1004,9,93,93,21.7496473525,-27.041799812999997,181.0,2.4813859802594416,5.465705542843007,-0.15703716500000908,0.15703716500000908,0,0,0,0,0,0
1004,9,96,96,21.7496473525,-27.041799812999997,181.0,2.4813859802594416,5.465705542843007,0.0,0.0,0,0,0,0,0,0
1004,9,99,99,21.7496473525,-27.041799812999997,181.0,2.4813859802594416,5.465705542843007,0.0,0.0,0,0,0,0,0,0
1004,9,102,102,21.7496473525,-27.041799812999997,181.0,2.4813859802594416,5.465705542843007,0.0,-0.15703716500000908,0,0,0,0,0,0
1004,9,105,105,21.7496473525,-27.073207246,181.0,2.4813859802594416,5.465705542843007,0.0,-0.15703716500000908,0,0,0,0,0,0
1004,9,108,108,21.7496473525,-27.073207246,181.0,2.4813859802594416,5.465705542843007,0.15703716500000908,-0.3140743300000004,0,0,0,0,0,0
1004,9,111,111,21.7810547855,-27.136022112,181.0,2.4813859802594416,5.465705542843007,0.15703716500000908,-0.3140743300000004,0,0,0,0,0,0
1004,9,114,114,21.7810547855,-27.136022112,181.0,2.4813859802594416,5.465705542843007,0.0,0.0,0,0,0,0,0,0
1004,9,117,117,21.7810547855,-27.136022112,181.0,2.4813859802594416,5.465705542843007,0.0,0.0,0,0,0,0,0,0
1004,9,120,120,21.7810547855,-27.136022112,181.0,2.4813859802594416,5.465705542843007,0.0,0.0,0,0,0,0,0,0
1004,9,123,123,21.7810547855,-27.136022112,181.0,2.4813859802594416,5.465705542843007,0.0,0.0,0,0,0,0,0,0
1004,9,126,126,21.7810547855,-27.136022112,181.0,2.4813859802594416,5.465705542843007,0.0,0.0,0,0,0,0,0,0
1004,9,129,129,21.7810547855,-27.136022112,181.0,2.4813859802594416,5.465705542843007,0.0,0.0,0,0,0,0,0,0
1004,9,132,132,21.7810547855,-27.136022112,181.0,2.4813859802594416,5.465705542843007,0.3140743300000004,0.0,0,0,0,0,0,0
1004,9,135,135,21.8438696515,-27.136022112,181.0,2.4813859802594416,5.465705542843007,0.6281486600000008,0.0,0,0,0,0,0,0
1004,9,138,138,21.9066845175,-27.136022112,181.0,2.4813859802594416,5.465705542843007,0.3140743300000004,0.0,0,0,0,0,0,0
1004,9,141,141,21.9066845175,-27.136022112,181.0,2.4813859802594416,5.465705542843007,0.15703716499999132,0.0,0,0,0,0,0,0
1004,9,144,144,21.9380919505,-27.136022112,181.0,2.4813859802594416,5.465705542843007,0.15703716499999132,0.0,0,0,0,0,0,0
1004,9,147,147,21.9380919505,-27.136022112,181.0,2.4813859802594416,5.465705542843007,0.0,0.0,0,0,0,0,0,0
1004,9,150,150,21.9380919505,-27.136022112,181.0,2.4813859802594416,5.465705542843007,0.0,0.0,0,0,0,0,0,0
1004,9,153,153,21.9380919505,-27.136022112,181.0,2.4813859802594416,5.465705542843007,0.0,0.0,0,0,0,0,0,0
1004,9,156,156,21.9380919505,-27.136022112,181.0,2.4813859802594416,5.465705542843007,0.0,0.0,0,0,0,0,0,0
1004,9,159,159,21.9380919505,-27.136022112,181.0,2.4813859802594416,5.465705542843007,0.0,0.0,0,0,0,0,0,0
1004,9,162,162,21.9380919505,-27.136022112,181.0,2.4813859802594416,5.465705542843007,0.0,0.0,0,0,0,0,0,0
1004,9,165,165,21.9380919505,-27.136022112,181.0,2.4813859802594416,5.465705542843007,0.3140743300000004,0.15703716500000908,0,0,0,0,0,0
1004,9,168,168,22.0009068165,-27.104614678999997,181.0,2.4813859802594416,5.465705542843007,0.4711114950000095,0.15703716500000908,0,0,0,0,0,0
1004,9,171,171,22.0323142495,-27.104614678999997,181.0,2.4813859802594416,5.465705542843007,0.15703716500000908,0.0,0,0,0,0,0,0
1004,9,174,174,22.0323142495,-27.104614678999997,181.0,2.4813859802594416,5.465705542843007,0.15703716499999132,-0.3140743300000004,0,0,0,0,0,0
1004,9,177,177,22.0637216825,-27.167429544999997,181.0,2.4813859802594416,5.465705542843007,0.15703716499999132,-0.3140743300000004,0,0,0,0,0,0
1004,9,180,180,22.0637216825,-27.167429544999997,181.0,2.4813859802594416,5.465705542843007,0.4711114949999917,0.0,0,0,0,0,0,0
1004,9,183,183,22.157943981499997,-27.167429544999997,181.0,2.4813859802594416,5.465705542843007,0.4711114949999917,0.0,0,0,0,0,0,0
1004,9,186,186,22.157943981499997,-27.167429544999997,181.0,2.4813859802594416,5.465705542843007,0.15703716500000908,-0.15703716500000908,0,0,0,0,0,0
1004,9,189,189,22.1893514145,-27.198836978,181.0,2.4813859802594416,5.465705542843007,0.15703716500000908,-0.15703716500000908,0,0,0,0,0,0
1004,9,192,192,22.1893514145,-27.198836978,181.0,2.4813859802594416,5.465705542843007,0.0,0.0,0,0,0,0,0,0
1004,9,195,195,22.1893514145,-27.198836978,181.0,2.4813859802594416,5.465705542843007,0.0,0.0,0,0,0,0,0,0
1004,9,198,198,22.1893514145,-27.198836978,181.0,2.4813859802594416,5.465705542843007,0.0,0.0,0,0,0,0,0,0
1004,9,201,201,22.1893514145,-27.198836978,181.0,2.4813859802594416,5.465705542843007,0.0,0.0,0,0,0,0,0,0
1004,9,204,204,22.1893514145,-27.198836978,181.0,2.4813859802594416,5.465705542843007,0.0,0.0,0,0,0,0,0,0
1004,9,207,207,22.1893514145,-27.198836978,181.0,2.4813859802594416,5.465705542843007,0.0,-0.3140743300000004,0,0,0,0,0,0
1004,9,210,210,22.1893514145,-27.261651844,181.0,2.4813859802594416,5.465705542843007,0.0,-0.3140743300000004,0,0,0,0,0,0
1004,9,213,213,22.1893514145,-27.261651844,181.0,2.4813859802594416,5.465705542843007,0.0,0.0,0,0,0,0,0,0
1004,9,216,216,22.1893514145,-27.261651844,181.0,2.4813859802594416,5.465705542843007,0.15703716499999132,0.15703716500000908,0,0,0,0,0,0
1004,9,219,219,22.220758847499997,-27.230244410999997,181.0,2.4813859802594416,5.465705542843007,0.15703716499999132,0.15703716500000908,0,0,0,0,0,0
1004,9,222,222,22.220758847499997,-27.230244410999997,181.0,2.4813859802594416,5.465705542843007,0.0,0.0,0,0,0,0,0,0
1004,9,225,225,22.220758847499997,-27.230244410999997,181.0,2.4813859802594416,5.465705542843007,0.0,0.0,0,0,0,0,0,0
1004,9,228,228,22.220758847499997,-27.230244410999997,181.0,2.4813859802594416,5.465705542843007,0.0,0.0,0,0,0,0,0,0
1004,9,231,231,22.220758847499997,-27.230244410999997,181.0,2.4813859802594416,5.465705542843007,0.0,0.0,0,0,0,0,0,0
1004,9,234,234,22.220758847499997,-27.230244410999997,181.0,2.4813859802594416,5.465705542843007,0.0,0.0,0,0,0,0,0,0
1004,9,237,237,22.220758847499997,-27.230244410999997,181.0,2.4813859802594416,5.465705542843007,-0.15703716499999132,0.0,0,0,0,0,0,0
1004,9,240,240,22.1893514145,-27.230244410999997,181.0,2.4813859802594416,5.465705542843007,-0.15703716499999132,-0.15703716500000908,0,0,0,0,0,0
1004,9,243,243,22.1893514145,-27.261651844,181.0,2.4813859802594416,5.465705542843007,0.0,-0.15703716500000908,0,0,0,0,0,0
1004,9,246,246,22.1893514145,-27.261651844,181.0,2.4813859802594416,5.465705542843007,0.0,0.0,0,0,0,0,0,0
1004,9,249,249,22.1893514145,-27.261651844,181.0,2.4813859802594416,5.465705542843007,0.4711114949999917,0.0,0,0,0,0,0,0
1004,9,252,252,22.283573713499997,-27.261651844,181.0,2.4813859802594416,5.465705542843007,0.4711114949999917,0.0,0,0,0,0,0,0
1004,9,255,255,22.283573713499997,-27.261651844,181.0,2.4813859802594416,5.465705542843007,0.0,0.0,0,0,0,0,0,0
1004,9,258,258,22.283573713499997,-27.261651844,181.0,2.4813859802594416,5.465705542843007,0.0,0.0,0,0,0,0,0,0
1004,9,261,261,22.283573713499997,-27.261651844,181.0,2.4813859802594416,5.465705542843007,0.3140743300000004,0.0,0,0,0,0,0,0
1004,9,264,264,22.346388579499997,-27.261651844,181.0,2.4813859802594416,5.465705542843007,0.3140743300000004,0.0,0,0,0,0,0,0
1004,9,267,267,22.346388579499997,-27.261651844,181.0,2.4813859802594416,5.465705542843007,0.0,0.0,0,0,0,0,0,0
1004,9,270,270,22.346388579499997,-27.261651844,181.0,2.4813859802594416,5.465705542843007,-0.3140743300000004,-0.15703716499999132,0,0,0,0,0,0
1004,9,273,273,22.283573713499997,-27.293059276999998,181.0,2.4813859802594416,5.465705542843007,-0.3140743300000004,-0.15703716499999132,0,0,0,0,0,0
1004,9,276,276,22.283573713499997,-27.293059276999998,181.0,2.4813859802594416,5.465705542843007,0.0,0.0,0,0,0,0,0,0
1004,9,279,279,22.283573713499997,-27.293059276999998,181.0,2.4813859802594416,5.465705542843007,0.3140743300000004,0.0,0,0,0,0,0,0
1004,9,282,282,22.346388579499997,-27.293059276999998,181.0,2.4813859802594416,5.465705542843007,0.3140743300000004,0.0,0,0,0,0,0,0
1004,9,285,285,22.346388579499997,-27.293059276999998,181.0,2.4813859802594416,5.465705542843007,0.0,0.0,0,0,0,0,0,0
1004,9,288,288,22.346388579499997,-27.293059276999998,181.0,2.4813859802594416,5.465705542843007,0.0,0.0,0,0,0,0,0,0
1004,9,291,291,22.346388579499997,-27.293059276999998,181.0,2.4813859802594416,5.465705542843007,0.3140743300000004,0.0,0,0,0,0,0,0
1004,9,294,294,22.409203445499998,-27.293059276999998,181.0,2.4813859802594416,5.465705542843007,0.3140743300000004,0.0,0,0,0,0,0,0
1004,9,297,297,22.409203445499998,-27.293059276999998,181.0,2.4813859802594416,5.465705542843007,0.6281486600000008,0.0,0,0,0,0,0,0
1004,9,300,300,22.534833177499998,-27.293059276999998,181.0,2.4813859802594416,5.465705542843007,0.6281486600000008,0.0,0,0,0,0,0,0
1004,9,303,303,22.534833177499998,-27.293059276999998,181.0,2.4813859802594416,5.465705542843007,0.15703716500000908,0.0,0,0,0,0,0,0
1004,9,306,306,22.5662406105,-27.293059276999998,181.0,2.4813859802594416,5.465705542843007,0.15703716500000908,0.0,0,0,0,0,0,0
1004,9,309,309,22.5662406105,-27.293059276999998,181.0,2.4813859802594416,5.465705542843007,0.0,0.0,0,0,0,0,0,0
1004,9,312,312,22.5662406105,-27.293059276999998,181.0,2.4813859802594416,5.465705542843007,0.0,0.3140743300000004,0,0,0,0,0,0
1004,9,315,315,22.5662406105,-27.230244410999997,181.0,2.4813859802594416,5.465705542843007,0.0,0.3140743300000004,0,0,0,0,0,0
1004,9,318,318,22.5662406105,-27.230244410999997,181.0,2.4813859802594416,5.465705542843007,0.0,0.0,0,0,0,0,0,0
1004,9,321,321,22.5662406105,-27.230244410999997,181.0,2.4813859802594416,5.465705542843007,0.0,0.0,0,0,0,0,0,0
1004,9,324,324,22.5662406105,-27.230244410999997,181.0,2.4813859802594416,5.465705542843007,0.15703716499999132,0.0,0,0,0,0,0,0
1004,9,327,327,22.597648043499998,-27.230244410999997,181.0,2.4813859802594416,5.465705542843007,0.15703716499999132,0.0,0,0,0,0,0,0
1004,9,330,330,22.597648043499998,-27.230244410999997,181.0,2.4813859802594416,5.465705542843007,-0.4711114949999917,0.0,0,0,0,0,0,0
1004,9,333,333,22.5034257445,-27.230244410999997,181.0,2.4813859802594416,5.465705542843007,-0.4711114949999917,0.0,0,0,0,0,0,0
1004,9,336,336,22.5034257445,-27.230244410999997,181.0,2.4813859802594416,5.465705542843007,0.0,0.15703716499999132,0,0,0,0,0,0
1004,9,339,339,22.5034257445,-27.198836978,181.0,2.4813859802594416,5.465705542843007,0.0,0.15703716499999132,0,0,0,0,0,0
1004,9,342,342,22.5034257445,-27.198836978,181.0,2.4813859802594416,5.465705542843007,-0.3140743300000004,0.0,0,0,0,0,0,0
1004,9,345,345,22.4406108785,-27.198836978,181.0,2.4813859802594416,5.465705542843007,-0.3140743300000004,0.0,0,0,0,0,0,0
1004,9,348,348,22.4406108785,-27.198836978,181.0,2.4813859802594416,5.465705542843007,0.0,0.0,0,0,0,0,0,0
1004,9,351,351,22.4406108785,-27.198836978,181.0,2.4813859802594416,5.465705542843007,-0.6281486600000008,0.3140743300000004,0,0,0,0,0,0
1004,9,354,354,22.3149811465,-27.136022112,181.0,2.4813859802594416,5.465705542843007,-0.6281486600000008,0.3140743300000004,0,0,0,0,0,0
1004,9,357,357,22.3149811465,-27.136022112,181.0,2.4813859802594416,5.465705542843007,-0.6281486600000008,0.15703716500000908,0,0,0,0,0,0
1004,9,360,360,22.1893514145,-27.104614678999997,181.0,2.4813859802594416,5.465705542843007,-0.6281486600000008,0.15703716500000908,0,0,0,0,0,0
1004,9,363,363,22.1893514145,-27.104614678999997,181.0,2.4813859802594416,5.465705542843007,0.4711114949999917,0.0,0,0,0,0,0,0
1004,9,366,366,22.283573713499997,-27.104614678999997,181.0,2.4813859802594416,5.465705542843007,0.4711114949999917,0.0,0,0,0,0,0,0
1004,9,369,369,22.283573713499997,-27.104614678999997,181.0,2.4813859802594416,5.465705542843007,0.15703716500000908,0.0,0,0,0,0,0,0
1004,9,372,372,22.3149811465,-27.104614678999997,181.0,2.4813859802594416,5.465705542843007,0.15703716500000908,0.0,0,0,0,0,0,0
1004,9,375,375,22.3149811465,-27.104614678999997,181.0,2.4813859802594416,5.465705542843007,0.3140743300000004,0.0,0,0,0,0,0,0
1004,9,378,378,22.3777960125,-27.104614678999997,181.0,2.4813859802594416,5.465705542843007,0.3140743300000004,0.0,0,0,0,0,0,0
1004,9,381,381,22.3777960125,-27.104614678999997,181.0,2.4813859802594416,5.465705542843007,0.0,0.0,0,0,0,0,0,0
1004,9,384,384,22.3777960125,-27.104614678999997,181.0,2.4813859802594416,5.465705542843007,0.0,0.0,0,0,0,0,0,0
1004,9,387,387,22.3777960125,-27.104614678999997,181.0,2.4813859802594416,5.465705542843007,0.0,0.0,0,0,0,0,0,0
1004,9,390,390,22.3777960125,-27.104614678999997,181.0,2.4813859802594416,5.465705542843007,0.0,0.0,0,0,0,0,0,0
1004,9,393,393,22.3777960125,-27.104614678999997,181.0,2.4813859802594416,5.465705542843007,-0.15703716500000908,0.0,0,0,0,0,0,0
1004,9,396,396,22.346388579499997,-27.104614678999997,181.0,2.4813859802594416,5.465705542843007,-0.15703716500000908,0.0,0,0,0,0,0,0
1004,9,399,399,22.346388579499997,-27.104614678999997,181.0,2.4813859802594416,5.465705542843007,0.0,0.15703716499999132,0,0,0,0,0,0
1004,9,402,402,22.346388579499997,-27.073207246,181.0,2.4813859802594416,5.465705542843007,0.0,0.15703716499999132,0,0,0,0,0,0
1004,9,405,405,22.346388579499997,-27.073207246,181.0,2.4813859802594416,5.465705542843007,0.4711114950000095,0.0,0,0,0,0,0,0
1004,9,408,408,22.4406108785,-27.073207246,181.0,2.4813859802594416,5.465705542843007,0.4711114950000095,0.0,0,0,0,0,0,0
1004,9,411,411,22.4406108785,-27.073207246,181.0,2.4813859802594416,5.465705542843007,0.0,0.0,0,0,0,0,0,0
1004,9,414,414,22.4406108785,-27.073207246,181.0,2.4813859802594416,5.465705542843007,0.0,0.0,0,0,0,0,0,0
1004,9,417,417,22.4406108785,-27.073207246,181.0,2.4813859802594416,5.465705542843007,0.0,0.0,0,0,0,0,0,0
1004,9,420,420,22.4406108785,-27.073207246,181.0,2.4813859802594416,5.465705542843007,0.0,0.0,0,0,0,0,0,0
1004,9,423,423,22.4406108785,-27.073207246,181.0,2.4813859802594416,5.465705542843007,0.0,0.0,0,0,0,0,0,0
1004,9,426,426,22.4406108785,-27.073207246,181.0,2.4813859802594416,5.465705542843007,0.0,0.0,0,0,0,0,0,0
1004,9,429,429,22.4406108785,-27.073207246,181.0,2.4813859802594416,5.465705542843007,-0.3140743300000004,0.15703716500000908,0,0,0,0,0,0
1004,9,432,432,22.3777960125,-27.041799812999997,181.0,2.4813859802594416,5.465705542843007,-0.3140743300000004,-0.3140743300000004,0,0,0,0,0,0
1004,9,435,435,22.3777960125,-27.136022112,181.0,2.4813859802594416,5.465705542843007,0.3140743300000004,-0.4711114950000095,0,0,0,0,0,0
1004,9,438,438,22.4406108785,-27.136022112,181.0,2.4813859802594416,5.465705542843007,0.3140743300000004,0.0,0,0,0,0,0,0
1004,9,441,441,22.4406108785,-27.136022112,181.0,2.4813859802594416,5.465705542843007,0.0,0.0,0,0,0,0,0,0
1004,9,444,444,22.4406108785,-27.136022112,181.0,2.4813859802594416,5.465705542843007,0.0,0.0,0,0,0,0,0,0
1004,9,447,447,22.4406108785,-27.136022112,181.0,2.4813859802594416,5.465705542843007,0.0,0.0,0,0,0,0,0,0
1004,9,450,450,22.4406108785,-27.136022112,181.0,2.4813859802594416,5.465705542843007,0.0,0.15703716500000908,0,0,0,0,0,0
1004,9,453,453,22.4406108785,-27.104614678999997,181.0,2.4813859802594416,5.465705542843007,-0.4711114950000095,0.15703716500000908,0,0,0,0,0,0
1004,9,456,456,22.346388579499997,-27.104614678999997,181.0,2.4813859802594416,5.465705542843007,-0.4711114950000095,0.0,0,0,0,0,0,0
1004,9,459,459,22.346388579499997,-27.104614678999997,181.0,2.4813859802594416,5.465705542843007,0.0,0.0,0,0,0,0,0,0
1004,9,462,462,22.346388579499997,-27.104614678999997,181.0,2.4813859802594416,5.465705542843007,0.0,0.0,0,0,0,0,0,0
1004,9,465,465,22.346388579499997,-27.104614678999997,181.0,2.4813859802594416,5.465705542843007,0.0,0.0,0,0,0,0,0,0
1004,9,468,468,22.346388579499997,-27.104614678999997,181.0,2.4813859802594416,5.465705542843007,-0.4711114949999917,0.0,0,0,0,0,0,0
1004,9,471,471,22.2521662805,-27.104614678999997,181.0,2.4813859802594416,5.465705542843007,-0.4711114949999917,0.0,0,0,0,0,0,0
1004,9,474,474,22.2521662805,-27.104614678999997,181.0,2.4813859802594416,5.465705542843007,-0.3140743300000004,0.0,0,0,0,0,0,0
1004,9,477,477,22.1893514145,-27.104614678999997,181.0,2.4813859802594416,5.465705542843007,-0.3140743300000004,0.0,0,0,0,0,0,0
1004,9,480,480,22.1893514145,-27.104614678999997,181.0,2.4813859802594416,5.465705542843007,0.0,0.0,0,0,0,0,0,0
1004,9,483,483,22.1893514145,-27.104614678999997,181.0,2.4813859802594416,5.465705542843007,0.0,0.0,0,0,0,0,0,0
1004,9,486,486,22.1893514145,-27.104614678999997,181.0,2.4813859802594416,5.465705542843007,-0.3140743300000004,0.0,0,0,0,0,0,0
1004,9,489,489,22.1265365485,-27.104614678999997,181.0,2.4813859802594416,5.465705542843007,-0.3140743300000004,0.0,0,0,0,0,0,0
1004,9,492,492,22.1265365485,-27.104614678999997,181.0,2.4813859802594416,5.465705542843007,-0.15703716499999132,0.0,0,0,0,0,0,0
1004,9,495,495,22.0951291155,-27.104614678999997,181.0,2.4813859802594416,5.465705542843007,-0.15703716499999132,0.0,0,0,0,0,0,0
1004,9,498,498,22.0951291155,-27.104614678999997,181.0,2.4813859802594416,5.465705542843007,-0.15703716500000908,0.0,0,0,0,0,0,0
1004,9,500,500,22.0637216825,-27.104614678999997,181.0,2.4813859802594416,5.465705542843007,-0.3140743300000004,0.0,0,0,0,0,0,0
1004,9,503,503,22.0323142495,-27.104614678999997,181.0,2.4813859802594416,5.465705542843007,-0.15703716499999132,0.0,0,0,0,0,0,0
1004,9,506,506,22.0323142495,-27.104614678999997,181.0,2.4813859802594416,5.465705542843007,0.0,0.0,0,0,0,0,0,0
1004,9,509,509,22.0323142495,-27.104614678999997,181.0,2.4813859802594416,5.465705542843007,0.0,0.0,0,0,0,0,0,0
1004,9,512,512,22.0323142495,-27.104614678999997,181.0,2.4813859802594416,5.465705542843007,0.0,0.0,0,0,0,0,0,0
1004,9,515,515,22.0323142495,-27.104614678999997,181.0,2.4813859802594416,5.465705542843007,-0.3140743300000004,0.0,0,0,0,0,0,0
1004,9,518,518,21.9694993835,-27.104614678999997,181.0,2.4813859802594416,5.465705542843007,-0.3140743300000004,0.0,0,0,0,0,0,0
1004,9,521,521,21.9694993835,-27.104614678999997,181.0,2.4813859802594416,5.465705542843007,-0.4711114950000095,0.0,0,0,0,0,0,0
1004,9,524,524,21.8752770845,-27.104614678999997,181.0,2.4813859802594416,5.465705542843007,-0.4711114950000095,0.15703716499999132,0,0,0,0,0,0
1004,9,527,527,21.8752770845,-27.073207246,181.0,2.4813859802594416,5.465705542843007,-0.3140743300000004,0.15703716499999132,0,0,0,0,0,0
1004,9,530,530,21.8124622185,-27.073207246,181.0,2.4813859802594416,5.465705542843007,-0.3140743300000004,0.0,0,0,0,0,0,0
1004,9,533,533,21.8124622185,-27.073207246,181.0,2.4813859802594416,5.465705542843007,-0.3140743300000004,0.3140743300000004,0,0,0,0,0,0
1004,9,536,536,21.7496473525,-27.01039238,181.0,2.4813859802594416,5.465705542843007,-0.4711114949999917,-0.3140743300000004,0,0,0,0,0,0
1004,9,539,539,21.7182399195,-27.136022112,181.0,2.4813859802594416,5.465705542843007,-0.3140743300000004,-0.3140743300000004,0,0,0,0,0,0
1004,9,542,542,21.6868324865,-27.073207246,181.0,2.4813859802594416,5.465705542843007,-0.15703716500000908,-0.15703716499999132,0,0,0,0,0,0
1004,9,545,545,21.6868324865,-27.167429544999997,181.0,2.4813859802594416,5.465705542843007,0.0,-0.4711114949999917,0,0,0,0,0,0
1004,9,548,548,21.6868324865,-27.167429544999997,181.0,2.4813859802594416,5.465705542843007,0.4711114950000095,0.0,0,0,0,0,0,0
1004,9,551,551,21.7810547855,-27.167429544999997,181.0,2.4813859802594416,5.465705542843007,0.4711114950000095,-0.15703716500000908,0,0,0,0,0,0
1004,9,554,554,21.7810547855,-27.198836978,181.0,2.4813859802594416,5.465705542843007,0.0,-0.15703716500000908,0,0,0,0,0,0
1004,9,557,557,21.7810547855,-27.198836978,181.0,2.4813859802594416,5.465705542843007,-0.15703716500000908,0.0,0,0,0,0,0,0
1004,9,560,560,21.7496473525,-27.198836978,181.0,2.4813859802594416,5.465705542843007,-0.15703716500000908,0.0,0,0,0,0,0,0
1004,9,563,563,21.7496473525,-27.198836978,181.0,2.4813859802594416,5.465705542843007,0.0,0.0,0,0,0,0,0,0
1004,9,566,566,21.7496473525,-27.198836978,181.0,2.4813859802594416,5.465705542843007,0.0,0.0,0,0,0,0,0,0
1004,9,569,569,21.7496473525,-27.198836978,181.0,2.4813859802594416,5.465705542843007,0.0,0.0,0,0,0,0,0,0
1004,9,572,572,21.7496473525,-27.198836978,181.0,2.4813859802594416,5.465705542843007,0.0,0.0,0,0,0,0,0,0
1004,9,575,575,21.7496473525,-27.198836978,181.0,2.4813859802594416,5.465705542843007,0.0,0.0,0,0,0,0,0,0
1004,9,578,578,21.7496473525,-27.198836978,181.0,2.4813859802594416,5.465705542843007,0.3140743300000004,-0.15703716499999132,0,0,0,0,0,0
1004,9,581,581,21.8124622185,-27.230244410999997,181.0,2.4813859802594416,5.465705542843007,0.3140743300000004,-0.15703716499999132,0,0,0,0,0,0
1004,9,584,584,21.8124622185,-27.230244410999997,181.0,2.4813859802594416,5.465705542843007,0.0,-0.3140743300000004,0,0,0,0,0,0
1004,9,587,587,21.8124622185,-27.293059276999998,181.0,2.4813859802594416,5.465705542843007,0.0,-0.3140743300000004,0,0,0,0,0,0
1004,9,590,590,21.8124622185,-27.293059276999998,181.0,2.4813859802594416,5.465705542843007,0.4711114950000095,0.0,0,0,0,0,0,0
1004,9,593,593,21.9066845175,-27.293059276999998,181.0,2.4813859802594416,5.465705542843007,0.4711114950000095,0.0,0,0,0,0,0,0
1004,9,596,596,21.9066845175,-27.293059276999998,181.0,2.4813859802594416,5.465705542843007,0.15703716499999132,-0.3140743300000004,0,0,0,0,0,0
1004,9,599,599,21.9380919505,-27.355874142999998,181.0,2.4813859802594416,5.465705542843007,0.15703716499999132,-0.3140743300000004,0,0,0,0,0,0
1004,9,602,602,21.9380919505,-27.355874142999998,181.0,2.4813859802594416,5.465705542843007,0.0,0.0,0,0,0,0,0,0
1004,9,605,605,21.9380919505,-27.355874142999998,181.0,2.4813859802594416,5.465705542843007,0.0,0.0,0,0,0,0,0,0
1004,9,608,608,21.9380919505,-27.355874142999998,181.0,2.4813859802594416,5.465705542843007,0.0,0.0,0,0,0,0,0,0
1004,9,611,611,21.9380919505,-27.355874142999998,181.0,2.4813859802594416,5.465705542843007,0.0,0.0,0,0,0,0,0,0
1004,9,614,614,21.9380919505,-27.355874142999998,181.0,2.4813859802594416,5.465705542843007,0.0,0.0,0,0,0,0,0,0
1004,9,617,617,21.9380919505,-27.355874142999998,181.0,2.4813859802594416,5.465705542843007,0.0,0.0,0,0,0,0,0,0
1004,9,620,620,21.9380919505,-27.355874142999998,181.0,2.4813859802594416,5.465705542843007,0.0,0.07851858249999566,0,0,0,0,0,0
1004,9,623,623,21.9380919505,-27.3401704265,182.0,2.4813859802594416,5.465705542843007,0.0,0.07851858249999566,0,0,0,0,0,0
1004,9,626,626,21.9380919505,-27.3401704265,182.0,2.4813859802594416,5.465705542843007,0.0,0.0,0,0,0,0,0,0
1004,9,629,629,21.9380919505,-27.3401704265,182.0,2.4813859802594416,5.465705542843007,-0.15703716499999132,0.0,0,0,0,0,0,0
1004,9,632,632,21.9066845175,-27.3401704265,182.0,2.4813859802594416,5.465705542843007,-0.4711114949999917,0.0,0,0,0,0,0,0
1004,9,635,635,21.8438696515,-27.3401704265,182.0,2.4813859802594416,5.465705542843007,-0.3140743300000004,0.0,0,0,0,0,0,0
1004,9,638,638,21.8438696515,-27.3401704265,182.0,2.4813859802594416,5.465705542843007,-0.3140743300000004,0.0,0,0,0,0,0,0
1004,9,641,641,21.7810547855,-27.3401704265,182.0,2.4813859802594416,5.465705542843007,-0.6281486600000008,0.0,0,0,0,0,0,0
1004,9,644,644,21.7182399195,-27.3401704265,182.0,2.4813859802594416,5.465705542843007,-0.3140743300000004,0.0,0,0,0,0,0,0
1004,9,647,647,21.7182399195,-27.3401704265,182.0,2.4813859802594416,5.465705542843007,0.0,0.0,0,0,0,0,0,0
1004,9,650,650,21.7182399195,-27.3401704265,182.0,2.4813859802594416,5.465705542843007,0.4711114949999917,0.0,0,0,0,0,0,0
1004,9,653,653,21.8124622185,-27.3401704265,182.0,2.4813859802594416,5.465705542843007,0.4711114949999917,0.0,0,0,0,0,0,0
1004,9,656,656,21.8124622185,-27.3401704265,182.0,2.4813859802594416,5.465705542843007,0.3140743300000004,0.15703716499999132,0,0,0,0,0,0
1004,9,659,659,21.8752770845,-27.3087629935,182.0,2.4813859802594416,5.465705542843007,0.0,0.0,0,0,0,0,0,0
1004,9,662,662,21.8124622185,-27.3401704265,182.0,2.4813859802594416,5.465705542843007,-0.6281486600000008,-0.15703716499999132,0,0,0,0,0,0
1004,9,665,665,21.7496473525,-27.3401704265,182.0,2.4813859802594416,5.465705542843007,-0.6281486600000008,0.15703716499999132,0,0,0,0,0,0
1004,9,668,668,21.6868324865,-27.3087629935,182.0,2.4813859802594416,5.465705542843007,-0.7851858249999921,0.15703716499999132,0,0,0,0,0,0
1004,9,671,671,21.5926101875,-27.3087629935,182.0,2.4813859802594416,5.465705542843007,-0.7851858249999921,0.0,0,0,0,0,0,0
1004,9,674,674,21.5297953215,-27.3087629935,182.0,2.4813859802594416,5.465705542843007,-0.3140743300000004,0.0,0,0,0,0,0,0
1004,9,677,677,21.5297953215,-27.3087629935,182.0,2.4813859802594416,5.465705542843007,-0.3140743300000004,0.0,0,0,0,0,0,0
1004,9,680,680,21.4669804555,-27.3087629935,182.0,2.4813859802594416,5.465705542843007,-0.7851858250000099,0.3140743300000004,0,0,0,0,0,0
1004,9,683,683,21.372758156499998,-27.2459481275,182.0,2.4813859802594416,5.465705542843007,-0.7851858250000099,0.4711114950000095,0,0,0,0,0,0
1004,9,686,686,21.309943290499998,-27.2145406945,182.0,2.4813859802594416,5.465705542843007,-0.3140743300000004,0.15703716500000908,0,0,0,0,0,0
1004,9,689,689,21.309943290499998,-27.2145406945,182.0,2.4813859802594416,5.465705542843007,-0.4711114949999917,0.3140743300000004,0,0,0,0,0,0
1004,9,692,692,21.2157209915,-27.1517258285,182.0,2.4813859802594416,5.465705542843007,-0.7851858249999921,0.3140743300000004,0,0,0,0,0,0
1004,9,695,695,21.1529061255,-27.1517258285,182.0,2.4813859802594416,5.465705542843007,-0.7851858250000099,0.0,0,0,0,0,0,0
1004,9,698,698,21.058683826499998,-27.1517258285,182.0,2.4813859802594416,5.465705542843007,-0.7851858250000099,0.0,0,0,0,0,0,0
1004,9,701,701,20.995868960499998,-27.1517258285,182.0,2.4813859802594416,5.465705542843007,-0.3140743300000004,0.15703716499999132,0,0,0,0,0,0
1004,9,704,704,20.995868960499998,-27.1203183955,182.0,2.4813859802594416,5.465705542843007,-0.3140743300000004,0.15703716499999132,0,0,0,0,0,0
1004,9,707,707,20.933054094499997,-27.1203183955,182.0,2.4813859802594416,5.465705542843007,-0.6281486600000008,-0.15703716499999132,0,0,0,0,0,0
1004,9,710,710,20.870239228499997,-27.1517258285,182.0,2.4813859802594416,5.465705542843007,-0.4711114949999917,0.15703716500000908,0,0,0,0,0,0
1004,9,713,713,20.8388317955,-27.088910962499998,182.0,2.4813859802594416,5.465705542843007,-0.3140743300000004,0.3140743300000004,0,0,0,0,0,0
1004,9,716,716,20.807424362499997,-27.088910962499998,182.0,2.4813859802594416,5.465705542843007,-0.3140743300000004,0.15703716499999132,0,0,0,0,0,0
1004,9,719,719,20.7760169295,-27.0575035295,182.0,2.4813859802594416,5.465705542843007,-0.15703716499999132,0.3140743300000004,0,0,0,0,0,0
1004,9,722,722,20.7760169295,-27.026096096499998,182.0,2.4813859802594416,5.465705542843007,-0.3140743300000004,0.3140743300000004,0,0,0,0,0,0
1004,9,725,725,20.7132020635,-26.9946886635,182.0,2.4813859802594416,5.465705542843007,-0.9422229900000012,0.15703716499999132,0,0,0,0,0,0
1004,9,728,728,20.5875723315,-26.9946886635,182.0,2.4813859802594416,5.465705542843007,-0.6281486600000008,0.0,0,0,0,0,0,0
1004,9,731,731,20.5875723315,-26.9946886635,182.0,2.4813859802594416,5.465705542843007,0.0,0.0,0,0,0,0,0,0
1004,9,734,734,20.5875723315,-26.9946886635,182.0,2.4813859802594416,5.465705542843007,-0.15703716499999132,-0.3140743300000004,0,0,0,0,0,0
1004,9,737,737,20.5561648985,-27.0575035295,182.0,2.4813859802594416,5.465705542843007,0.0,-0.15703716499999132,0,0,0,0,0,0
1004,9,740,740,20.5875723315,-27.026096096499998,182.0,2.4813859802594416,5.465705542843007,0.15703716499999132,0.0,0,0,0,0,0,0
1004,9,743,743,20.5875723315,-27.0575035295,182.0,2.4813859802594416,5.465705542843007,-0.4711114949999917,0.15703716499999132,0,0,0,0,0,0
1004,9,746,746,20.4933500325,-26.9946886635,182.0,2.4813859802594416,5.465705542843007,-0.3140743300000004,0.4711114950000095,0,0,0,0,0,0
1004,9,749,749,20.5247574655,-26.963281230499998,182.0,2.4813859802594416,5.465705542843007,-0.15703716500000908,-0.15703716499999132,0,0,0,0,0,0
1004,9,752,752,20.4619425995,-27.026096096499998,182.0,2.4813859802594416,5.465705542843007,-0.15703716499999132,-0.3140743300000004,0,0,0,0,0,0
1004,9,755,755,20.4933500325,-27.026096096499998,182.0,2.4813859802594416,5.465705542843007,0.7851858250000099,0.0,0,0,0,0,0,0
1004,9,758,758,20.6189797645,-27.026096096499998,182.0,2.4813859802594416,5.465705542843007,0.9422229900000012,-0.4711114950000095,0,0,0,0,0,0
1004,9,761,761,20.6817946305,-27.1203183955,182.0,2.4813859802594416,5.465705542843007,0.3140743300000004,-0.4711114950000095,0,0,0,0,0,0
1004,9,764,764,20.6817946305,-27.1203183955,182.0,2.4813859802594416,5.465705542843007,0.0,0.0,0,0,0,0,0,0
1004,9,767,767,20.6817946305,-27.1203183955,182.0,2.4813859802594416,5.465705542843007,0.0,0.0,0,0,0,0,0,0
1004,9,770,770,20.6817946305,-27.1203183955,182.0,2.4813859802594416,5.465705542843007,0.0,0.0,0,0,0,0,0,0
1004,9,773,773,20.6817946305,-27.1203183955,182.0,2.4813859802594416,5.465705542843007,0.15703716499999132,0.0,0,0,0,0,0,0
1004,9,776,776,20.7132020635,-27.1203183955,182.0,2.4813859802594416,5.465705542843007,0.3140743300000004,0.0,0,0,0,0,0,0
1004,9,779,779,20.7446094965,-27.1203183955,182.0,2.4813859802594416,5.465705542843007,0.3140743300000004,0.0,0,0,0,0,0,0
1004,9,782,782,20.7760169295,-27.1203183955,182.0,2.4813859802594416,5.465705542843007,0.15703716499999132,0.0,0,0,0,0,0,0
1004,9,785,785,20.7760169295,-27.1203183955,182.5,2.4813859802594416,5.465705542843007,0.0,0.0,0,0,0,0,0,0
1004,9,788,788,20.7760169295,-27.1203183955,182.5,2.4813859802594416,5.465705542843007,0.0,-0.3140743300000004,0,0,0,0,0,0
1004,9,791,791,20.7760169295,-27.1831332615,182.5,2.4813859802594416,5.465705542843007,-0.3140743300000004,-0.4711114949999917,0,0,0,0,0,0
1004,9,794,794,20.7132020635,-27.2145406945,182.5,2.4813859802594416,5.465705542843007,-0.9422229900000012,-0.3140743300000004,0,0,0,0,0,0
1004,9,797,797,20.5875723315,-27.2459481275,182.5,2.4813859802594416,5.465705542843007,-1.2562973200000016,-0.3140743300000004,0,0,0,0,0,0
1004,9,800,800,20.4619425995,-27.2773555605,182.5,2.4813859802594416,5.465705542843007,-1.413334484999993,-0.3140743300000004,0,0,0,0,0,0
1004,9,803,803,20.3049054345,-27.3087629935,182.5,2.4813859802594416,5.465705542843007,-1.413334484999993,-0.3140743300000004,0,0,0,0,0,0
1004,9,806,806,20.1792757025,-27.3401704265,182.5,2.4813859802594416,5.465705542843007,-1.766668106250009,-0.15703716499999132,0,0,0,0,0,0
1004,9,809,809,19.95157181325,-27.3401704265,184.0,2.4813859802594416,5.465705542843007,-2.2770388924999985,0.0,0,0,0,0,0,0
1004,9,812,812,19.723867924,-27.3401704265,184.0,2.4813859802594416,5.465705542843007,-2.2377796012500006,0.0,0,0,0,0,0,0
1004,9,815,815,19.504015893,-27.3401704265,184.0,2.4813859802594416,5.465705542843007,-2.512594640000003,-0.3140743300000004,0,0,0,0,0,0
1004,9,818,818,19.221348996,-27.4029852925,184.0,2.4813859802594416,5.465705542843007,-3.140743300000004,-0.4711114950000095,0,0,0,0,0,0
1004,9,821,821,18.875867232999997,-27.4343927255,184.0,2.4813859802594416,5.465705542843007,-3.140743300000004,-0.4711114949999917,0,0,0,0,0,0
1004,9,824,824,18.593200336,-27.497207591499997,184.0,2.4813859802594416,5.465705542843007,-3.1407432999999862,-0.4711114949999917,0,0,0,0,0,0
1004,9,827,827,18.247718573,-27.5286150245,184.0,2.4813859802594416,5.465705542843007,-3.768891960000005,-0.15703716500000908,0,0,0,0,0,0
1004,9,830,830,17.839421943999998,-27.5286150245,184.0,2.4813859802594416,5.465705542843007,-4.082966290000005,0.0,0,0,0,0,0,0
1004,9,833,833,17.431125315,-27.5286150245,184.0,2.4813859802594416,5.465705542843007,-4.2400034549999965,-0.15703716499999132,0,0,0,0,0,0
1004,9,836,836,16.991421253,-27.560022457499997,184.0,2.4813859802594416,5.465705542843007,-4.397040620000006,-0.3140743300000004,0,0,0,0,0,0
1004,9,839,839,16.551717190999998,-27.5914298905,184.0,2.4813859802594416,5.465705542843007,-4.554077784999997,-0.3140743300000004,0,0,0,0,0,0
1004,9,842,842,16.080605696,-27.622837323499997,184.0,2.4813859802594416,5.465705542843007,-4.554077784999997,-0.3140743300000004,0,0,0,0,0,0
1004,9,845,845,15.640901633999999,-27.6542447565,184.0,2.4813859802594416,5.465705542843007,-4.711114949999997,-0.4711114950000095,0,0,0,0,0,0
1004,9,848,848,15.138382706,-27.7170596225,184.0,2.4813859802594416,5.465705542843007,-5.182226444999998,-0.4711114949999917,0,0,0,0,0,0
1004,9,851,851,14.604456345,-27.748467055499997,184.0,2.4813859802594416,5.465705542843007,-5.025189280000006,-0.3140743300000004,0,0,0,0,0,0
1004,9,854,854,14.133344849999999,-27.7798744885,184.0,2.4813859802594416,5.465705542843007,-5.182226444999998,-0.15703716500000908,0,0,0,0,0,0
1004,9,857,857,13.568011056,-27.7798744885,184.0,2.4813859802594416,5.465705542843007,-5.339263609999998,-0.15703716499999132,0,0,0,0,0,0
1004,9,860,860,13.065492127999999,-27.811281921499997,184.0,2.4813859802594416,5.465705542843007,-5.496300774999998,-0.3140743300000004,0,0,0,0,0,0
1004,9,863,863,12.468750901,-27.8426893545,184.0,2.4813859802594416,5.465705542843007,-5.967412269999999,-0.15703716500000908,0,0,0,0,0,0
1004,9,866,866,11.872009674,-27.8426893545,184.0,2.4813859802594416,5.465705542843007,-5.653337939999998,-0.3140743300000004,0,0,0,0,0,0
1004,9,869,869,11.338083313,-27.9055042205,184.0,2.4813859802594416,5.465705542843007,-5.8103751049999985,-0.4711114949999917,0,0,0,0,0,0
1004,9,872,872,10.709934653,-27.936911653499997,184.0,2.4813859802594416,5.465705542843007,-5.967412270000008,-0.4711114949999917,0,0,0,0,0,0
1004,9,875,875,10.144600858999999,-27.999726519499998,184.0,2.4813859802594416,5.465705542843007,-6.124449434999999,-0.3140743300000004,0,0,0,0,0,0
1004,9,878,878,9.485044766,-27.999726519499998,184.0,2.4813859802594416,5.465705542843007,-6.5955609299999995,-0.3140743300000004,0,0,0,0,0,0
1004,9,881,881,8.825488672999999,-28.062541385499998,184.0,2.4813859802594416,5.465705542843007,-6.90963526,-0.35333362124999823,0,0,0,0,0,0
1004,9,884,884,8.103117714,-28.070393243749997,182.5,2.4813859802594416,5.465705542843007,-7.302228172499996,-0.15703716500000908,0,0,0,0,0,0
1004,9,887,887,7.3650430385,-28.0939488185,182.5,2.4813859802594416,5.465705542843007,-6.9881538425,-0.11777787375001125,0,0,0,0,0,0
1004,9,890,890,6.7054869455,-28.0939488185,182.5,2.4813859802594416,5.465705542843007,-7.066672425,-0.7851858249999921,0,0,0,0,0,0
1004,9,893,893,5.9517085535,-28.250985983499998,182.5,2.4813859802594416,5.465705542843007,-7.694821085000001,-0.8637044074999878,0,0,0,0,0,0
1004,9,896,896,5.1665227284999995,-28.266689699999997,181.0,2.4813859802594416,5.465705542843007,-8.008895414999998,-0.07851858249999566,0,0,0,0,0,0
1004,9,899,899,4.3499294705,-28.266689699999997,181.0,2.4813859802594416,5.465705542843007,-8.322969744999998,0.0,0,0,0,0,0,0
1004,9,902,902,3.5019287795,-28.266689699999997,181.0,2.4813859802594416,5.465705542843007,-8.480006910000002,0.0,0,0,0,0,0,0
1004,3,57,0,116.7257247445,-30.716469474,181.0,0,0,-10.364452889999995,0.0,0,0,0,0,0,0
1004,3,60,3,115.6892794555,-30.716469474,181.0,0,0,-9.893341395000022,0.0,0,0,0,0,0,0
1004,3,63,6,114.7470564655,-30.716469474,181.0,0,0,-9.422229900000048,0.0,0,0,0,0,0,0
1004,3,66,9,113.80483347549999,-30.716469474,181.0,0,0,-9.422229899999977,0.0,0,0,0,0,0,0
1004,3,69,12,112.8626104855,-30.716469474,181.0,0,0,-9.422229899999977,0.0,0,0,0,0,0,0
1004,3,72,15,111.9203874955,-30.716469474,181.0,0,0,-9.422229900000048,0.0,0,0,0,0,0,0
1004,3,75,18,110.97816450549999,-30.716469474,181.0,0,0,-9.108155569999994,0.0,0,0,0,0,0,0
1004,3,78,21,110.0987563815,-30.716469474,181.0,0,0,-9.108155569999994,-0.15703716499999132,0,0,0,0,0,0
1004,3,81,24,109.15653339149999,-30.747876907,181.0,0,0,-9.579267065000039,-0.15703716499999132,0,0,0,0,0,0
1004,3,84,27,108.18290296849999,-30.747876907,181.0,0,0,-9.108155569999994,0.0,0,0,0,0,0,0
1004,3,87,30,107.33490227749999,-30.747876907,181.0,0,0,-8.951118404999931,0.0,0,0,0,0,0,0
1004,3,90,33,106.3926792875,-30.747876907,181.0,0,0,-8.794081240000011,0.0,0,0,0,0,0,0
1004,3,93,36,105.57608602949999,-30.747876907,181.0,0,0,-8.63704407500002,0.0,0,0,0,0,0,0
1004,3,96,39,104.6652704725,-30.747876907,181.0,0,0,-8.79408123999994,0.0,0,0,0,0,0,0
1004,3,99,42,103.8172697815,-30.747876907,181.0,0,0,-8.165932580000046,0.0,0,0,0,0,0,0
1004,3,102,45,103.03208395649999,-30.747876907,181.0,0,0,-7.851858250000063,0.0,0,0,0,0,0,0
1004,3,105,48,102.24689813149999,-30.747876907,181.0,0,0,-8.008895414999984,0.0,0,0,0,0,0,0
1004,3,108,51,101.43030487349999,-30.747876907,181.0,0,0,-8.008895414999984,-0.15703716500000908,0,0,0,0,0,0
1004,3,111,54,100.64511904849999,-30.77928434,181.0,0,0,-7.53778392000001,-0.15703716500000908,0,0,0,0,0,0
1004,3,114,57,99.92274808949999,-30.77928434,181.0,0,0,-7.223709589999956,0.0,0,0,0,0,0,0
1004,3,117,60,99.2003771305,-30.77928434,181.0,0,0,-7.223709589999956,0.0,0,0,0,0,0,0
1004,3,120,63,98.4780061715,-30.77928434,181.0,0,0,-6.909635260000044,0.0,0,0,0,0,0,0
1004,3,123,66,97.81845007849999,-30.77928434,181.0,0,0,-6.752598094999982,0.0,0,0,0,0,0,0
1004,3,126,69,97.1274865525,-30.77928434,181.0,0,0,-6.281486600000008,0.0,0,0,0,0,0,0
1004,3,129,72,96.56215275849999,-30.77928434,181.0,0,0,-5.810375105000034,0.0,0,0,0,0,0,0
1004,3,132,75,95.9654115315,-30.77928434,181.0,0,0,-5.967412269999954,0.0,0,0,0,0,0,0
1004,3,135,78,95.3686703045,-30.77928434,181.0,0,0,-5.653337939999972,0.0,0,0,0,0,0,0
1004,3,138,81,94.8347439435,-30.77928434,181.0,0,0,-5.339263609999989,0.0,0,0,0,0,0,0
1004,3,141,84,94.3008175825,-30.77928434,181.0,0,0,-5.182226444999998,0.0,0,0,0,0,0,0
1004,3,144,87,93.7982986545,-30.77928434,181.0,0,0,-4.868152115000015,0.0,0,0,0,0,0,0
1004,3,147,90,93.3271871595,-30.77928434,181.0,0,0,-4.711114950000024,0.0,0,0,0,0,0,0
1004,3,150,93,92.8560756645,-30.77928434,181.0,0,0,-4.868152115000015,0.0,0,0,0,0,0,0
1004,3,153,96,92.3535567365,-30.77928434,181.0,0,0,-4.711114950000024,0.0,0,0,0,0,0,0
1004,3,156,99,91.91385267449999,-30.77928434,181.0,0,0,-4.39704061999997,0.0,0,0,0,0,0,0
1004,3,159,102,91.4741486125,-30.77928434,181.0,0,0,-4.39704061999997,0.0,0,0,0,0,0,0
1004,3,162,105,91.0344445505,-30.77928434,181.0,0,0,-4.24000345500005,0.0,0,0,0,0,0,0
1004,3,165,108,90.62614792149999,-30.77928434,181.0,0,0,-3.6118547950000135,0.0,0,0,0,0,0,0
1004,3,168,111,90.3120735915,-30.77928434,181.0,0,0,-3.1407432999999685,0.0,0,0,0,0,0,0
1004,3,171,114,89.9979992615,-30.77928434,181.0,0,0,-3.1407432999999685,0.0,0,0,0,0,0,0
1004,3,174,117,89.6839249315,-30.77928434,181.0,0,0,-2.983706135000048,0.0,0,0,0,0,0,0
1004,3,177,120,89.40125803449999,-30.77928434,181.0,0,0,-2.6696318050000656,0.0,0,0,0,0,0,0
1004,3,180,123,89.14999857049999,-30.77928434,181.0,0,0,-2.355557474999941,0.0,0,0,0,0,0,0
1004,3,183,126,88.9301465395,-30.77928434,181.0,0,0,-2.355557474999941,0.0,0,0,0,0,0,0
1004,3,186,129,88.6788870755,-30.77928434,181.0,0,0,-2.355557475000012,0.15703716500000908,0,0,0,0,0,0
1004,3,189,132,88.4590350445,-30.747876907,181.0,0,0,-2.0414831450000293,0.15703716500000908,0,0,0,0,0,0
1004,3,192,135,88.2705904465,-30.747876907,181.0,0,0,-1.884445980000038,0.0,0,0,0,0,0,0
1004,3,195,138,88.08214584849999,-30.747876907,181.0,0,0,-1.5703716499999842,-0.15703716500000908,0,0,0,0,0,0
1004,3,198,141,87.9565161165,-30.77928434,181.0,0,0,-1.5703716499999842,0.15703716499999132,0,0,0,0,0,0
1004,3,201,144,87.7680715185,-30.716469474,181.0,0,0,-1.413334484999993,0.3140743300000004,0,0,0,0,0,0
1004,3,204,147,87.6738492195,-30.716469474,181.0,0,0,-1.413334484999993,0.0,0,0,0,0,0,0
1004,3,207,150,87.4854046215,-30.716469474,181.0,0,0,-1.5703716499999842,0.0,0,0,0,0,0,0
1004,3,210,153,87.3597748895,-30.716469474,181.0,0,0,-1.413334484999993,0.0,0,0,0,0,0,0
1004,3,213,156,87.2027377245,-30.716469474,181.0,0,0,-1.413334485000064,0.0,0,0,0,0,0,0
1004,3,216,159,87.07710799249999,-30.716469474,181.0,0,0,-1.2562973200000016,0.0,0,0,0,0,0,0
1004,3,219,162,86.9514782605,-30.716469474,181.0,0,0,-1.2562973200000016,0.0,0,0,0,0,0,0
1004,3,222,165,86.82584852849999,-30.716469474,181.0,0,0,-0.6281486600000363,0.0,0,0,0,0,0,0
1004,3,225,168,86.82584852849999,-30.716469474,181.0,0,0,-0.47111149499997396,0.0,0,0,0,0,0,0
1004,3,228,171,86.7316262295,-30.716469474,181.0,0,0,-0.47111149499997396,0.0,0,0,0,0,0,0
1004,3,231,174,86.7316262295,-30.716469474,181.0,0,0,-0.6281486599999653,0.0,0,0,0,0,0,0
1004,3,234,177,86.6059964975,-30.716469474,181.0,0,0,-0.6281486599999653,0.0,0,0,0,0,0,0
1004,3,237,180,86.6059964975,-30.716469474,181.0,0,0,-0.471111495000045,0.0,0,0,0,0,0,0
1004,3,240,183,86.51177419849999,-30.716469474,181.0,0,0,-0.6281486600000363,0.0,0,0,0,0,0,0
1004,3,243,186,86.4803667655,-30.716469474,181.0,0,0,-0.15703716499999132,0.0,0,0,0,0,0,0
1004,3,246,189,86.4803667655,-30.716469474,181.0,0,0,0.0,0.0,0,0,0,0,0,0
1004,3,249,192,86.4803667655,-30.716469474,181.0,0,0,-0.15703716499999132,0.0,0,0,0,0,0,0
1004,3,252,195,86.4489593325,-30.716469474,181.0,0,0,-0.7851858249999566,0.0,0,0,0,0,0,0
1004,3,255,198,86.3233296005,-30.716469474,181.0,0,0,-0.942222990000019,0.0,0,0,0,0,0,0
1004,3,258,201,86.26051473449999,-30.716469474,181.0,0,0,-0.471111495000045,0.0,0,0,0,0,0,0
1004,3,261,204,86.2291073015,-30.716469474,181.0,0,0,-0.47111149499997396,0.0,0,0,0,0,0,0
1004,3,264,207,86.1662924355,-30.716469474,181.0,0,0,-0.6281486599999653,0.0,0,0,0,0,0,0
1004,3,267,210,86.1034775695,-30.716469474,181.0,0,0,-0.942222990000019,0.0,0,0,0,0,0,0
1004,3,270,213,85.9778478375,-30.716469474,181.0,0,0,-0.7851858250000276,0.0,0,0,0,0,0,0
1004,3,273,216,85.9464404045,-30.716469474,181.0,0,0,-0.47111149499997396,0.0,0,0,0,0,0,0
1004,3,276,219,85.8836255385,-30.716469474,181.0,0,0,-0.31407432999998264,0.0,0,0,0,0,0,0
1004,3,279,222,85.8836255385,-30.716469474,181.0,0,0,0.0,0.0,0,0,0,0,0,0
1004,3,282,225,85.8836255385,-30.716469474,181.0,0,0,0.0,0.0,0,0,0,0,0,0
1004,3,285,228,85.8836255385,-30.716469474,181.0,0,0,0.0,0.0,0,0,0,0,0,0
1004,3,288,231,85.8836255385,-30.716469474,181.0,0,0,0.0,0.0,0,0,0,0,0,0
1004,3,291,234,85.8836255385,-30.716469474,181.0,0,0,0.0,0.0,0,0,0,0,0,0
1004,3,294,237,85.8836255385,-30.716469474,181.0,0,0,0.0,0.0,0,0,0,0,0,0
1004,3,297,240,85.8836255385,-30.716469474,181.0,0,0,0.0,0.0,0,0,0,0,0,0
1004,3,300,243,85.8836255385,-30.716469474,181.0,0,0,0.15703716499999132,0.0,0,0,0,0,0,0
1004,3,303,246,85.9150329715,-30.716469474,181.0,0,0,0.31407432999998264,0.0,0,0,0,0,0,0
1004,3,306,249,85.9464404045,-30.716469474,181.0,0,0,0.0,0.0,0,0,0,0,0,0
1004,3,309,252,85.9150329715,-30.716469474,181.0,0,0,-0.15703716499999132,0.0,0,0,0,0,0,0
1004,3,312,255,85.9150329715,-30.716469474,181.0,0,0,-0.31407432999998264,0.15703716500000908,0,0,0,0,0,0
1004,3,315,258,85.8522181055,-30.685062041,181.0,0,0,-0.6281486600000363,0.15703716500000908,0,0,0,0,0,0
1004,3,318,261,85.78940323949999,-30.685062041,181.0,0,0,-0.6281486600000363,0.0,0,0,0,0,0,0
1004,3,321,264,85.7265883735,-30.685062041,181.0,0,0,-0.7851858249999566,0.0,0,0,0,0,0,0
1004,3,324,267,85.6323660745,-30.685062041,181.0,0,0,-0.942222990000019,0.0,0,0,0,0,0,0
1004,3,327,270,85.53814377549999,-30.685062041,181.0,0,0,-0.7851858250000276,0.0,0,0,0,0,0,0
1004,3,330,273,85.47532890949999,-30.685062041,181.0,0,0,-0.7851858249999566,0.0,0,0,0,0,0,0
1004,3,333,276,85.3811066105,-30.685062041,181.0,0,0,-1.0992601550000103,0.0,0,0,0,0,0,0
1004,3,336,279,85.25547687849999,-30.685062041,181.0,0,0,-1.2562973200000016,0.0,0,0,0,0,0,0
1004,3,339,282,85.1298471465,-30.685062041,181.0,0,0,-1.413334484999993,0.0,0,0,0,0,0,0
1004,3,342,285,84.97280998149999,-30.685062041,181.0,0,0,-1.884445980000038,0.0,0,0,0,0,0,0
1004,3,345,288,84.75295795049999,-30.685062041,181.0,0,0,-1.8844459799999669,0.0,0,0,0,0,0,0
1004,3,348,291,84.5959207855,-30.685062041,181.0,0,0,-2.1985203099999495,0.0,0,0,0,0,0,0
1004,3,351,294,84.3132538885,-30.685062041,181.0,0,0,-2.826668969999986,0.0,0,0,0,0,0,0
1004,3,354,297,84.0305869915,-30.685062041,181.0,0,0,-2.826668969999986,0.0,0,0,0,0,0,0
1004,3,357,300,83.7479200945,-30.685062041,181.0,0,0,-2.512594640000003,0.0,0,0,0,0,0,0
1004,3,360,303,83.5280680635,-30.685062041,181.0,0,0,-2.6696318050000656,0.0,0,0,0,0,0,0
1004,3,363,306,83.21399373349999,-30.685062041,181.0,0,0,-3.1407433000000395,0.0,0,0,0,0,0,0
1004,3,366,309,82.8999194035,-30.685062041,181.0,0,0,-3.1407432999999685,0.0,0,0,0,0,0,0
1004,3,369,312,82.5858450735,-30.685062041,181.0,0,0,-3.1407432999999685,0.0,0,0,0,0,0,0
1004,3,372,315,82.2717707435,-30.685062041,181.0,0,0,-3.1407432999999685,0.0,0,0,0,0,0,0
1004,3,375,318,81.9576964135,-30.685062041,181.0,0,0,-3.297780465000031,0.0,0,0,0,0,0,0
1004,3,378,321,81.6122146505,-30.685062041,181.0,0,0,-3.297780465000031,0.0,0,0,0,0,0,0
1004,3,381,324,81.2981403205,-30.685062041,181.0,0,0,-3.1407432999999685,-0.15703716500000908,0,0,0,0,0,0
1004,3,384,327,80.9840659905,-30.716469474,181.0,0,0,-3.6118547950000135,-0.15703716500000908,0,0,0,0,0,0
1004,3,387,330,80.5757693615,-30.716469474,181.0,0,0,-4.0829662899999875,0.0,0,0,0,0,0,0
1004,3,390,333,80.1674727325,-30.716469474,181.0,0,0,-4.0829662899999875,0.0,0,0,0,0,0,0
1004,3,393,336,79.7591761035,-30.716469474,181.0,0,0,-4.0829662900000585,0.0,0,0,0,0,0,0
1004,3,396,339,79.35087947449999,-30.716469474,181.0,0,0,-4.240003454999979,0.0,0,0,0,0,0,0
1004,3,399,342,78.9111754125,-30.716469474,181.0,0,0,-4.554077784999961,0.0,0,0,0,0,0,0
1004,3,402,345,78.4400639175,-30.716469474,181.0,0,0,-4.5540777850000325,0.0,0,0,0,0,0,0
1004,3,405,348,78.0003598555,-30.716469474,181.0,0,0,-5.339263609999989,0.0,0,0,0,0,0,0
1004,3,408,351,77.3722111955,-30.716469474,181.0,0,0,-5.339263609999989,0.0,0,0,0,0,0,0
1004,3,411,354,76.9325071335,-30.716469474,181.0,0,0,-4.5540777850000325,0.0,0,0,0,0,0,0
1004,3,414,357,76.4613956385,-30.716469474,181.0,0,0,-5.025189280000006,0.0,0,0,0,0,0,0
1004,3,417,360,75.9274692775,-30.716469474,181.0,0,0,-5.339263609999989,0.0,0,0,0,0,0,0
1004,3,420,363,75.3935429165,-30.716469474,181.0,0,0,-5.339263609999989,0.0,0,0,0,0,0,0
1004,3,423,366,74.8596165555,-30.716469474,181.0,0,0,-5.49630077499998,0.0,0,0,0,0,0,0
1004,3,426,369,74.2942827615,-30.716469474,181.0,0,0,-5.810375105000034,-0.15703716499999132,0,0,0,0,0,0
1004,3,429,372,73.69754153449999,-30.747876907,181.0,0,0,-6.124449435000017,-0.3140743300000004,0,0,0,0,0,0
1004,3,432,375,73.0693928745,-30.77928434,181.0,0,0,-6.281486599999937,-0.15703716500000908,0,0,0,0,0,0
1004,3,435,378,72.4412442145,-30.77928434,181.0,0,0,-5.967412270000025,0.0,0,0,0,0,0,0
1004,3,438,381,71.87591042049999,-30.77928434,181.0,0,0,-5.967412270000025,-0.31407432999998264,0,0,0,0,0,0
1004,3,441,384,71.2477617605,-30.842099205999997,181.0,0,0,-6.281486600000008,-0.4711114949999917,0,0,0,0,0,0
1004,3,444,387,70.61961310049999,-30.873506639,181.0,0,0,-6.281486600000008,-0.15703716500000908,0,0,0,0,0,0
1004,3,447,390,69.9914644405,-30.873506639,181.0,0,0,-6.281486599999937,0.0,0,0,0,0,0,0
1004,3,450,393,69.3633157805,-30.873506639,181.0,0,0,-6.438523764999999,-0.15703716499999132,0,0,0,0,0,0
1004,3,453,396,68.7037596875,-30.904914071999997,181.0,0,0,-6.909635260000044,-0.3140743300000004,0,0,0,0,0,0
1004,3,456,399,67.9813887285,-30.936321505,181.0,0,0,-7.223709590000027,-0.15703716500000908,0,0,0,0,0,0
1004,3,459,402,67.25901776949999,-30.936321505,181.0,0,0,-7.53778392000001,0.0,0,0,0,0,0,0
1004,3,462,405,66.47383194449999,-30.936321505,181.0,0,0,-7.694821085000001,0.0,0,0,0,0,0,0
1004,3,465,408,65.72005355249999,-30.936321505,181.0,0,0,-7.380746754999947,0.0,0,0,0,0,0,0
1004,3,468,411,64.9976825935,-30.936321505,181.0,0,0,-7.537783919999939,0.0,0,0,0,0,0,0
1004,3,471,414,64.2124967685,-30.936321505,181.0,0,0,-8.322969745000037,-0.15703716499999132,0,0,0,0,0,0
1004,3,474,417,63.333088644499995,-30.967728937999997,181.0,0,0,-8.00889541500002,-0.15703716499999132,0,0,0,0,0,0
1004,3,477,420,62.6107176855,-30.967728937999997,181.0,0,0,-8.165932579999975,0.0,0,0,0,0,0,0
1004,3,480,423,61.6999021285,-30.967728937999997,181.0,0,0,-8.480006909999993,0.0,0,0,0,0,0,0
1004,3,483,426,60.9147163035,-30.967728937999997,181.0,0,0,-8.322969745000002,-0.3140743300000004,0,0,0,0,0,0
1004,3,486,429,60.0353081795,-31.030543803999997,181.0,0,0,-8.63704407500002,-0.15703716500000908,0,0,0,0,0,0
1004,3,489,432,59.1873074885,-30.999136371,181.0,0,0,-8.794081240000011,0.15703716499999132,0,0,0,0,0,0
1004,3,492,435,58.2764919315,-30.999136371,181.0,0,0,-8.794081240000011,-0.15703716499999132,0,0,0,0,0,0
1004,3,495,438,57.428491240499994,-31.030543803999997,181.0,0,0,-8.951118405000003,-0.3140743300000004,0,0,0,0,0,0
1004,3,498,441,56.4862682505,-31.061951237,181.0,0,0,-7.851858249999992,-0.15703716500000908,0,0,0,0,0,0
1004,3,500,443,55.858119590499996,-31.061951237,181.0,0,0,-7.851858249999992,0.0,0,0,0,0,0,0
1004,3,503,446,54.9158966005,-31.061951237,181.0,0,0,-8.951118405000003,-0.15703716499999132,0,0,0,0,0,0
1004,3,506,449,54.067895909499995,-31.093358669999997,181.0,0,0,-8.951118405000003,-0.4711114949999917,0,0,0,0,0,0
1004,3,509,452,53.1256729195,-31.156173535999997,181.0,0,0,-9.265192734999985,-0.3140743300000004,0,0,0,0,0,0
1004,3,512,455,52.2148573625,-31.156173535999997,181.0,0,0,-9.265192734999985,0.0,0,0,0,0,0,0
1004,3,515,458,51.2726343725,-31.156173535999997,181.0,0,0,-9.422229900000012,-0.3140743300000004,0,0,0,0,0,0
1004,3,518,461,50.330411382499996,-31.218988401999997,181.0,0,0,-9.422229900000012,-0.3140743300000004,0,0,0,0,0,0
1004,3,521,464,49.3881883925,-31.218988401999997,181.0,0,0,-9.736304229999995,0.0,0,0,0,0,0,0
1004,3,524,467,48.3831505365,-31.218988401999997,181.0,0,0,-9.736304229999995,-0.15703716500000908,0,0,0,0,0,0
1004,3,527,470,47.4409275465,-31.250395835,181.0,0,0,-9.736304229999995,-0.15703716500000908,0,0,0,0,0,0
1004,3,530,473,46.4358896905,-31.250395835,181.0,0,0,-10.050378560000013,0.0,0,0,0,0,0,0
1004,3,533,476,45.4308518345,-31.250395835,181.0,0,0,-9.736304229999995,0.15703716500000908,0,0,0,0,0,0
1004,3,536,479,44.4886288445,-31.218988401999997,181.0,0,0,-9.422229899999977,0.15703716500000908,0,0,0,0,0,0
1004,3,539,482,43.5464058545,-31.218988401999997,181.0,0,0,-10.207415725000004,0.0,0,0,0,0,0,0
1004,3,542,485,42.4471456995,-31.218988401999997,181.0,0,0,-10.364452890000031,0.0,0,0,0,0,0,0
1004,3,545,488,41.473515276499995,-31.218988401999997,181.0,0,0,-9.579267065000003,0.0,0,0,0,0,0,0
1004,3,548,491,40.5312922865,-31.218988401999997,181.0,0,0,-9.422229899999977,0.0,0,0,0,0,0,0
1004,3,551,494,39.5890692965,-31.218988401999997,181.0,0,0,-9.422229900000012,0.0,0,0,0,0,0,0
1004,3,554,497,38.646846306499995,-31.218988401999997,181.0,0,0,-9.422229900000012,0.0,0,0,0,0,0,0
1004,3,557,500,37.7046233165,-31.218988401999997,181.0,0,0,-9.579267064999968,0.0,0,0,0,0,0,0
1004,3,560,503,36.7309928935,-31.218988401999997,181.0,0,0,-9.893341394999986,0.0,0,0,0,0,0,0
1004,3,563,506,35.7259550375,-31.218988401999997,181.0,0,0,-9.893341395000022,0.0,0,0,0,0,0,0
1004,3,566,509,34.7523246145,-31.218988401999997,181.0,0,0,-9.736304229999995,0.0,0,0,0,0,0,0
1004,3,569,512,33.7786941915,-31.218988401999997,181.0,0,0,-9.736304229999995,0.0,0,0,0,0,0,0
1004,3,572,515,32.8050637685,-31.218988401999997,181.0,0,0,-9.579267065000021,0.0,0,0,0,0,0,0
1004,3,575,518,31.862840778499997,-31.218988401999997,181.0,0,0,-9.265192735000003,0.0,0,0,0,0,0,0
1004,3,578,521,30.952025221499998,-31.218988401999997,181.0,0,0,-8.794081239999993,0.0,0,0,0,0,0,0
1004,3,581,524,30.1040245305,-31.218988401999997,181.0,0,0,-8.951118405000003,0.0,0,0,0,0,0,0
1004,3,584,527,29.161801540499997,-31.218988401999997,181.0,0,0,-9.265192735000003,-0.15703716500000908,0,0,0,0,0,0
1004,3,587,530,28.250985983499998,-31.250395835,181.0,0,0,-8.951118404999985,-0.15703716500000908,0,0,0,0,0,0
1004,3,590,533,27.3715778595,-31.250395835,181.0,0,0,-8.794081239999993,0.0,0,0,0,0,0,0
1004,3,593,536,26.4921697355,-31.250395835,181.0,0,0,-9.422229900000012,0.0,0,0,0,0,0,0
1004,3,596,539,25.487131879499998,-31.250395835,181.0,0,0,-9.736304229999995,0.0,0,0,0,0,0,0
1004,3,599,542,24.5449088895,-31.250395835,181.0,0,0,-9.422229899999994,0.0,0,0,0,0,0,0
1004,3,602,545,23.6026858995,-31.250395835,181.0,0,0,-9.422229900000012,0.15703716500000908,0,0,0,0,0,0
1004,3,605,548,22.660462909499998,-31.218988401999997,181.0,0,0,-9.422229899999994,0.15703716500000908,0,0,0,0,0,0
1004,3,608,551,21.7182399195,-31.218988401999997,181.0,0,0,-9.422229899999994,0.0,0,0,0,0,0,0
1004,3,611,554,20.7760169295,-31.218988401999997,181.0,0,0,-9.422229900000012,0.0,0,0,0,0,0,0
1004,3,614,557,19.833793939499998,-31.218988401999997,181.0,0,0,-9.422229899999994,0.0,0,0,0,0,0,0
1004,3,617,560,18.8915709495,-31.218988401999997,181.0,0,0,-9.422229899999994,-0.3140743300000004,0,0,0,0,0,0
1004,3,620,563,17.9493479595,-31.281803267999997,181.0,0,0,-9.422229900000012,-0.3140743300000004,0,0,0,0,0,0
1004,3,623,566,17.007124969499998,-31.281803267999997,181.0,0,0,-9.422229899999994,0.0,0,0,0,0,0,0
1004,3,626,569,16.0649019795,-31.281803267999997,181.0,0,0,-9.422229899999994,0.0,0,0,0,0,0,0
1004,3,629,572,15.122678989499999,-31.281803267999997,181.0,0,0,-9.736304230000004,0.0,0,0,0,0,0,0
1004,3,632,575,14.1176411335,-31.281803267999997,181.0,0,0,-9.736304229999995,0.0,0,0,0,0,0,0
1004,3,635,578,13.1754181435,-31.281803267999997,181.0,0,0,-9.893341395000004,0.07851858249999566,0,0,0,0,0,0
1004,3,638,581,12.138972854499999,-31.266099551499998,180.5,0,0,-10.050378560000004,0.07851858249999566,0,0,0,0,0,0
1004,3,641,584,11.1653424315,-31.266099551499998,180.5,0,0,-9.893341394999995,0.0,0,0,0,0,0,0
1004,3,644,587,10.1603045755,-31.266099551499998,180.5,0,0,-10.207415724999995,0.0,0,0,0,0,0,0
1004,3,647,590,9.1238592865,-31.266099551499998,180.5,0,0,-10.050378560000004,0.0,0,0,0,0,0,0
1004,3,650,593,8.150228863499999,-31.266099551499998,180.5,0,0,-9.736304230000004,0.0,0,0,0,0,0,0
1004,3,653,596,7.176598440499999,-31.266099551499998,180.5,0,0,-9.579267064999994,0.3140743300000004,0,0,0,0,0,0
1004,3,656,599,6.2343754505,-31.203284685499998,180.5,0,0,-9.579267065,0.3140743300000004,0,0,0,0,0,0
1004,3,659,602,5.2607450275,-31.203284685499998,180.5,0,0,-9.736304229999998,0.0,0,0,0,0,0,0
1004,3,662,605,4.2871146045,-31.203284685499998,180.5,0,0,-10.521490054999997,0.0,0,0,0,0,0,0
1004,3,665,608,3.1564470165,-31.203284685499998,180.5,0,0,-11.30667588,0.0,0,0,0,0,0,0
1004,4,138,0,117.2910585385,-30.528024876,180.5,0,0,-7.851858249999992,-0.31407432999998264,0,0,0,0,0,0
1004,4,141,3,116.5058727135,-30.559432308999998,180.5,0,0,-8.63704407500002,-0.3140743300000004,0,0,0,0,0,0
1004,4,144,6,115.56364972349999,-30.590839742,180.5,0,0,-8.480006910000029,-0.15703716500000908,0,0,0,0,0,0
1004,4,147,9,114.80987133149999,-30.590839742,180.5,0,0,-7.851858249999992,0.0,0,0,0,0,0,0
1004,4,150,12,113.9932780735,-30.590839742,180.5,0,0,-8.480006909999958,0.0,0,0,0,0,0,0
1004,4,153,15,113.1138699495,-30.590839742,180.5,0,0,-8.63704407500002,0.0,0,0,0,0,0,0
1004,4,156,18,112.26586925849999,-30.590839742,180.5,0,0,-8.008895415000055,0.0,0,0,0,0,0,0
1004,4,159,21,111.51209086649999,-30.590839742,180.5,0,0,-7.851858249999992,0.0,0,0,0,0,0,0
1004,4,162,24,110.69549760849999,-30.590839742,180.5,0,0,-7.851858249999992,0.0,0,0,0,0,0,0
1004,4,165,27,109.94171921649999,-30.590839742,180.5,0,0,-7.53778392000001,0.0,0,0,0,0,0,0
1004,4,168,30,109.18794082449999,-30.590839742,180.5,0,0,-7.53778392000001,-0.15703716499999132,0,0,0,0,0,0
1004,4,171,33,108.43416243249999,-30.622247175,180.5,0,0,-7.223709589999956,-0.15703716499999132,0,0,0,0,0,0
1004,4,174,36,107.7431989065,-30.622247175,180.5,0,0,-6.752598094999982,0.0,0,0,0,0,0,0
1004,4,177,39,107.08364281349999,-30.622247175,180.5,0,0,-6.595560929999991,0.0,0,0,0,0,0,0
1004,4,180,42,106.4240867205,-30.622247175,180.5,0,0,-6.752598094999982,-0.15703716500000908,0,0,0,0,0,0
1004,4,183,45,105.7331231945,-30.653654608,180.5,0,0,-6.752598095000053,-0.15703716500000908,0,0,0,0,0,0
1004,4,186,48,105.07356710149999,-30.653654608,180.5,0,0,-6.752598094999982,0.0,0,0,0,0,0,0
1004,4,189,51,104.3826035755,-30.653654608,180.5,0,0,-6.595560929999991,0.0,0,0,0,0,0,0
1004,4,192,54,103.75445491549999,-30.653654608,180.5,0,0,-5.810375105000034,0.0,0,0,0,0,0,0
1004,4,195,57,103.22052855449999,-30.653654608,180.5,0,0,-5.339263609999989,0.0,0,0,0,0,0,0
1004,4,198,60,102.6866021935,-30.653654608,180.5,0,0,-5.810375104999963,0.0,0,0,0,0,0,0
1004,4,201,63,102.0584535335,-30.653654608,180.5,0,0,-6.281486600000008,0.0,0,0,0,0,0,0
1004,4,204,66,101.43030487349999,-30.653654608,180.5,0,0,-5.653337940000043,0.0,0,0,0,0,0,0
1004,4,207,69,100.92778594549999,-30.653654608,180.5,0,0,-5.182226444999998,-0.15703716499999132,0,0,0,0,0,0
1004,4,210,72,100.39385958449999,-30.685062041,180.5,0,0,-5.182226444999998,-0.15703716499999132,0,0,0,0,0,0
1004,4,213,75,99.89134065649999,-30.685062041,180.5,0,0,-5.182226444999998,0.0,0,0,0,0,0,0
1004,4,216,78,99.35741429549999,-30.685062041,180.5,0,0,-4.868152115000015,-0.3140743300000004,0,0,0,0,0,0
1004,4,219,81,98.91771023349999,-30.747876907,180.5,0,0,-4.39704061999997,-0.3140743300000004,0,0,0,0,0,0
1004,4,222,84,98.4780061715,-30.747876907,180.5,0,0,-4.0829662899999875,0.0,0,0,0,0,0,0
1004,4,225,87,98.10111697549999,-30.747876907,180.5,0,0,-3.454817630000022,0.0,0,0,0,0,0,0
1004,4,228,90,97.7870426455,-30.747876907,180.5,0,0,-2.983706134999977,0.0,0,0,0,0,0,0
1004,4,231,93,97.5043757485,-30.747876907,180.5,0,0,-2.983706134999977,0.0,0,0,0,0,0,0
1004,4,234,96,97.1903014185,-30.747876907,180.5,0,0,-3.1407432999999685,0.0,0,0,0,0,0,0
1004,4,237,99,96.8762270885,-30.747876907,180.5,0,0,-3.1407433000000395,0.0,0,0,0,0,0,0
1004,4,240,102,96.56215275849999,-30.747876907,180.5,0,0,-2.983706135000048,0.0,0,0,0,0,0,0
1004,4,243,105,96.27948586149999,-30.747876907,180.5,0,0,-2.512594640000003,0.0,0,0,0,0,0,0
1004,4,246,108,96.05963383049999,-30.747876907,180.5,0,0,-1.7274088149999756,0.0,0,0,0,0,0,0
1004,4,249,111,95.9340040985,-30.747876907,180.5,0,0,-1.2562973200000016,0.0,0,0,0,0,0,0
1004,4,252,114,95.80837436649999,-30.747876907,180.5,0,0,-1.2562973200000016,0.0,0,0,0,0,0,0
1004,4,255,117,95.6827446345,-30.747876907,180.5,0,0,-1.413334484999993,0.0,0,0,0,0,0,0
1004,4,258,120,95.52570746949999,-30.747876907,180.5,0,0,-1.2562973200000016,-0.15703716500000908,0,0,0,0,0,0
1004,4,261,123,95.4314851705,-30.77928434,180.5,0,0,-0.9422229899999479,-0.15703716500000908,0,0,0,0,0,0
1004,4,264,126,95.3372628715,-30.77928434,180.5,0,0,-0.7851858250000276,0.0,0,0,0,0,0,0
1004,4,267,129,95.27444800549999,-30.77928434,180.5,0,0,-0.942222990000019,0.0,0,0,0,0,0,0
1004,4,270,132,95.1488182735,-30.77928434,180.5,0,0,-1.0992601550000103,0.0,0,0,0,0,0,0
1004,4,273,135,95.05459597449999,-30.77928434,180.5,0,0,-0.7851858250000276,0.0,0,0,0,0,0,0
1004,4,276,138,94.99178110849999,-30.77928434,180.5,0,0,-0.6281486599999653,0.0,0,0,0,0,0,0
1004,4,279,141,94.9289662425,-30.77928434,180.5,0,0,-0.6281486599999653,0.0,0,0,0,0,0,0
1004,4,282,144,94.8661513765,-30.77928434,180.5,0,0,-0.6281486600000363,0.0,0,0,0,0,0,0
1004,4,285,147,94.80333651049999,-30.77928434,180.5,0,0,-0.942222990000019,0.15703716500000908,0,0,0,0,0,0
1004,4,288,150,94.6777067785,-30.747876907,180.5,0,0,-0.7851858249999566,0.15703716500000908,0,0,0,0,0,0
1004,4,291,153,94.6462993455,-30.747876907,180.5,0,0,-0.31407432999998264,0.15703716499999132,0,0,0,0,0,0
1004,4,294,156,94.6148919125,-30.716469474,180.5,0,0,-0.31407432999998264,0.15703716499999132,0,0,0,0,0,0
1004,4,297,159,94.5834844795,-30.716469474,180.5,0,0,-0.15703716499999132,0.15703716500000908,0,0,0,0,0,0
1004,4,300,162,94.5834844795,-30.685062041,180.5,0,0,0.0,0.15703716500000908,0,0,0,0,0,0
1004,4,303,165,94.5834844795,-30.685062041,180.5,0,0,-0.7851858250000276,0.0,0,0,0,0,0,0
1004,4,306,168,94.4264473145,-30.685062041,180.5,0,0,-0.7851858250000276,0.0,0,0,0,0,0,0
1004,4,309,171,94.4264473145,-30.685062041,180.5,0,0,0.0,0.15703716499999132,0,0,0,0,0,0
1004,4,312,174,94.4264473145,-30.653654608,180.5,0,0,0.0,0.15703716499999132,0,0,0,0,0,0
1004,4,315,177,94.4264473145,-30.653654608,180.5,0,0,0.0,0.15703716500000908,0,0,0,0,0,0
1004,4,318,180,94.4264473145,-30.622247175,180.5,0,0,-0.15703716499999132,0.15703716500000908,0,0,0,0,0,0
1004,4,321,183,94.3950398815,-30.622247175,180.5,0,0,-0.31407432999998264,0.0,0,0,0,0,0,0
1004,4,324,186,94.3636324485,-30.622247175,180.5,0,0,-0.15703716499999132,0.0,0,0,0,0,0,0
1004,4,327,189,94.3636324485,-30.622247175,180.5,0,0,0.0,0.0,0,0,0,0,0,0
1004,4,330,192,94.3636324485,-30.622247175,180.5,0,0,0.0,0.0,0,0,0,0,0,0
1004,4,333,195,94.3636324485,-30.622247175,180.5,0,0,-0.15703716499999132,0.0,0,0,0,0,0,0
1004,4,336,198,94.3322250155,-30.622247175,180.5,0,0,-0.15703716499999132,0.0,0,0,0,0,0,0
1004,4,339,201,94.3322250155,-30.622247175,180.5,0,0,-0.3140743300000537,0.0,0,0,0,0,0,0
1004,4,342,204,94.26941014949999,-30.622247175,180.5,0,0,-0.7851858250000276,0.0,0,0,0,0,0,0
1004,4,345,207,94.1751878505,-30.622247175,180.5,0,0,-0.9422229899999479,0.0,0,0,0,0,0,0
1004,4,348,210,94.0809655515,-30.622247175,180.5,0,0,-1.0992601550000103,0.0,0,0,0,0,0,0
1004,4,351,213,93.9553358195,-30.622247175,180.5,0,0,-1.0992601550000103,0.15703716499999132,0,0,0,0,0,0
1004,4,354,216,93.8611135205,-30.590839742,180.5,0,0,-0.942222990000019,0.15703716499999132,0,0,0,0,0,0
1004,4,357,219,93.76689122149999,-30.590839742,180.5,0,0,-0.942222990000019,0.0,0,0,0,0,0,0
1004,4,360,222,93.6726689225,-30.590839742,180.5,0,0,-1.0992601549999392,0.0,0,0,0,0,0,0
1004,4,363,225,93.5470391905,-30.590839742,180.5,0,0,-1.2562973200000016,0.0,0,0,0,0,0,0
1004,4,366,228,93.4214094585,-30.590839742,180.5,0,0,-1.2562973200000016,0.0,0,0,0,0,0,0
1004,4,369,231,93.2957797265,-30.590839742,180.5,0,0,-1.0992601550000103,0.15703716500000908,0,0,0,0,0,0
1004,4,372,234,93.20155742749999,-30.559432308999998,180.5,0,0,-0.7851858250000276,0.15703716500000908,0,0,0,0,0,0
1004,4,375,237,93.1387425615,-30.559432308999998,180.5,0,0,-0.7851858249999566,0.0,0,0,0,0,0,0
1004,4,378,240,93.0445202625,-30.559432308999998,180.5,0,0,-1.2562973200000016,0.0,0,0,0,0,0,0
1004,4,381,243,92.8874830975,-30.559432308999998,180.5,0,0,-1.5703716500000553,0.15703716499999132,0,0,0,0,0,0
1004,4,384,246,92.73044593249999,-30.528024876,180.5,0,0,-1.7274088149999756,0.15703716499999132,0,0,0,0,0,0
1004,4,387,249,92.5420013345,-30.528024876,180.5,0,0,-1.8844459799999669,-0.15703716499999132,0,0,0,0,0,0
1004,4,390,252,92.3535567365,-30.559432308999998,180.5,0,0,-2.355557475000012,0.0,0,0,0,0,0,0
1004,4,393,255,92.0708898395,-30.528024876,180.5,0,0,-2.512594640000003,0.15703716499999132,0,0,0,0,0,0
1004,4,396,258,91.8510378085,-30.528024876,180.5,0,0,-2.355557475000012,0.0,0,0,0,0,0,0
1004,4,399,261,91.5997783445,-30.528024876,180.5,0,0,-2.512594640000003,-0.15703716499999132,0,0,0,0,0,0
1004,4,402,264,91.3485188805,-30.559432308999998,180.5,0,0,-2.826668969999986,-0.15703716499999132,0,0,0,0,0,0
1004,4,405,267,91.0344445505,-30.559432308999998,180.5,0,0,-3.1407432999999685,0.0,0,0,0,0,0,0
1004,4,408,270,90.7203702205,-30.559432308999998,180.5,0,0,-3.297780465000031,0.0,0,0,0,0,0,0
1004,4,411,273,90.37488845749999,-30.559432308999998,180.5,0,0,-3.297780465000031,0.0,0,0,0,0,0,0
1004,4,414,276,90.0608141275,-30.559432308999998,180.5,0,0,-3.1407432999999685,0.0,0,0,0,0,0,0
1004,4,417,279,89.7467397975,-30.559432308999998,180.5,0,0,-3.1407432999999685,0.0,0,0,0,0,0,0
1004,4,420,282,89.4326654675,-30.559432308999998,180.5,0,0,-3.454817630000022,0.0,0,0,0,0,0,0
1004,4,423,285,89.0557762715,-30.559432308999998,180.5,0,0,-3.925929124999996,0.0,0,0,0,0,0,0
1004,4,426,288,88.6474796425,-30.559432308999998,180.5,0,0,-4.0829662899999875,0.0,0,0,0,0,0,0
1004,4,429,291,88.2391830135,-30.559432308999998,180.5,0,0,-3.925929125000067,0.0,0,0,0,0,0,0
1004,4,432,294,87.86229381749999,-30.559432308999998,180.5,0,0,-3.925929124999996,-0.15703716500000908,0,0,0,0,0,0
1004,4,435,297,87.4539971885,-30.590839742,180.5,0,0,-3.925929124999996,-0.4711114950000095,0,0,0,0,0,0
1004,4,438,300,87.07710799249999,-30.653654608,180.5,0,0,-4.240003454999979,-0.3140743300000004,0,0,0,0,0,0
1004,4,441,303,86.6059964975,-30.653654608,180.5,0,0,-4.39704061999997,0.0,0,0,0,0,0,0
1004,4,444,306,86.1976998685,-30.653654608,180.5,0,0,-4.0829662900000585,0.0,0,0,0,0,0,0
1004,4,447,309,85.78940323949999,-30.653654608,180.5,0,0,-4.240003454999979,0.0,0,0,0,0,0,0
1004,4,450,312,85.3496991775,-30.653654608,180.5,0,0,-4.554077784999961,0.0,0,0,0,0,0,0
1004,4,453,315,84.8785876825,-30.653654608,180.5,0,0,-4.868152115000015,0.0,0,0,0,0,0,0
1004,4,456,318,84.3760687545,-30.653654608,180.5,0,0,-5.025189280000006,0.0,0,0,0,0,0,0
1004,4,459,321,83.8735498265,-30.653654608,180.5,0,0,-5.025189280000006,0.0,0,0,0,0,0,0
1004,4,462,324,83.3710308985,-30.653654608,180.5,0,0,-5.182226444999998,0.0,0,0,0,0,0,0
1004,4,465,327,82.8371045375,-30.653654608,180.5,0,0,-5.339263609999989,0.0,0,0,0,0,0,0
1004,4,468,330,82.3031781765,-30.653654608,180.5,0,0,-5.49630077499998,0.0,0,0,0,0,0,0
1004,4,471,333,81.7378443825,-30.653654608,180.5,0,0,-5.653337940000043,0.0,0,0,0,0,0,0
1004,4,474,336,81.17251058849999,-30.653654608,180.5,0,0,-5.810375105000034,-0.15703716499999132,0,0,0,0,0,0
1004,4,477,339,80.5757693615,-30.685062041,180.5,0,0,-5.967412269999954,-0.15703716499999132,0,0,0,0,0,0
1004,4,480,342,79.9790281345,-30.685062041,180.5,0,0,-5.967412269999954,0.0,0,0,0,0,0,0
1004,4,483,345,79.3822869075,-30.685062041,180.5,0,0,-6.124449435000017,-0.15703716500000908,0,0,0,0,0,0
1004,4,486,348,78.7541382475,-30.716469474,180.5,0,0,-6.281486600000008,-0.15703716500000908,0,0,0,0,0,0
1004,4,489,351,78.1259895875,-30.716469474,180.5,0,0,-6.438523764999999,0.0,0,0,0,0,0,0
1004,4,492,354,77.4664334945,-30.716469474,180.5,0,0,-6.595560929999991,0.0,0,0,0,0,0,0
1004,4,495,357,76.8068774015,-30.716469474,180.5,0,0,-6.752598094999982,0.0,0,0,0,0,0,0
1004,4,498,360,76.1159138755,-30.716469474,180.5,0,0,-5.810375105000034,-0.15703716499999132,0,0,0,0,0,0
1004,4,500,362,75.6448023805,-30.747876907,180.5,0,0,-5.653337940000043,-0.15703716499999132,0,0,0,0,0,0
1004,4,503,365,74.98524628749999,-30.747876907,180.5,0,0,-6.909635259999973,0.0,0,0,0,0,0,0
1004,4,506,368,74.2628753285,-30.747876907,180.5,0,0,-7.223709589999956,-0.3140743300000004,0,0,0,0,0,0
1004,4,509,371,73.5405043695,-30.810691773,180.5,0,0,-7.223709590000027,-0.3140743300000004,0,0,0,0,0,0
1004,4,512,374,72.8181334105,-30.810691773,180.5,0,0,-7.380746755000018,0.0,0,0,0,0,0,0
1004,4,515,377,72.0643550185,-30.810691773,180.5,0,0,-7.694821085000001,0.0,0,0,0,0,0,0
1004,4,518,380,71.2791691935,-30.810691773,180.5,0,0,-7.694821085000001,-0.15703716499999132,0,0,0,0,0,0
1004,4,521,383,70.5253908015,-30.842099205999997,180.5,0,0,-8.008895414999984,-0.3140743300000004,0,0,0,0,0,0
1004,4,524,386,69.6773901105,-30.873506639,180.5,0,0,-8.24445116249997,0.0,0,0,0,0,0,0
1004,4,527,389,68.876500569,-30.842099205999997,181.5,0,0,-8.165932580000046,0.0,0,0,0,0,0,0
1004,4,530,392,68.04420359449999,-30.873506639,180.5,0,0,-8.401488327500033,-0.15703716500000908,0,0,0,0,0,0
1004,4,533,395,67.1962029035,-30.873506639,180.5,0,0,-8.480006909999958,-0.15703716499999132,0,0,0,0,0,0
1004,4,536,398,66.3482022125,-30.904914071999997,180.5,0,0,-8.480006909999958,-0.3140743300000004,0,0,0,0,0,0
1004,4,539,401,65.5002015215,-30.936321505,180.5,0,0,-8.480006910000029,-0.15703716500000908,0,0,0,0,0,0
1004,4,542,404,64.65220083049999,-30.936321505,180.5,0,0,-8.480006910000029,-0.15703716499999132,0,0,0,0,0,0
1004,4,545,407,63.8042001395,-30.967728937999997,180.5,0,0,-8.637044074999984,-0.3140743300000004,0,0,0,0,0,0
1004,4,548,410,62.924792015499996,-30.999136371,180.5,0,0,-8.322969745000002,-0.7851858250000099,0,0,0,0,0,0
1004,4,551,413,62.1396061905,-31.124766103,180.5,0,0,-8.440747618749995,-0.7066672424999965,0,0,0,0,0,0
1004,4,554,416,61.23664249175,-31.140469819499998,180.5,0,0,-9.108155569999994,0.0,0,0,0,0,0,0
1004,4,557,419,60.3179750765,-31.124766103,180.5,0,0,-9.147414861249992,0.07851858249999566,0,0,0,0,0,0
1004,4,560,422,59.4071595195,-31.124766103,180.5,0,0,-9.108155569999994,0.0,0,0,0,0,0,0
1004,4,563,425,58.4963439625,-31.124766103,180.5,0,0,-9.26519273500002,0.0,0,0,0,0,0,0
1004,4,566,428,57.554120972499994,-31.124766103,180.5,0,0,-9.422229900000012,0.0,0,0,0,0,0,0
1004,4,569,431,56.6118979825,-31.124766103,180.5,0,0,-9.422229899999977,-0.15703716499999132,0,0,0,0,0,0
1004,4,572,434,55.6696749925,-31.156173535999997,180.5,0,0,-9.422229900000012,-0.3140743300000004,0,0,0,0,0,0
1004,4,575,437,54.727452002499994,-31.187580969,180.5,0,0,-9.422229900000012,-0.15703716500000908,0,0,0,0,0,0
1004,4,578,440,53.7852290125,-31.187580969,180.5,0,0,-9.422229899999977,-0.7851858249999921,0,0,0,0,0,0
1004,4,581,443,52.8430060225,-31.344618133999997,180.5,0,0,-9.579267065000003,-0.7851858249999921,0,0,0,0,0,0
1004,4,584,446,51.869375599499996,-31.344618133999997,180.5,0,0,-9.736304229999995,-0.15703716500000908,0,0,0,0,0,0
1004,4,587,449,50.8957451765,-31.376025567,180.5,0,0,-9.736304229999995,-0.15703716500000908,0,0,0,0,0,0
1004,4,590,452,49.9221147535,-31.376025567,180.5,0,0,-9.893341395000022,0.0,0,0,0,0,0,0
1004,4,593,455,48.917076897499996,-31.376025567,180.5,0,0,-10.050378560000013,0.0,0,0,0,0,0,0
1004,4,596,458,47.912039041499995,-31.376025567,180.5,0,0,-9.893341394999986,-0.15703716499999132,0,0,0,0,0,0
1004,4,599,461,46.9384086185,-31.407432999999997,180.5,0,0,-9.736304229999995,-0.15703716499999132,0,0,0,0,0,0
1004,4,602,464,45.964778195499996,-31.407432999999997,180.5,0,0,-9.893341395000022,0.0,0,0,0,0,0,0
1004,4,605,467,44.959740339499994,-31.407432999999997,180.5,0,0,-10.207415725000004,-0.3140743300000004,0,0,0,0,0,0
1004,4,608,470,43.923295050499995,-31.470247865999998,180.5,0,0,-10.521490054999987,-0.3140743300000004,0,0,0,0,0,0
1004,4,611,473,42.8554423285,-31.470247865999998,180.5,0,0,-10.521490054999987,0.0,0,0,0,0,0,0
1004,4,614,476,41.8189970395,-31.470247865999998,180.5,0,0,-10.207415725000004,0.0,0,0,0,0,0,0
1004,4,617,479,40.813959183499996,-31.470247865999998,180.5,0,0,-10.364452889999995,0.0,0,0,0,0,0,0
1004,4,620,482,39.7461064615,-31.470247865999998,180.5,0,0,-10.521490054999987,0.0,0,0,0,0,0,0
1004,4,623,485,38.7096611725,-31.470247865999998,180.5,0,0,-10.364452889999995,0.0,0,0,0,0,0,0
1004,4,626,488,37.6732158835,-31.470247865999998,180.5,0,0,-10.521490054999987,-0.4711114950000095,0,0,0,0,0,0
1004,4,629,491,36.6053631615,-31.564470165,180.5,0,0,-10.678527220000014,-0.6281486600000008,0,0,0,0,0,0
1004,4,632,494,35.5375104395,-31.595877597999998,180.5,0,0,-10.364452890000031,-0.15703716499999132,0,0,0,0,0,0
1004,4,635,497,34.532472583499995,-31.595877597999998,180.5,0,0,-10.835564385000005,0.0,0,0,0,0,0,0
1004,4,638,500,33.370397562499996,-31.595877597999998,180.5,0,0,-10.83556438499997,0.0,0,0,0,0,0,0
1004,4,641,503,32.3653597065,-31.595877597999998,180.5,0,0,-10.521490054999987,0.0,0,0,0,0,0,0
1004,4,644,506,31.266099551499998,-31.595877597999998,180.5,0,0,-10.521490055000022,0.0,0,0,0,0,0,0
1004,4,647,509,30.261061695499997,-31.595877597999998,180.5,0,0,-10.521490055000005,-0.15703716500000908,0,0,0,0,0,0
1004,4,650,512,29.161801540499997,-31.627285031,180.5,0,0,-10.835564384999987,-0.15703716500000908,0,0,0,0,0,0
1004,4,653,515,28.0939488185,-31.627285031,180.5,0,0,-10.207415724999986,0.0,0,0,0,0,0,0
1004,4,656,518,27.1203183955,-31.627285031,180.5,0,0,-10.207415725000004,0.15703716500000908,0,0,0,0,0,0
1004,4,659,521,26.0524656735,-31.595877597999998,180.5,0,0,-10.835564385000005,0.15703716500000908,0,0,0,0,0,0
1004,4,662,524,24.9532055185,-31.595877597999998,180.5,0,0,-10.678527219999996,0.0,0,0,0,0,0,0
1004,4,665,527,23.9167602295,-31.595877597999998,180.5,0,0,-10.678527219999996,0.0,0,0,0,0,0,0
1004,4,668,530,22.8175000745,-31.595877597999998,180.5,0,0,-11.149638715000005,0.15703716499999132,0,0,0,0,0,0
1004,4,671,533,21.6868324865,-31.564470165,180.5,0,0,-10.992601549999996,0.3140743300000004,0,0,0,0,0,0
1004,4,674,536,20.6189797645,-31.533062731999998,180.5,0,0,-10.835564385000005,0.15703716500000908,0,0,0,0,0,0
1004,4,677,539,19.519719609499997,-31.533062731999998,180.5,0,0,-11.463713045000006,0.0,0,0,0,0,0,0
1004,4,680,542,18.3262371555,-31.533062731999998,180.5,0,0,-11.306675879999997,0.0,0,0,0,0,0,0
1004,4,683,545,17.258384433499998,-31.533062731999998,180.5,0,0,-10.678527219999996,0.0,0,0,0,0,0,0
1004,4,686,548,16.1905317115,-31.533062731999998,180.5,0,0,-10.835564384999996,0.15703716499999132,0,0,0,0,0,0
1004,4,689,551,15.091271556499999,-31.501655299,180.5,0,0,-11.149638715000005,0.3140743300000004,0,0,0,0,0,0
1004,4,692,554,13.9606039685,-31.470247865999998,180.5,0,0,-11.306675879999997,0.3140743300000004,0,0,0,0,0,0
1004,4,695,557,12.8299363805,-31.438840433,180.5,0,0,-11.306675879999997,0.15703716499999132,0,0,0,0,0,0
1004,4,698,560,11.6992687925,-31.438840433,180.5,0,0,-11.149638714999996,0.0,0,0,0,0,0,0
1004,4,701,563,10.6000086375,-31.438840433,180.5,0,0,-10.835564385000005,0.0,0,0,0,0,0,0
1004,4,704,566,9.532155915499999,-31.438840433,180.5,0,0,-10.835564385000005,0.3140743300000004,0,0,0,0,0,0
1004,4,707,569,8.4328957605,-31.376025567,180.5,0,0,-11.149638714999996,0.3140743300000004,0,0,0,0,0,0
1004,4,710,572,7.3022281725,-31.376025567,180.5,0,0,-11.463713044999997,0.15703716500000908,0,0,0,0,0,0
1004,4,713,575,6.1401531515,-31.344618133999997,180.5,0,0,-11.30667588,0.15703716500000908,0,0,0,0,0,0
1004,4,716,578,5.040892996499999,-31.344618133999997,180.5,0,0,-11.149638715000002,0.0,0,0,0,0,0,0
1004,4,719,581,3.9102254084999997,-31.344618133999997,180.5,0,0,-10.992601549999996,0.15703716499999132,0,0,0,0,0,0
1004,4,722,584,2.8423726865,-31.313210701,180.5,0,0,-10.678527219999996,0.31407432999998264,0,0,0,0,0,0
1004,33,144,0,60.8519014375,-3.015113568,272.0,2.5266884568516734,5.36727208726702,0.31407432999998264,-6.5955609299999995,0,0,0,0,0,0
1004,33,147,3,60.883308870499995,-3.674669661,272.0,2.5266884568516734,5.36727208726702,0.4711114950000095,-6.281486600000001,0,0,0,0,0,0
1004,33,150,6,60.9461237365,-4.271410888,272.0,2.5266884568516734,5.36727208726702,0.31407433000001816,-5.810375105,0,0,0,0,0,0
1004,33,153,9,60.9461237365,-4.836744682,272.0,2.5266884568516734,5.36727208726702,-0.15703716499999132,-6.281486599999999,0,0,0,0,0,0
1004,33,156,12,60.9147163035,-5.527708208,272.0,2.5266884568516734,5.36727208726702,0.0,-6.281486599999999,0,0,0,0,0,0
1004,33,159,15,60.9461237365,-6.093042002,272.0,2.5266884568516734,5.36727208726702,0.15703716499999132,-5.653337939999998,0,0,0,0,0,0
1004,33,162,18,60.9461237365,-6.658375796,272.0,2.5266884568516734,5.36727208726702,0.0,-5.8103751049999985,0,0,0,0,0,0
1004,33,165,21,60.9461237365,-7.2551170229999995,272.0,2.5266884568516734,5.36727208726702,0.15703716499999132,-5.8103751049999985,0,0,0,0,0,0
1004,33,168,24,60.9775311695,-7.820450816999999,272.0,2.5266884568516734,5.36727208726702,0.47111149499997396,-5.967412270000003,0,0,0,0,0,0
1004,33,171,27,61.040346035499994,-8.448599477,272.0,2.5266884568516734,5.36727208726702,0.7851858249999921,-6.124449434999999,0,0,0,0,0,0
1004,33,174,30,61.134568334499996,-9.045340704,272.0,2.5266884568516734,5.36727208726702,0.4711114950000095,-5.653337939999998,0,0,0,0,0,0
1004,33,177,33,61.134568334499996,-9.579267065,272.0,2.5266884568516734,5.36727208726702,-0.07851858249999566,-5.653337939999998,0,0,0,0,0,0
1004,33,180,36,61.118864617999996,-10.176008291999999,270.5,2.5266884568516734,5.36727208726702,-0.07851858249999566,-6.124449434999999,0,0,0,0,0,0
1004,33,183,39,61.118864617999996,-10.804156952,270.5,2.5266884568516734,5.36727208726702,0.0,-5.967412270000008,0,0,0,0,0,0
1004,33,186,42,61.118864617999996,-11.369490746,270.5,2.5266884568516734,5.36727208726702,-0.15703716499999132,-5.182226444999998,0,0,0,0,0,0
1004,33,189,45,61.087457185,-11.840602241,270.5,2.5266884568516734,5.36727208726702,-0.15703716499999132,-5.182226444999998,0,0,0,0,0,0
1004,33,192,48,61.087457185,-12.405936035,270.5,2.5266884568516734,5.36727208726702,0.15703716499999132,-5.339263609999998,0,0,0,0,0,0
1004,33,195,51,61.118864617999996,-12.908454962999999,270.5,2.5266884568516734,5.36727208726702,0.0,-4.711114949999997,0,0,0,0,0,0
1004,33,198,54,61.087457185,-13.348159025,270.5,2.5266884568516734,5.36727208726702,0.0,-4.868152115000006,0,0,0,0,0,0
1004,33,201,57,61.118864617999996,-13.882085386,270.5,2.5266884568516734,5.36727208726702,0.15703716499999132,-5.0251892799999975,0,0,0,0,0,0
1004,33,204,60,61.118864617999996,-14.353196880999999,270.5,2.5266884568516734,5.36727208726702,0.0,-4.397040619999997,0,0,0,0,0,0
1004,33,207,63,61.118864617999996,-14.76149351,270.5,2.5266884568516734,5.36727208726702,0.0,-4.240003455000005,0,0,0,0,0,0
1004,33,210,66,61.118864617999996,-15.201197572,270.5,2.5266884568516734,5.36727208726702,0.0,-4.2400034549999965,0,0,0,0,0,0
1004,33,213,69,61.118864617999996,-15.609494200999999,270.5,2.5266884568516734,5.36727208726702,-0.31407432999998264,-3.925929124999996,0,0,0,0,0,0
1004,33,216,72,61.056049752,-15.986383396999999,270.5,2.5266884568516734,5.36727208726702,-0.31407432999998264,-3.925929125000005,0,0,0,0,0,0
1004,33,219,75,61.056049752,-16.394680026,270.5,2.5266884568516734,5.36727208726702,0.0,-3.4548176299999955,0,0,0,0,0,0
1004,33,222,78,61.056049752,-16.677346922999998,270.5,2.5266884568516734,5.36727208726702,0.15703716499999132,-3.140743300000004,0,0,0,0,0,0
1004,33,225,81,61.087457185,-17.022828686,270.5,2.5266884568516734,5.36727208726702,0.15703716499999132,-3.297780465000013,0,0,0,0,0,0
1004,33,228,84,61.087457185,-17.336903016,270.5,2.5266884568516734,5.36727208726702,-0.15703716499999132,-2.983706134999995,0,0,0,0,0,0
1004,33,231,87,61.056049752,-17.619569913,270.5,2.5266884568516734,5.36727208726702,0.0,-2.5125946399999854,0,0,0,0,0,0
1004,33,234,90,61.087457185,-17.839421943999998,270.5,2.5266884568516734,5.36727208726702,0.15703716499999132,-2.0414831449999937,0,0,0,0,0,0
1004,33,237,93,61.087457185,-18.027866541999998,270.5,2.5266884568516734,5.36727208726702,-0.31407433000001816,-2.0414831450000115,0,0,0,0,0,0
1004,33,240,96,61.024642318999994,-18.247718573,270.5,2.5266884568516734,5.36727208726702,-0.15703716499999132,-2.0414831450000115,0,0,0,0,0,0
1004,33,243,99,61.056049752,-18.436163171,270.5,2.5266884568516734,5.36727208726702,0.15703716500002685,-1.8844459800000024,0,0,0,0,0,0
1004,33,246,102,61.056049752,-18.624607769,270.5,2.5266884568516734,5.36727208726702,0.31407432999998264,-1.570371650000002,0,0,0,0,0,0
1004,33,249,105,61.118864617999996,-18.750237501,270.5,2.5266884568516734,5.36727208726702,0.31407432999998264,-1.5703716499999842,0,0,0,0,0,0
1004,33,252,108,61.118864617999996,-18.938682098999998,270.5,2.5266884568516734,5.36727208726702,0.0,-1.413334484999993,0,0,0,0,0,0
1004,33,255,111,61.118864617999996,-19.032904398,270.5,2.5266884568516734,5.36727208726702,0.0,-1.2562973200000016,0,0,0,0,0,0
1004,33,258,114,61.118864617999996,-19.189941562999998,270.5,2.5266884568516734,5.36727208726702,0.0,-1.413334484999993,0,0,0,0,0,0
1004,33,261,117,61.118864617999996,-19.315571294999998,270.5,2.5266884568516734,5.36727208726702,0.15703716499999132,-1.2562973200000016,0,0,0,0,0,0
1004,33,264,120,61.150272050999995,-19.441201026999998,270.5,2.5266884568516734,5.36727208726702,0.31407433000001816,-0.9422229900000012,0,0,0,0,0,0
1004,33,267,123,61.181679484,-19.504015893,270.5,2.5266884568516734,5.36727208726702,0.15703716500002685,-0.9422229900000012,0,0,0,0,0,0
1004,33,270,126,61.181679484,-19.629645625,270.5,2.5266884568516734,5.36727208726702,-0.4711114950000095,-0.9422229900000012,0,0,0,0,0,0
1004,33,273,129,61.087457185,-19.692460491,270.5,2.5266884568516734,5.36727208726702,-0.4711114950000095,-0.9422229900000012,0,0,0,0,0,0
1004,33,276,132,61.087457185,-19.818090223,270.5,2.5266884568516734,5.36727208726702,0.15703716499999132,-0.7851858250000099,0,0,0,0,0,0
1004,33,279,135,61.118864617999996,-19.849497656,270.5,2.5266884568516734,5.36727208726702,0.31407432999998264,-0.3140743300000004,0,0,0,0,0,0
1004,33,282,138,61.150272050999995,-19.880905089,270.5,2.5266884568516734,5.36727208726702,0.31407433000001816,-0.3140743300000004,0,0,0,0,0,0
1004,33,285,141,61.181679484,-19.912312522,270.5,2.5266884568516734,5.36727208726702,0.15703716500002685,-0.15703716500000908,0,0,0,0,0,0
1004,33,288,144,61.181679484,-19.912312522,270.5,2.5266884568516734,5.36727208726702,0.0,-0.15703716499999132,0,0,0,0,0,0
1004,33,291,147,61.181679484,-19.943719955,270.5,2.5266884568516734,5.36727208726702,0.0,-0.3140743300000004,0,0,0,0,0,0
1004,33,294,150,61.181679484,-19.975127388,270.5,2.5266884568516734,5.36727208726702,0.47111149499997396,-0.4711114950000095,0,0,0,0,0,0
1004,33,297,153,61.275901782999995,-20.037942254,270.5,2.5266884568516734,5.36727208726702,0.47111149499997396,-0.4711114949999917,0,0,0,0,0,0
1004,33,300,156,61.275901782999995,-20.069349687,270.5,2.5266884568516734,5.36727208726702,0.0,-0.15703716499999132,0,0,0,0,0,0
1004,33,303,159,61.275901782999995,-20.069349687,270.5,2.5266884568516734,5.36727208726702,0.15703716500002685,-0.15703716499999132,0,0,0,0,0,0
1004,33,306,162,61.307309216,-20.100757119999997,270.5,2.5266884568516734,5.36727208726702,0.15703716500002685,-0.3140743300000004,0,0,0,0,0,0
1004,33,309,165,61.307309216,-20.132164553,270.5,2.5266884568516734,5.36727208726702,0.15703716499999132,-0.3140743300000004,0,0,0,0,0,0
1004,33,312,168,61.338716649,-20.163571985999997,270.5,2.5266884568516734,5.36727208726702,0.15703716499999132,-0.15703716499999132,0,0,0,0,0,0
1004,33,315,171,61.338716649,-20.163571985999997,270.5,2.5266884568516734,5.36727208726702,0.15703716499999132,0.0,0,0,0,0,0,0
1004,33,318,174,61.370124082,-20.163571985999997,270.5,2.5266884568516734,5.36727208726702,0.15703716499999132,0.0,0,0,0,0,0,0
1004,33,321,177,61.370124082,-20.163571985999997,270.5,2.5266884568516734,5.36727208726702,0.0,0.0,0,0,0,0,0,0
1004,33,324,180,61.370124082,-20.163571985999997,270.5,2.5266884568516734,5.36727208726702,0.0,0.0,0,0,0,0,0,0
1004,33,327,183,61.370124082,-20.163571985999997,270.5,2.5266884568516734,5.36727208726702,-0.15703716499999132,0.15703716499999132,0,0,0,0,0,0
1004,33,330,186,61.338716649,-20.132164553,270.5,2.5266884568516734,5.36727208726702,-0.31407432999998264,0.15703716499999132,0,0,0,0,0,0
1004,33,333,189,61.307309216,-20.132164553,270.5,2.5266884568516734,5.36727208726702,-0.31407433000001816,0.0,0,0,0,0,0,0
1004,33,336,192,61.275901782999995,-20.132164553,270.5,2.5266884568516734,5.36727208726702,-0.31407433000001816,0.15703716500000908,0,0,0,0,0,0
1004,33,339,195,61.24449435,-20.100757119999997,270.5,2.5266884568516734,5.36727208726702,-0.47111149499997396,0.15703716500000908,0,0,0,0,0,0
1004,33,342,198,61.181679484,-20.100757119999997,270.5,2.5266884568516734,5.36727208726702,-0.4711114950000095,0.0,0,0,0,0,0,0
1004,33,345,201,61.150272050999995,-20.100757119999997,270.5,2.5266884568516734,5.36727208726702,-0.31407433000001816,0.0,0,0,0,0,0,0
1004,33,348,204,61.118864617999996,-20.100757119999997,270.5,2.5266884568516734,5.36727208726702,-0.31407432999998264,0.0,0,0,0,0,0,0
1004,33,351,207,61.087457185,-20.100757119999997,270.5,2.5266884568516734,5.36727208726702,-0.15703716499999132,0.15703716499999132,0,0,0,0,0,0
1004,33,354,210,61.087457185,-20.069349687,270.5,2.5266884568516734,5.36727208726702,-0.15703716499999132,0.15703716499999132,0,0,0,0,0,0
1004,33,357,213,61.056049752,-20.069349687,270.5,2.5266884568516734,5.36727208726702,-0.31407433000001816,0.0,0,0,0,0,0,0
1004,33,360,216,61.024642318999994,-20.069349687,270.5,2.5266884568516734,5.36727208726702,-0.31407433000001816,0.0,0,0,0,0,0,0
1004,33,363,219,60.993234885999996,-20.069349687,270.5,2.5266884568516734,5.36727208726702,-0.15703716499999132,0.0,0,0,0,0,0,0
1004,33,366,222,60.993234885999996,-20.069349687,270.5,2.5266884568516734,5.36727208726702,0.0,0.0,0,0,0,0,0,0
1004,33,369,225,60.993234885999996,-20.069349687,270.5,2.5266884568516734,5.36727208726702,0.0,0.0,0,0,0,0,0,0
1004,33,372,228,60.993234885999996,-20.069349687,270.5,2.5266884568516734,5.36727208726702,0.15703716499999132,0.0,0,0,0,0,0,0
1004,33,375,231,61.024642318999994,-20.069349687,270.5,2.5266884568516734,5.36727208726702,0.31407433000001816,0.0,0,0,0,0,0,0
1004,33,378,234,61.056049752,-20.069349687,270.5,2.5266884568516734,5.36727208726702,0.31407433000001816,0.0,0,0,0,0,0,0
1004,33,381,237,61.087457185,-20.069349687,270.5,2.5266884568516734,5.36727208726702,0.15703716499999132,0.0,0,0,0,0,0,0
1004,33,384,240,61.087457185,-20.069349687,270.5,2.5266884568516734,5.36727208726702,0.0,0.15703716499999132,0,0,0,0,0,0
1004,33,387,243,61.087457185,-20.037942254,270.5,2.5266884568516734,5.36727208726702,0.0,0.15703716499999132,0,0,0,0,0,0
1004,33,390,246,61.087457185,-20.037942254,270.5,2.5266884568516734,5.36727208726702,-0.15703716499999132,0.0,0,0,0,0,0,0
1004,33,393,249,61.056049752,-20.037942254,270.5,2.5266884568516734,5.36727208726702,-0.15703716499999132,0.0,0,0,0,0,0,0
1004,33,396,252,61.056049752,-20.037942254,270.5,2.5266884568516734,5.36727208726702,0.0,0.0,0,0,0,0,0,0
1004,33,399,255,61.056049752,-20.037942254,270.5,2.5266884568516734,5.36727208726702,0.0,0.0,0,0,0,0,0,0
1004,33,402,258,61.056049752,-20.037942254,270.5,2.5266884568516734,5.36727208726702,-0.15703716500002685,0.0,0,0,0,0,0,0
1004,33,405,261,61.024642318999994,-20.037942254,270.5,2.5266884568516734,5.36727208726702,-0.15703716500002685,0.0,0,0,0,0,0,0
1004,33,408,264,61.024642318999994,-20.037942254,270.5,2.5266884568516734,5.36727208726702,0.0,-0.15703716499999132,0,0,0,0,0,0
1004,33,411,267,61.024642318999994,-20.069349687,270.5,2.5266884568516734,5.36727208726702,0.0,-0.15703716499999132,0,0,0,0,0,0
1004,33,414,270,61.024642318999994,-20.069349687,270.5,2.5266884568516734,5.36727208726702,0.0,0.15703716499999132,0,0,0,0,0,0
1004,33,417,273,61.024642318999994,-20.037942254,270.5,2.5266884568516734,5.36727208726702,-0.15703716499999132,0.15703716499999132,0,0,0,0,0,0
1004,33,420,276,60.993234885999996,-20.037942254,270.5,2.5266884568516734,5.36727208726702,-0.31407432999998264,0.0,0,0,0,0,0,0
1004,33,423,279,60.961827453,-20.037942254,270.5,2.5266884568516734,5.36727208726702,-0.31407432999998264,0.0,0,0,0,0,0,0
1004,33,426,282,60.93042002,-20.037942254,270.5,2.5266884568516734,5.36727208726702,-0.15703716499999132,-0.15703716499999132,0,0,0,0,0,0
1004,33,429,285,60.93042002,-20.069349687,270.5,2.5266884568516734,5.36727208726702,0.0,-0.15703716499999132,0,0,0,0,0,0
1004,33,432,288,60.93042002,-20.069349687,270.5,2.5266884568516734,5.36727208726702,0.0,0.0,0,0,0,0,0,0
1004,33,435,291,60.93042002,-20.069349687,270.5,2.5266884568516734,5.36727208726702,0.0,-0.15703716499999132,0,0,0,0,0,0
1004,33,438,294,60.93042002,-20.100757119999997,270.5,2.5266884568516734,5.36727208726702,0.0,-0.15703716499999132,0,0,0,0,0,0
1004,33,441,297,60.93042002,-20.100757119999997,270.5,2.5266884568516734,5.36727208726702,0.0,0.0,0,0,0,0,0,0
1004,33,444,300,60.93042002,-20.100757119999997,270.5,2.5266884568516734,5.36727208726702,0.0,0.0,0,0,0,0,0,0
1004,33,447,303,60.93042002,-20.100757119999997,270.5,2.5266884568516734,5.36727208726702,0.0,0.0,0,0,0,0,0,0
1004,33,450,306,60.93042002,-20.100757119999997,270.5,2.5266884568516734,5.36727208726702,0.0,0.0,0,0,0,0,0,0
1004,33,453,309,60.93042002,-20.100757119999997,270.5,2.5266884568516734,5.36727208726702,0.0,0.0,0,0,0,0,0,0
1004,33,456,312,60.93042002,-20.100757119999997,270.5,2.5266884568516734,5.36727208726702,-0.4711114950000095,0.31407432999998264,0,0,0,0,0,0
1004,33,459,315,60.836197721,-20.037942254,270.5,2.5266884568516734,5.36727208726702,-0.3925929125000138,0.39259291249999606,0,0,0,0,0,0
1004,33,462,318,60.8519014375,-20.022238537499998,270.5,2.5266884568516734,5.36727208726702,0.0,0.15703716500000908,0,0,0,0,0,0
1004,33,465,321,60.836197721,-20.006534821,270.5,2.5266884568516734,5.36727208726702,-0.23555574749998698,0.07851858249999566,0,0,0,0,0,0
1004,33,468,324,60.804790288,-20.006534821,270.5,2.5266884568516734,5.36727208726702,-0.31407433000001816,0.0,0,0,0,0,0,0
1004,33,471,327,60.773382854999994,-20.006534821,270.5,2.5266884568516734,5.36727208726702,-0.31407433000001816,0.0,0,0,0,0,0,0
1004,33,474,330,60.741975421999996,-20.006534821,270.5,2.5266884568516734,5.36727208726702,-0.15703716499999132,0.0,0,0,0,0,0,0
1004,33,477,333,60.741975421999996,-20.006534821,270.5,2.5266884568516734,5.36727208726702,0.4711114950000095,0.0,0,0,0,0,0,0
1004,33,480,336,60.836197721,-20.006534821,270.5,2.5266884568516734,5.36727208726702,0.0,0.0,0,0,0,0,0,0
1004,33,483,339,60.741975421999996,-20.006534821,270.5,2.5266884568516734,5.36727208726702,-0.6281486600000008,0.0,0,0,0,0,0,0
1004,33,486,342,60.710567989,-20.006534821,270.5,2.5266884568516734,5.36727208726702,-0.15703716499999132,0.0,0,0,0,0,0,0
1004,33,489,345,60.710567989,-20.006534821,270.5,2.5266884568516734,5.36727208726702,0.0,0.0,0,0,0,0,0,0
1004,33,492,348,60.710567989,-20.006534821,270.5,2.5266884568516734,5.36727208726702,-0.15703716499999132,0.0,0,0,0,0,0,0
1004,33,495,351,60.679160556,-20.006534821,270.5,2.5266884568516734,5.36727208726702,-0.31407433000001816,0.0,0,0,0,0,0,0
1004,33,498,354,60.647753122999994,-20.006534821,270.5,2.5266884568516734,5.36727208726702,-0.31407433000001816,-0.15703716500000908,0,0,0,0,0,0
1004,33,500,356,60.616345689999996,-20.037942254,270.5,2.5266884568516734,5.36727208726702,-0.31407432999998264,-0.15703716500000908,0,0,0,0,0,0
1004,33,503,359,60.584938257,-20.037942254,270.5,2.5266884568516734,5.36727208726702,-0.15703716499999132,0.0,0,0,0,0,0,0
1004,33,506,362,60.584938257,-20.037942254,270.5,2.5266884568516734,5.36727208726702,0.0,0.0,0,0,0,0,0,0
1004,33,509,365,60.584938257,-20.037942254,270.5,2.5266884568516734,5.36727208726702,0.0,0.0,0,0,0,0,0,0
1004,33,512,368,60.584938257,-20.037942254,270.5,2.5266884568516734,5.36727208726702,0.0,0.0,0,0,0,0,0,0
1004,33,515,371,60.584938257,-20.037942254,270.5,2.5266884568516734,5.36727208726702,-0.15703716499999132,0.0,0,0,0,0,0,0
1004,33,518,374,60.553530824,-20.037942254,270.5,2.5266884568516734,5.36727208726702,-0.31407433000001816,0.0,0,0,0,0,0,0
1004,33,521,377,60.522123390999994,-20.037942254,270.5,2.5266884568516734,5.36727208726702,-0.15703716500002685,0.15703716500000908,0,0,0,0,0,0
1004,33,524,380,60.522123390999994,-20.006534821,270.5,2.5266884568516734,5.36727208726702,-0.31407432999998264,0.15703716500000908,0,0,0,0,0,0
1004,33,527,383,60.459308525,-20.006534821,270.5,2.5266884568516734,5.36727208726702,-0.47111149499997396,0.0,0,0,0,0,0,0
1004,33,530,386,60.427901092,-20.006534821,270.5,2.5266884568516734,5.36727208726702,-0.31407433000001816,0.0,0,0,0,0,0,0
1004,33,533,389,60.396493658999994,-20.006534821,270.5,2.5266884568516734,5.36727208726702,-0.31407433000001816,0.0,0,0,0,0,0,0
1004,33,536,392,60.365086225999995,-20.006534821,270.5,2.5266884568516734,5.36727208726702,-0.31407432999998264,0.0,0,0,0,0,0,0
1004,33,539,395,60.333678793,-20.006534821,270.5,2.5266884568516734,5.36727208726702,-0.15703716499999132,0.0,0,0,0,0,0,0
1004,33,542,398,60.333678793,-20.006534821,270.5,2.5266884568516734,5.36727208726702,0.0,0.0,0,0,0,0,0,0
1004,33,545,401,60.333678793,-20.006534821,270.5,2.5266884568516734,5.36727208726702,0.31407432999998264,-0.15703716500000908,0,0,0,0,0,0
1004,33,548,404,60.396493658999994,-20.037942254,270.5,2.5266884568516734,5.36727208726702,0.31407432999998264,-0.3140743300000004,0,0,0,0,0,0
1004,33,551,407,60.396493658999994,-20.069349687,270.5,2.5266884568516734,5.36727208726702,0.0,-0.31407432999998264,0,0,0,0,0,0
1004,33,554,410,60.396493658999994,-20.100757119999997,270.5,2.5266884568516734,5.36727208726702,0.0,-0.3140743300000004,0,0,0,0,0,0
1004,33,557,413,60.396493658999994,-20.132164553,270.5,2.5266884568516734,5.36727208726702,0.0,-0.3140743300000004,0,0,0,0,0,0
1004,33,560,416,60.396493658999994,-20.163571985999997,270.5,2.5266884568516734,5.36727208726702,0.0,-0.15703716499999132,0,0,0,0,0,0
1004,33,563,419,60.396493658999994,-20.163571985999997,270.5,2.5266884568516734,5.36727208726702,0.0,0.0,0,0,0,0,0,0
1004,33,566,422,60.396493658999994,-20.163571985999997,270.5,2.5266884568516734,5.36727208726702,0.0,0.0,0,0,0,0,0,0
1004,33,569,425,60.396493658999994,-20.163571985999997,270.5,2.5266884568516734,5.36727208726702,0.0,0.0,0,0,0,0,0,0
1004,33,572,428,60.396493658999994,-20.163571985999997,270.5,2.5266884568516734,5.36727208726702,0.0,0.0,0,0,0,0,0,0
1004,33,575,431,60.396493658999994,-20.163571985999997,270.5,2.5266884568516734,5.36727208726702,0.0,0.0,0,0,0,0,0,0
1004,33,578,434,60.396493658999994,-20.163571985999997,270.5,2.5266884568516734,5.36727208726702,0.0,0.0,0,0,0,0,0,0
1004,33,581,437,60.396493658999994,-20.163571985999997,270.5,2.5266884568516734,5.36727208726702,0.0,-0.3140743300000004,0,0,0,0,0,0
1004,33,584,440,60.396493658999994,-20.226386851999997,270.5,2.5266884568516734,5.36727208726702,0.15703716500002685,-0.3140743300000004,0,0,0,0,0,0
1004,33,587,443,60.427901092,-20.226386851999997,270.5,2.5266884568516734,5.36727208726702,0.15703716500002685,0.0,0,0,0,0,0,0
1004,33,590,446,60.427901092,-20.226386851999997,270.5,2.5266884568516734,5.36727208726702,0.0,0.0,0,0,0,0,0,0
1004,33,593,449,60.427901092,-20.226386851999997,270.5,2.5266884568516734,5.36727208726702,0.0,0.0,0,0,0,0,0,0
1004,33,596,452,60.427901092,-20.226386851999997,270.5,2.5266884568516734,5.36727208726702,0.0,0.0,0,0,0,0,0,0
1004,33,599,455,60.427901092,-20.226386851999997,270.5,2.5266884568516734,5.36727208726702,0.31407432999998264,0.0,0,0,0,0,0,0
1004,33,602,458,60.490715957999996,-20.226386851999997,270.5,2.5266884568516734,5.36727208726702,0.31407432999998264,0.0,0,0,0,0,0,0
1004,33,605,461,60.490715957999996,-20.226386851999997,270.5,2.5266884568516734,5.36727208726702,0.0,0.0,0,0,0,0,0,0
1004,33,608,464,60.490715957999996,-20.226386851999997,270.5,2.5266884568516734,5.36727208726702,0.0,0.0,0,0,0,0,0,0
1004,33,611,467,60.490715957999996,-20.226386851999997,270.5,2.5266884568516734,5.36727208726702,0.0,0.0,0,0,0,0,0,0
1004,33,614,470,60.490715957999996,-20.226386851999997,270.5,2.5266884568516734,5.36727208726702,0.0,0.0,0,0,0,0,0,0
1004,33,617,473,60.490715957999996,-20.226386851999997,270.5,2.5266884568516734,5.36727208726702,0.0,0.0,0,0,0,0,0,0
1004,33,620,476,60.490715957999996,-20.226386851999997,270.5,2.5266884568516734,5.36727208726702,0.0,-0.15703716500000908,0,0,0,0,0,0
1004,33,623,479,60.490715957999996,-20.257794285,270.5,2.5266884568516734,5.36727208726702,0.0,-0.15703716500000908,0,0,0,0,0,0
1004,33,626,482,60.490715957999996,-20.257794285,270.5,2.5266884568516734,5.36727208726702,-0.31407432999998264,0.0,0,0,0,0,0,0
1004,33,629,485,60.427901092,-20.257794285,270.5,2.5266884568516734,5.36727208726702,-0.4711114950000095,0.0,0,0,0,0,0,0
1004,33,632,488,60.396493658999994,-20.257794285,270.5,2.5266884568516734,5.36727208726702,-0.31407433000001816,0.0,0,0,0,0,0,0
1004,33,635,491,60.365086225999995,-20.257794285,270.5,2.5266884568516734,5.36727208726702,-0.31407432999998264,0.0,0,0,0,0,0,0
1004,33,638,494,60.333678793,-20.257794285,270.5,2.5266884568516734,5.36727208726702,-0.15703716499999132,0.0,0,0,0,0,0,0
1004,33,641,497,60.333678793,-20.257794285,270.5,2.5266884568516734,5.36727208726702,-0.31407432999998264,0.0,0,0,0,0,0,0
1004,33,644,500,60.270863927,-20.257794285,270.5,2.5266884568516734,5.36727208726702,-0.6281486600000008,0.0,0,0,0,0,0,0
1004,33,647,503,60.208049061,-20.257794285,270.5,2.5266884568516734,5.36727208726702,-0.31407433000001816,0.15703716500000908,0,0,0,0,0,0
1004,33,650,506,60.208049061,-20.226386851999997,270.5,2.5266884568516734,5.36727208726702,0.31407433000001816,0.15703716500000908,0,0,0,0,0,0
1004,33,653,509,60.270863927,-20.226386851999997,270.5,2.5266884568516734,5.36727208726702,0.6281486600000008,0.0,0,0,0,0,0,0
1004,33,656,512,60.333678793,-20.226386851999997,270.5,2.5266884568516734,5.36727208726702,0.6281486599999653,0.0,0,0,0,0,0,0
1004,33,659,515,60.396493658999994,-20.226386851999997,270.5,2.5266884568516734,5.36727208726702,0.0,0.15703716499999132,0,0,0,0,0,0
1004,33,662,518,60.333678793,-20.194979419,270.5,2.5266884568516734,5.36727208726702,-0.31407432999998264,0.15703716499999132,0,0,0,0,0,0
1004,33,665,521,60.333678793,-20.194979419,270.5,2.5266884568516734,5.36727208726702,-0.4711114950000095,0.0,0,0,0,0,0,0
1004,33,668,524,60.239456493999995,-20.194979419,270.5,2.5266884568516734,5.36727208726702,-0.9422229899999834,0.0,0,0,0,0,0,0
1004,33,671,527,60.145234195,-20.194979419,270.5,2.5266884568516734,5.36727208726702,-0.7851858249999921,0.0,0,0,0,0,0,0
1004,33,674,530,60.082419329,-20.194979419,270.5,2.5266884568516734,5.36727208726702,-0.6281486600000008,0.0,0,0,0,0,0,0
1004,33,677,533,60.019604463,-20.194979419,270.5,2.5266884568516734,5.36727208726702,-0.6281486600000008,0.15703716500000908,0,0,0,0,0,0
1004,33,680,536,59.956789597,-20.163571985999997,270.5,2.5266884568516734,5.36727208726702,-0.4711114950000095,0.15703716500000908,0,0,0,0,0,0
1004,33,683,539,59.925382164,-20.163571985999997,270.5,2.5266884568516734,5.36727208726702,-0.15703716499999132,0.0,0,0,0,0,0,0
1004,33,686,542,59.925382164,-20.163571985999997,270.5,2.5266884568516734,5.36727208726702,-0.7851858249999921,0.15703716499999132,0,0,0,0,0,0
1004,33,689,545,59.768344999,-20.132164553,270.5,2.5266884568516734,5.36727208726702,-0.942222990000019,0.3140743300000004,0,0,0,0,0,0
1004,33,692,548,59.736937565999995,-20.100757119999997,270.5,2.5266884568516734,5.36727208726702,-0.31407433000001816,0.3140743300000004,0,0,0,0,0,0
1004,33,695,551,59.705530132999996,-20.069349687,270.5,2.5266884568516734,5.36727208726702,-0.31407432999998264,0.31407432999998264,0,0,0,0,0,0
1004,33,698,554,59.6741227,-20.037942254,270.5,2.5266884568516734,5.36727208726702,-0.31407432999998264,0.15703716499999132,0,0,0,0,0,0
1004,33,701,557,59.642715267,-20.037942254,270.5,2.5266884568516734,5.36727208726702,-0.31407433000001816,0.0,0,0,0,0,0,0
1004,33,704,560,59.611307833999994,-20.037942254,270.5,2.5266884568516734,5.36727208726702,-0.31407433000001816,0.0,0,0,0,0,0,0
1004,33,707,563,59.579900400999996,-20.037942254,270.5,2.5266884568516734,5.36727208726702,-0.31407432999998264,0.0,0,0,0,0,0,0
1004,33,710,566,59.548492968,-20.037942254,270.5,2.5266884568516734,5.36727208726702,-0.31407432999998264,0.0,0,0,0,0,0,0
1004,33,713,569,59.517085535,-20.037942254,270.5,2.5266884568516734,5.36727208726702,-0.31407433000001816,0.15703716500000908,0,0,0,0,0,0
1004,33,716,572,59.485678101999994,-20.006534821,270.5,2.5266884568516734,5.36727208726702,-0.31407433000001816,0.3140743300000004,0,0,0,0,0,0
1004,33,719,575,59.454270668999996,-19.975127388,270.5,2.5266884568516734,5.36727208726702,-0.31407432999998264,0.3140743300000004,0,0,0,0,0,0
1004,33,722,578,59.422863236,-19.943719955,270.5,2.5266884568516734,5.36727208726702,-0.31407432999998264,0.3140743300000004,0,0,0,0,0,0
1004,33,725,581,59.391455803,-19.912312522,270.5,2.5266884568516734,5.36727208726702,-0.15703716499999132,0.15703716499999132,0,0,0,0,0,0
1004,33,728,584,59.391455803,-19.912312522,270.5,2.5266884568516734,5.36727208726702,-0.15703716500002685,0.0,0,0,0,0,0,0
1004,33,731,587,59.360048369999994,-19.912312522,270.5,2.5266884568516734,5.36727208726702,-0.31407433000001816,0.0,0,0,0,0,0,0
1004,33,734,590,59.328640936999996,-19.912312522,270.5,2.5266884568516734,5.36727208726702,-0.15703716499999132,0.0,0,0,0,0,0,0
1004,33,737,593,59.328640936999996,-19.912312522,270.5,2.5266884568516734,5.36727208726702,0.0,0.0,0,0,0,0,0,0
1004,33,740,596,59.328640936999996,-19.912312522,270.5,2.5266884568516734,5.36727208726702,-0.31407432999998264,0.0,0,0,0,0,0,0
1004,33,743,599,59.265826071,-19.912312522,270.5,2.5266884568516734,5.36727208726702,-0.6281486600000008,0.0,0,0,0,0,0,0
1004,33,746,602,59.203011204999996,-19.912312522,270.5,2.5266884568516734,5.36727208726702,-0.31407433000001816,0.0,0,0,0,0,0,0
1004,33,749,605,59.203011204999996,-19.912312522,270.5,2.5266884568516734,5.36727208726702,0.0,0.0,0,0,0,0,0,0
1004,33,752,608,59.203011204999996,-19.912312522,270.5,2.5266884568516734,5.36727208726702,0.31407433000001816,-0.15703716499999132,0,0,0,0,0,0
1004,33,755,611,59.265826071,-19.943719955,270.5,2.5266884568516734,5.36727208726702,0.6281486600000008,-0.15703716499999132,0,0,0,0,0,0
1004,33,758,614,59.328640936999996,-19.943719955,270.5,2.5266884568516734,5.36727208726702,0.6281486600000008,0.0,0,0,0,0,0,0
1004,33,761,617,59.391455803,-19.943719955,270.5,2.5266884568516734,5.36727208726702,0.31407433000001816,0.0,0,0,0,0,0,0
1004,33,764,620,59.391455803,-19.943719955,270.5,2.5266884568516734,5.36727208726702,0.0,-0.15703716500000908,0,0,0,0,0,0
1004,33,767,623,59.391455803,-19.975127388,270.5,2.5266884568516734,5.36727208726702,0.31407432999998264,-0.15703716500000908,0,0,0,0,0,0
1004,33,770,626,59.454270668999996,-19.975127388,270.5,2.5266884568516734,5.36727208726702,0.6281486600000008,0.0,0,0,0,0,0,0
1004,33,773,629,59.517085535,-19.975127388,270.5,2.5266884568516734,5.36727208726702,0.6281486600000008,0.0,0,0,0,0,0,0
1004,33,776,632,59.579900400999996,-19.975127388,270.5,2.5266884568516734,5.36727208726702,0.47111149499997396,0.0,0,0,0,0,0,0
1004,33,779,635,59.611307833999994,-19.975127388,270.5,2.5266884568516734,5.36727208726702,0.4711114950000095,-0.15703716499999132,0,0,0,0,0,0
1004,33,782,638,59.6741227,-20.006534821,270.5,2.5266884568516734,5.36727208726702,0.4711114950000095,-0.15703716499999132,0,0,0,0,0,0
1004,33,785,641,59.705530132999996,-20.006534821,270.5,2.5266884568516734,5.36727208726702,0.31407432999998264,0.0,0,0,0,0,0,0
1004,33,788,644,59.736937565999995,-20.006534821,270.5,2.5266884568516734,5.36727208726702,0.4711114950000095,0.0,0,0,0,0,0,0
1004,33,791,647,59.799752432,-20.006534821,270.5,2.5266884568516734,5.36727208726702,0.4711114950000095,-0.15703716500000908,0,0,0,0,0,0
1004,33,794,650,59.831159865,-20.037942254,270.5,2.5266884568516734,5.36727208726702,0.31407432999998264,-0.3140743300000004,0,0,0,0,0,0
1004,33,797,653,59.862567297999995,-20.069349687,270.5,2.5266884568516734,5.36727208726702,0.31407433000001816,-0.31407432999998264,0,0,0,0,0,0
1004,33,800,656,59.893974731,-20.100757119999997,270.5,2.5266884568516734,5.36727208726702,0.5496300775000051,-0.39259291249999606,0,0,0,0,0,0
1004,33,803,659,59.972493313499996,-20.147868269499998,270.5,2.5266884568516734,5.36727208726702,0.31407432999998264,-0.15703716500000908,0,0,0,0,0,0
1004,33,806,662,59.956789597,-20.132164553,270.5,2.5266884568516734,5.36727208726702,-0.07851858249999566,-0.07851858249999566,0,0,0,0,0,0
1004,33,809,665,59.956789597,-20.163571985999997,270.5,2.5266884568516734,5.36727208726702,0.0,-0.4711114949999917,0,0,0,0,0,0
1004,33,812,668,59.956789597,-20.226386851999997,270.5,2.5266884568516734,5.36727208726702,0.0,-0.3140743300000004,0,0,0,0,0,0
1004,33,815,671,59.956789597,-20.226386851999997,270.5,2.5266884568516734,5.36727208726702,0.0,-0.15703716500000908,0,0,0,0,0,0
1004,33,818,674,59.956789597,-20.257794285,270.5,2.5266884568516734,5.36727208726702,0.0,-0.3140743300000004,0,0,0,0,0,0
1004,33,821,677,59.956789597,-20.289201717999997,270.5,2.5266884568516734,5.36727208726702,-0.15703716499999132,-0.3140743300000004,0,0,0,0,0,0
1004,33,824,680,59.925382164,-20.320609151,270.5,2.5266884568516734,5.36727208726702,-0.15703716499999132,-0.6281486600000008,0,0,0,0,0,0
1004,33,827,683,59.925382164,-20.414831449999998,270.5,2.5266884568516734,5.36727208726702,-0.15703716499999132,-0.9422229900000012,0,0,0,0,0,0
1004,33,830,686,59.893974731,-20.509053749,270.5,2.5266884568516734,5.36727208726702,-0.6281486600000008,-0.4711114950000095,0,0,0,0,0,0
1004,33,833,689,59.799752432,-20.509053749,270.5,2.5266884568516734,5.36727208726702,-0.6281486600000008,-0.3140743300000004,0,0,0,0,0,0
1004,33,836,692,59.768344999,-20.571868615,270.5,2.5266884568516734,5.36727208726702,-0.4711114950000095,-0.7851858249999921,0,0,0,0,0,0
1004,33,839,695,59.705530132999996,-20.666090913999998,270.5,2.5266884568516734,5.36727208726702,-0.4711114950000095,-0.9422229900000012,0,0,0,0,0,0
1004,33,842,698,59.6741227,-20.760313213,270.5,2.5266884568516734,5.36727208726702,-0.31407432999998264,-0.9422229900000012,0,0,0,0,0,0
1004,33,845,701,59.642715267,-20.854535511999998,270.5,2.5266884568516734,5.36727208726702,-0.31407433000001816,-0.7851858249999921,0,0,0,0,0,0
1004,33,848,704,59.611307833999994,-20.917350378,270.5,2.5266884568516734,5.36727208726702,-0.07851858249999566,-0.5496300775000051,0,0,0,0,0,0
1004,33,851,707,59.6270115505,-20.9644615275,270.5,2.5266884568516734,5.36727208726702,-0.23555574749998698,-0.39259291249999606,0,0,0,0,0,0
1004,33,854,710,59.5641966845,-20.995868960499998,271.5,2.5266884568516734,5.36727208726702,-0.31407433000001816,-0.3140743300000004,0,0,0,0,0,0
1004,33,857,713,59.5641966845,-21.0272763935,271.5,2.5266884568516734,5.36727208726702,-0.15703716499999132,-0.4711114950000095,0,0,0,0,0,0
1004,33,860,716,59.5327892515,-21.0900912595,271.5,2.5266884568516734,5.36727208726702,-0.15703716499999132,-0.6281486600000008,0,0,0,0,0,0
1004,33,863,719,59.5327892515,-21.1529061255,271.5,2.5266884568516734,5.36727208726702,0.0,-0.6281486600000008,0,0,0,0,0,0
1004,33,866,722,59.5327892515,-21.2157209915,271.5,2.5266884568516734,5.36727208726702,0.0,-0.6281486600000008,0,0,0,0,0,0
1004,33,869,725,59.5327892515,-21.2785358575,271.5,2.5266884568516734,5.36727208726702,0.0,-0.6281486600000008,0,0,0,0,0,0
1004,33,872,728,59.5327892515,-21.3413507235,271.5,2.5266884568516734,5.36727208726702,0.0,-0.6281486600000008,0,0,0,0,0,0
1004,33,875,731,59.5327892515,-21.4041655895,271.5,2.5266884568516734,5.36727208726702,0.0,-0.6281486600000008,0,0,0,0,0,0
1004,33,878,734,59.5327892515,-21.4669804555,271.5,2.5266884568516734,5.36727208726702,0.0,-0.4711114949999917,0,0,0,0,0,0
1004,33,881,737,59.5327892515,-21.498387888499998,271.5,2.5266884568516734,5.36727208726702,0.0,-0.15703716499999132,0,0,0,0,0,0
1004,33,884,740,59.5327892515,-21.498387888499998,271.5,2.5266884568516734,5.36727208726702,0.0,-0.15703716500000908,0,0,0,0,0,0
1004,33,887,743,59.5327892515,-21.5297953215,271.5,2.5266884568516734,5.36727208726702,0.0,-0.4711114950000095,0,0,0,0,0,0
1004,33,890,746,59.5327892515,-21.5926101875,271.5,2.5266884568516734,5.36727208726702,-0.15703716499999132,-0.3140743300000004,0,0,0,0,0,0
1004,33,893,749,59.5013818185,-21.5926101875,271.5,2.5266884568516734,5.36727208726702,-0.31407433000001816,0.0,0,0,0,0,0,0
1004,33,896,752,59.469974385499995,-21.5926101875,271.5,2.5266884568516734,5.36727208726702,-0.31407433000001816,0.0,0,0,0,0,0,0
1004,33,899,755,59.4385669525,-21.5926101875,271.5,2.5266884568516734,5.36727208726702,-0.31407432999998264,0.0,0,0,0,0,0,0
1004,33,902,758,59.4071595195,-21.5926101875,271.5,2.5266884568516734,5.36727208726702,-0.31407432999998264,0.0,0,0,0,0,0,0
1004,33,905,761,59.3757520865,-21.5926101875,271.5,2.5266884568516734,5.36727208726702,-0.4711114950000095,0.0,0,0,0,0,0,0
1004,33,908,764,59.3129372205,-21.5926101875,271.5,2.5266884568516734,5.36727208726702,-0.4711114950000095,0.0,0,0,0,0,0,0
1004,33,911,767,59.2815297875,-21.5926101875,271.5,2.5266884568516734,5.36727208726702,-0.31407432999998264,0.0,0,0,0,0,0,0
1004,33,914,770,59.2501223545,-21.5926101875,271.5,2.5266884568516734,5.36727208726702,-0.31407433000001816,0.0,0,0,0,0,0,0
1004,33,917,773,59.218714921499995,-21.5926101875,271.5,2.5266884568516734,5.36727208726702,-0.15703716500002685,0.0,0,0,0,0,0,0
1004,33,920,776,59.218714921499995,-21.5926101875,271.5,2.5266884568516734,5.36727208726702,0.0,0.0,0,0,0,0,0,0
1004,33,923,779,59.218714921499995,-21.5926101875,271.5,2.5266884568516734,5.36727208726702,0.0,0.0,0,0,0,0,0,0
1004,33,926,782,59.218714921499995,-21.5926101875,271.5,2.5266884568516734,5.36727208726702,-0.15703716499999132,0.0,0,0,0,0,0,0
1004,33,929,785,59.1873074885,-21.5926101875,271.5,2.5266884568516734,5.36727208726702,-0.47111149499997396,0.0,0,0,0,0,0,0
1004,33,932,788,59.1244926225,-21.5926101875,271.5,2.5266884568516734,5.36727208726702,-0.31407432999998264,0.0,0,0,0,0,0,0
1004,33,935,791,59.1244926225,-21.5926101875,271.5,2.5266884568516734,5.36727208726702,0.0,0.0,0,0,0,0,0,0
1004,33,938,794,59.1244926225,-21.5926101875,271.5,2.5266884568516734,5.36727208726702,-0.31407433000001816,0.0,0,0,0,0,0,0
1004,33,941,797,59.061677756499996,-21.5926101875,271.5,2.5266884568516734,5.36727208726702,-0.31407433000001816,0.0,0,0,0,0,0,0
1004,33,944,800,59.061677756499996,-21.5926101875,271.5,2.5266884568516734,5.36727208726702,0.0,0.0,0,0,0,0,0,0
1004,33,947,803,59.061677756499996,-21.5926101875,271.5,2.5266884568516734,5.36727208726702,0.0,0.0,0,0,0,0,0,0
1004,33,950,806,59.061677756499996,-21.5926101875,271.5,2.5266884568516734,5.36727208726702,0.0,0.0,0,0,0,0,0,0
1004,33,953,809,59.061677756499996,-21.5926101875,271.5,2.5266884568516734,5.36727208726702,0.0,0.0,0,0,0,0,0,0
1004,33,956,812,59.061677756499996,-21.5926101875,271.5,2.5266884568516734,5.36727208726702,0.0,0.0,0,0,0,0,0,0
1004,33,959,815,59.061677756499996,-21.5926101875,271.5,2.5266884568516734,5.36727208726702,0.0,0.0,0,0,0,0,0,0
1004,33,962,818,59.061677756499996,-21.5926101875,271.5,2.5266884568516734,5.36727208726702,0.0,0.0,0,0,0,0,0,0
1004,33,965,821,59.061677756499996,-21.5926101875,271.5,2.5266884568516734,5.36727208726702,0.0,0.0,0,0,0,0,0,0
1004,33,968,824,59.061677756499996,-21.5926101875,271.5,2.5266884568516734,5.36727208726702,0.0,0.0,0,0,0,0,0,0
1004,33,971,827,59.061677756499996,-21.5926101875,271.5,2.5266884568516734,5.36727208726702,-0.15703716499999132,0.0,0,0,0,0,0,0
1004,33,974,830,59.0302703235,-21.5926101875,271.5,2.5266884568516734,5.36727208726702,-0.15703716499999132,0.0,0,0,0,0,0,0
1004,33,977,833,59.0302703235,-21.5926101875,271.5,2.5266884568516734,5.36727208726702,0.0,0.0,0,0,0,0,0,0
1004,33,980,836,59.0302703235,-21.5926101875,271.5,2.5266884568516734,5.36727208726702,0.0,0.0,0,0,0,0,0,0
1004,33,983,839,59.0302703235,-21.5926101875,271.5,2.5266884568516734,5.36727208726702,-0.15703716499999132,0.0,0,0,0,0,0,0
1004,33,986,842,58.9988628905,-21.5926101875,271.5,2.5266884568516734,5.36727208726702,-0.31407433000001816,0.0,0,0,0,0,0,0
1004,33,989,845,58.967455457499995,-21.5926101875,271.5,2.5266884568516734,5.36727208726702,-0.15703716500002685,0.0,0,0,0,0,0,0
1004,33,992,848,58.967455457499995,-21.5926101875,271.5,2.5266884568516734,5.36727208726702,0.0,0.0,0,0,0,0,0,0
1004,33,995,851,58.967455457499995,-21.5926101875,271.5,2.5266884568516734,5.36727208726702,0.0,0.0,0,0,0,0,0,0
1004,33,998,854,58.967455457499995,-21.5926101875,271.5,2.5266884568516734,5.36727208726702,0.0,0.0,0,0,0,0,0,0
1004,33,1001,857,58.967455457499995,-21.5926101875,271.5,2.5266884568516734,5.36727208726702,0.0,0.0,0,0,0,0,0,0
1004,33,1004,860,58.967455457499995,-21.5926101875,271.5,2.5266884568516734,5.36727208726702,0.0,0.0,0,0,0,0,0,0
1004,33,1007,863,58.967455457499995,-21.5926101875,271.5,2.5266884568516734,5.36727208726702,0.0,0.0,0,0,0,0,0,0
1004,33,1010,866,58.967455457499995,-21.5926101875,271.5,2.5266884568516734,5.36727208726702,0.0,0.0,0,0,0,0,0,0
1004,33,1013,869,58.967455457499995,-21.5926101875,271.5,2.5266884568516734,5.36727208726702,0.0,0.0,0,0,0,0,0,0
1004,33,1016,872,58.967455457499995,-21.5926101875,271.5,2.5266884568516734,5.36727208726702,0.0,0.0,0,0,0,0,0,0
1004,33,1019,875,58.967455457499995,-21.5926101875,271.5,2.5266884568516734,5.36727208726702,0.0,0.0,0,0,0,0,0,0
1004,33,1022,878,58.967455457499995,-21.5926101875,271.5,2.5266884568516734,5.36727208726702,0.0,0.0,0,0,0,0,0,0
1004,33,1025,881,58.967455457499995,-21.5926101875,271.5,2.5266884568516734,5.36727208726702,-0.31407432999998264,0.0,0,0,0,0,0,0
1004,33,1028,884,58.9046405915,-21.5926101875,271.5,2.5266884568516734,5.36727208726702,-0.31407432999998264,0.0,0,0,0,0,0,0
1004,33,1031,887,58.9046405915,-21.5926101875,271.5,2.5266884568516734,5.36727208726702,0.0,0.0,0,0,0,0,0,0
1004,33,1034,890,58.9046405915,-21.5926101875,271.5,2.5266884568516734,5.36727208726702,0.0,0.0,0,0,0,0,0,0
1004,33,1037,893,58.9046405915,-21.5926101875,271.5,2.5266884568516734,5.36727208726702,0.0,0.0,0,0,0,0,0,0
1004,33,1040,896,58.9046405915,-21.5926101875,271.5,2.5266884568516734,5.36727208726702,0.0,0.0,0,0,0,0,0,0
1004,33,1043,899,58.9046405915,-21.5926101875,271.5,2.5266884568516734,5.36727208726702,0.0,0.0,0,0,0,0,0,0
1004,33,1046,902,58.9046405915,-21.5926101875,271.5,2.5266884568516734,5.36727208726702,0.0,0.0,0,0,0,0,0,0
1004,33,1049,905,58.9046405915,-21.5926101875,271.5,2.5266884568516734,5.36727208726702,0.31407432999998264,0.0,0,0,0,0,0,0
1004,33,1052,908,58.967455457499995,-21.5926101875,271.5,2.5266884568516734,5.36727208726702,0.4711114950000095,0.0,0,0,0,0,0,0
1004,33,1055,911,58.9988628905,-21.5926101875,271.5,2.5266884568516734,5.36727208726702,0.31407433000001816,0.0,0,0,0,0,0,0
1004,33,1058,914,59.0302703235,-21.5926101875,271.5,2.5266884568516734,5.36727208726702,0.31407432999998264,0.0,0,0,0,0,0,0
1004,33,1061,917,59.061677756499996,-21.5926101875,271.5,2.5266884568516734,5.36727208726702,0.31407432999998264,0.0,0,0,0,0,0,0
1004,33,1064,920,59.093085189499995,-21.5926101875,271.5,2.5266884568516734,5.36727208726702,0.31407433000001816,0.0,0,0,0,0,0,0
1004,33,1067,923,59.1244926225,-21.5926101875,271.5,2.5266884568516734,5.36727208726702,0.15703716500002685,0.0,0,0,0,0,0,0
1004,33,1070,926,59.1244926225,-21.5926101875,271.5,2.5266884568516734,5.36727208726702,0.0,0.0,0,0,0,0,0,0
1004,33,1073,929,59.1244926225,-21.5926101875,271.5,2.5266884568516734,5.36727208726702,0.0,0.0,0,0,0,0,0,0
1004,33,1076,932,59.1244926225,-21.5926101875,271.5,2.5266884568516734,5.36727208726702,0.0,0.0,0,0,0,0,0,0
1004,33,1079,935,59.1244926225,-21.5926101875,271.5,2.5266884568516734,5.36727208726702,0.0,0.0,0,0,0,0,0,0
1004,33,1082,938,59.1244926225,-21.5926101875,271.5,2.5266884568516734,5.36727208726702,0.0,-0.3140743300000004,0,0,0,0,0,0
1004,33,1085,941,59.1244926225,-21.6554250535,271.5,2.5266884568516734,5.36727208726702,0.0,-0.3140743300000004,0,0,0,0,0,0
1004,33,1088,944,59.1244926225,-21.6554250535,271.5,2.5266884568516734,5.36727208726702,0.0,0.0,0,0,0,0,0,0
1004,33,1091,947,59.1244926225,-21.6554250535,271.5,2.5266884568516734,5.36727208726702,-0.15703716500002685,0.0,0,0,0,0,0,0
1004,33,1094,950,59.093085189499995,-21.6554250535,271.5,2.5266884568516734,5.36727208726702,-0.31407433000001816,0.0,0,0,0,0,0,0
1004,33,1097,953,59.061677756499996,-21.6554250535,271.5,2.5266884568516734,5.36727208726702,-0.15703716499999132,0.0,0,0,0,0,0,0
1004,33,1100,956,59.061677756499996,-21.6554250535,271.5,2.5266884568516734,5.36727208726702,0.0,0.0,0,0,0,0,0,0
1004,33,1103,959,59.061677756499996,-21.6554250535,271.5,2.5266884568516734,5.36727208726702,0.0,0.0,0,0,0,0,0,0
1004,33,1106,962,59.061677756499996,-21.6554250535,271.5,2.5266884568516734,5.36727208726702,0.0,0.0,0,0,0,0,0,0
1004,33,1109,965,59.061677756499996,-21.6554250535,271.5,2.5266884568516734,5.36727208726702,0.0,0.0,0,0,0,0,0,0
1004,33,1112,968,59.061677756499996,-21.6554250535,271.5,2.5266884568516734,5.36727208726702,0.0,0.0,0,0,0,0,0,0
1004,33,1115,971,59.061677756499996,-21.6554250535,271.5,2.5266884568516734,5.36727208726702,0.0,0.0,0,0,0,0,0,0
1004,33,1118,974,59.061677756499996,-21.6554250535,271.5,2.5266884568516734,5.36727208726702,0.0,0.0,0,0,0,0,0,0
1004,33,1121,977,59.061677756499996,-21.6554250535,271.5,2.5266884568516734,5.36727208726702,0.0,0.0,0,0,0,0,0,0
1004,33,1124,980,59.061677756499996,-21.6554250535,271.5,2.5266884568516734,5.36727208726702,0.0,0.0,0,0,0,0,0,0
1004,33,1127,983,59.061677756499996,-21.6554250535,271.5,2.5266884568516734,5.36727208726702,0.15703716499999132,0.0,0,0,0,0,0,0
1004,33,1130,986,59.093085189499995,-21.6554250535,271.5,2.5266884568516734,5.36727208726702,0.15703716499999132,0.0,0,0,0,0,0,0
1004,33,1133,989,59.093085189499995,-21.6554250535,271.5,2.5266884568516734,5.36727208726702,0.0,0.0,0,0,0,0,0,0
1004,33,1136,992,59.093085189499995,-21.6554250535,271.5,2.5266884568516734,5.36727208726702,0.0,0.0,0,0,0,0,0,0
1004,33,1139,995,59.093085189499995,-21.6554250535,271.5,2.5266884568516734,5.36727208726702,0.0,0.0,0,0,0,0,0,0
1004,33,1142,998,59.093085189499995,-21.6554250535,271.5,2.5266884568516734,5.36727208726702,0.0,0.0,0,0,0,0,0,0
1004,33,1145,1001,59.093085189499995,-21.6554250535,271.5,2.5266884568516734,5.36727208726702,0.0,0.0,0,0,0,0,0,0
1004,33,1148,1004,59.093085189499995,-21.6554250535,271.5,2.5266884568516734,5.36727208726702,0.0,0.0,0,0,0,0,0,0
1004,33,1151,1007,59.093085189499995,-21.6554250535,271.5,2.5266884568516734,5.36727208726702,0.0,0.0,0,0,0,0,0,0
1004,33,1154,1010,59.093085189499995,-21.6554250535,271.5,2.5266884568516734,5.36727208726702,0.0,0.0,0,0,0,0,0,0
1004,33,1157,1013,59.093085189499995,-21.6554250535,271.5,2.5266884568516734,5.36727208726702,0.0,0.0,0,0,0,0,0,0
1004,33,1160,1016,59.093085189499995,-21.6554250535,271.5,2.5266884568516734,5.36727208726702,0.0,0.0,0,0,0,0,0,0
1004,33,1163,1019,59.093085189499995,-21.6554250535,271.5,2.5266884568516734,5.36727208726702,0.0,0.0,0,0,0,0,0,0
1004,33,1166,1022,59.093085189499995,-21.6554250535,271.5,2.5266884568516734,5.36727208726702,0.0,0.0,0,0,0,0,0,0
1004,33,1169,1025,59.093085189499995,-21.6554250535,271.5,2.5266884568516734,5.36727208726702,0.0,0.0,0,0,0,0,0,0
1004,33,1172,1028,59.093085189499995,-21.6554250535,271.5,2.5266884568516734,5.36727208726702,0.0,0.0,0,0,0,0,0,0
1004,33,1175,1031,59.093085189499995,-21.6554250535,271.5,2.5266884568516734,5.36727208726702,0.0,0.0,0,0,0,0,0,0
1004,33,1178,1034,59.093085189499995,-21.6554250535,271.5,2.5266884568516734,5.36727208726702,0.0,0.0,0,0,0,0,0,0
1004,33,1181,1037,59.093085189499995,-21.6554250535,271.5,2.5266884568516734,5.36727208726702,0.0,0.0,0,0,0,0,0,0
1004,33,1184,1040,59.093085189499995,-21.6554250535,271.5,2.5266884568516734,5.36727208726702,0.0,0.0,0,0,0,0,0,0
1004,33,1187,1043,59.093085189499995,-21.6554250535,271.5,2.5266884568516734,5.36727208726702,0.0,0.0,0,0,0,0,0,0
1004,33,1190,1046,59.093085189499995,-21.6554250535,271.5,2.5266884568516734,5.36727208726702,0.0,0.0,0,0,0,0,0,0
1004,33,1193,1049,59.093085189499995,-21.6554250535,271.5,2.5266884568516734,5.36727208726702,0.0,-0.3140743300000004,0,0,0,0,0,0
1004,33,1196,1052,59.093085189499995,-21.7182399195,271.5,2.5266884568516734,5.36727208726702,0.15703716500002685,-0.3140743300000004,0,0,0,0,0,0
1004,33,1199,1055,59.1244926225,-21.7182399195,271.5,2.5266884568516734,5.36727208726702,0.31407433000001816,0.0,0,0,0,0,0,0
1004,33,1202,1058,59.1559000555,-21.7182399195,271.5,2.5266884568516734,5.36727208726702,0.31407432999998264,0.0,0,0,0,0,0,0
1004,33,1205,1061,59.1873074885,-21.7182399195,271.5,2.5266884568516734,5.36727208726702,0.31407432999998264,0.0,0,0,0,0,0,0
1004,33,1208,1064,59.218714921499995,-21.7182399195,271.5,2.5266884568516734,5.36727208726702,0.31407433000001816,0.0,0,0,0,0,0,0
1004,33,1211,1067,59.2501223545,-21.7182399195,271.5,2.5266884568516734,5.36727208726702,0.15703716500002685,0.0,0,0,0,0,0,0
1004,33,1214,1070,59.2501223545,-21.7182399195,271.5,2.5266884568516734,5.36727208726702,0.0,0.0,0,0,0,0,0,0
1004,33,1217,1073,59.2501223545,-21.7182399195,271.5,2.5266884568516734,5.36727208726702,0.0,0.15703716500000908,0,0,0,0,0,0
1004,33,1220,1076,59.2501223545,-21.6868324865,271.5,2.5266884568516734,5.36727208726702,0.0,0.15703716500000908,0,0,0,0,0,0
1004,33,1223,1079,59.2501223545,-21.6868324865,271.5,2.5266884568516734,5.36727208726702,0.0,0.15703716499999132,0,0,0,0,0,0
1004,33,1226,1082,59.2501223545,-21.6554250535,271.5,2.5266884568516734,5.36727208726702,0.0,0.15703716499999132,0,0,0,0,0,0
1004,33,1229,1085,59.2501223545,-21.6554250535,271.5,2.5266884568516734,5.36727208726702,0.0,0.0,0,0,0,0,0,0
1004,33,1232,1088,59.2501223545,-21.6554250535,271.5,2.5266884568516734,5.36727208726702,-0.15703716500002685,0.0,0,0,0,0,0,0
1004,33,1235,1091,59.218714921499995,-21.6554250535,271.5,2.5266884568516734,5.36727208726702,-0.15703716500002685,0.0,0,0,0,0,0,0
1004,33,1238,1094,59.218714921499995,-21.6554250535,271.5,2.5266884568516734,5.36727208726702,0.0,0.0,0,0,0,0,0,0
1004,33,1241,1097,59.218714921499995,-21.6554250535,271.5,2.5266884568516734,5.36727208726702,-0.15703716499999132,0.0,0,0,0,0,0,0
1004,33,1244,1100,59.1873074885,-21.6554250535,271.5,2.5266884568516734,5.36727208726702,-0.15703716499999132,0.0,0,0,0,0,0,0
1004,33,1247,1103,59.1873074885,-21.6554250535,271.5,2.5266884568516734,5.36727208726702,-0.31407432999998264,-0.15703716499999132,0,0,0,0,0,0
1004,33,1250,1106,59.1244926225,-21.6868324865,271.5,2.5266884568516734,5.36727208726702,-0.31407432999998264,0.0,0,0,0,0,0,0
1004,33,1253,1109,59.1244926225,-21.6554250535,271.5,2.5266884568516734,5.36727208726702,0.0,0.15703716499999132,0,0,0,0,0,0
1004,33,1256,1112,59.1244926225,-21.6554250535,271.5,2.5266884568516734,5.36727208726702,0.0,0.0,0,0,0,0,0,0
1004,33,1259,1115,59.1244926225,-21.6554250535,271.5,2.5266884568516734,5.36727208726702,0.0,0.0,0,0,0,0,0,0
1004,33,1262,1118,59.1244926225,-21.6554250535,271.5,2.5266884568516734,5.36727208726702,0.0,0.0,0,0,0,0,0,0
1004,33,1265,1121,59.1244926225,-21.6554250535,271.5,2.5266884568516734,5.36727208726702,0.0,0.15703716500000908,0,0,0,0,0,0
1004,33,1268,1124,59.1244926225,-21.6240176205,271.5,2.5266884568516734,5.36727208726702,0.0,-0.15703716499999132,0,0,0,0,0,0
1004,33,1271,1127,59.1244926225,-21.6868324865,271.5,2.5266884568516734,5.36727208726702,0.47111149499997396,-0.3140743300000004,0,0,0,0,0,0
1004,33,1274,1130,59.218714921499995,-21.6868324865,271.5,2.5266884568516734,5.36727208726702,0.47111149499997396,0.0,0,0,0,0,0,0
1004,33,1277,1133,59.218714921499995,-21.6868324865,271.5,2.5266884568516734,5.36727208726702,0.0,0.0,0,0,0,0,0,0
1004,33,1280,1136,59.218714921499995,-21.6868324865,271.5,2.5266884568516734,5.36727208726702,0.0,0.0,0,0,0,0,0,0
1004,33,1283,1139,59.218714921499995,-21.6868324865,271.5,2.5266884568516734,5.36727208726702,0.0,0.0,0,0,0,0,0,0
1004,33,1286,1142,59.218714921499995,-21.6868324865,271.5,2.5266884568516734,5.36727208726702,0.0,0.0,0,0,0,0,0,0
1004,33,1289,1145,59.218714921499995,-21.6868324865,271.5,2.5266884568516734,5.36727208726702,0.0,0.0,0,0,0,0,0,0
1004,33,1292,1148,59.218714921499995,-21.6868324865,271.5,2.5266884568516734,5.36727208726702,0.0,0.0,0,0,0,0,0,0
1004,33,1295,1151,59.218714921499995,-21.6868324865,271.5,2.5266884568516734,5.36727208726702,0.0,0.0,0,0,0,0,0,0
1004,33,1298,1154,59.218714921499995,-21.6868324865,271.5,2.5266884568516734,5.36727208726702,0.0,0.0,0,0,0,0,0,0
1004,33,1301,1157,59.218714921499995,-21.6868324865,271.5,2.5266884568516734,5.36727208726702,0.0,0.0,0,0,0,0,0,0
1004,33,1304,1160,59.218714921499995,-21.6868324865,271.5,2.5266884568516734,5.36727208726702,0.0,0.0,0,0,0,0,0,0
1004,33,1307,1163,59.218714921499995,-21.6868324865,271.5,2.5266884568516734,5.36727208726702,0.0,0.0,0,0,0,0,0,0
1004,33,1310,1166,59.218714921499995,-21.6868324865,271.5,2.5266884568516734,5.36727208726702,0.0,0.0,0,0,0,0,0,0
1004,33,1313,1169,59.218714921499995,-21.6868324865,271.5,2.5266884568516734,5.36727208726702,0.0,0.0,0,0,0,0,0,0
1004,33,1316,1172,59.218714921499995,-21.6868324865,271.5,2.5266884568516734,5.36727208726702,0.15703716500002685,0.0,0,0,0,0,0,0
1004,33,1319,1175,59.2501223545,-21.6868324865,271.5,2.5266884568516734,5.36727208726702,0.4711114950000095,0.0,0,0,0,0,0,0
1004,33,1322,1178,59.3129372205,-21.6868324865,271.5,2.5266884568516734,5.36727208726702,0.31407432999998264,0.0,0,0,0,0,0,0
1004,33,1325,1181,59.3129372205,-21.6868324865,271.5,2.5266884568516734,5.36727208726702,0.0,0.0,0,0,0,0,0,0
1004,33,1328,1184,59.3129372205,-21.6868324865,271.5,2.5266884568516734,5.36727208726702,0.0,0.0,0,0,0,0,0,0
1004,33,1331,1187,59.3129372205,-21.6868324865,271.5,2.5266884568516734,5.36727208726702,0.0,0.0,0,0,0,0,0,0
1004,33,1334,1190,59.3129372205,-21.6868324865,271.5,2.5266884568516734,5.36727208726702,0.0,0.0,0,0,0,0,0,0
1004,33,1337,1193,59.3129372205,-21.6868324865,271.5,2.5266884568516734,5.36727208726702,0.0,0.0,0,0,0,0,0,0
1004,33,1340,1196,59.3129372205,-21.6868324865,271.5,2.5266884568516734,5.36727208726702,0.0,0.0,0,0,0,0,0,0
1004,33,1343,1199,59.3129372205,-21.6868324865,271.5,2.5266884568516734,5.36727208726702,0.0,0.0,0,0,0,0,0,0
1004,33,1346,1202,59.3129372205,-21.6868324865,271.5,2.5266884568516734,5.36727208726702,0.0,0.0,0,0,0,0,0,0
1004,33,1349,1205,59.3129372205,-21.6868324865,271.5,2.5266884568516734,5.36727208726702,0.0,0.0,0,0,0,0,0,0
1004,33,1352,1208,59.3129372205,-21.6868324865,271.5,2.5266884568516734,5.36727208726702,0.0,0.0,0,0,0,0,0,0
1004,33,1355,1211,59.3129372205,-21.6868324865,271.5,2.5266884568516734,5.36727208726702,0.0,0.0,0,0,0,0,0,0
1004,33,1358,1214,59.3129372205,-21.6868324865,271.5,2.5266884568516734,5.36727208726702,0.0,0.0,0,0,0,0,0,0
1004,33,1361,1217,59.3129372205,-21.6868324865,271.5,2.5266884568516734,5.36727208726702,0.0,0.0,0,0,0,0,0,0
1004,33,1364,1220,59.3129372205,-21.6868324865,271.5,2.5266884568516734,5.36727208726702,0.15703716499999132,0.0,0,0,0,0,0,0
1004,33,1367,1223,59.344344653499995,-21.6868324865,271.5,2.5266884568516734,5.36727208726702,0.942222990000019,0.0,0,0,0,0,0,0
1004,33,1370,1226,59.5013818185,-21.6868324865,271.5,2.5266884568516734,5.36727208726702,1.0992601550000103,0.0,0,0,0,0,0,0
1004,33,1373,1229,59.5641966845,-21.6868324865,271.5,2.5266884568516734,5.36727208726702,0.6281486600000008,0.0,0,0,0,0,0,0
1004,33,1376,1232,59.6270115505,-21.6868324865,271.5,2.5266884568516734,5.36727208726702,0.31407433000001816,0.0,0,0,0,0,0,0
1004,33,1379,1235,59.6270115505,-21.6868324865,271.5,2.5266884568516734,5.36727208726702,0.0,0.15703716499999132,0,0,0,0,0,0
1004,33,1382,1238,59.6270115505,-21.6554250535,271.5,2.5266884568516734,5.36727208726702,0.15703716499999132,0.15703716499999132,0,0,0,0,0,0
1004,33,1385,1241,59.6584189835,-21.6554250535,271.5,2.5266884568516734,5.36727208726702,0.31407432999998264,0.0,0,0,0,0,0,0
1004,33,1388,1244,59.6898264165,-21.6554250535,271.5,2.5266884568516734,5.36727208726702,0.15703716499999132,0.0,0,0,0,0,0,0
1004,33,1391,1247,59.6898264165,-21.6554250535,271.5,2.5266884568516734,5.36727208726702,-0.15703716499999132,0.0,0,0,0,0,0,0
1004,33,1394,1250,59.6584189835,-21.6554250535,271.5,2.5266884568516734,5.36727208726702,-0.31407432999998264,0.0,0,0,0,0,0,0
1004,33,1397,1253,59.6270115505,-21.6554250535,271.5,2.5266884568516734,5.36727208726702,-0.31407433000001816,0.0,0,0,0,0,0,0
1004,33,1400,1256,59.595604117499995,-21.6554250535,271.5,2.5266884568516734,5.36727208726702,-0.31407433000001816,0.15703716500000908,0,0,0,0,0,0
1004,33,1403,1259,59.5641966845,-21.6240176205,271.5,2.5266884568516734,5.36727208726702,-0.15703716499999132,0.15703716500000908,0,0,0,0,0,0
1004,33,1406,1262,59.5641966845,-21.6240176205,271.5,2.5266884568516734,5.36727208726702,0.0,0.0,0,0,0,0,0,0
1004,33,1409,1265,59.5641966845,-21.6240176205,271.5,2.5266884568516734,5.36727208726702,0.0,0.0,0,0,0,0,0,0
1004,33,1412,1268,59.5641966845,-21.6240176205,271.5,2.5266884568516734,5.36727208726702,0.0,-0.15703716500000908,0,0,0,0,0,0
1004,33,1415,1271,59.5641966845,-21.6554250535,271.5,2.5266884568516734,5.36727208726702,0.0,-0.15703716500000908,0,0,0,0,0,0
1004,33,1418,1274,59.5641966845,-21.6554250535,271.5,2.5266884568516734,5.36727208726702,0.0,0.0,0,0,0,0,0,0
1004,33,1421,1277,59.5641966845,-21.6554250535,271.5,2.5266884568516734,5.36727208726702,0.0,0.0,0,0,0,0,0,0
1004,33,1424,1280,59.5641966845,-21.6554250535,271.5,2.5266884568516734,5.36727208726702,0.0,0.0,0,0,0,0,0,0
1004,33,1427,1283,59.5641966845,-21.6554250535,271.5,2.5266884568516734,5.36727208726702,0.0,0.0,0,0,0,0,0,0
1004,33,1430,1286,59.5641966845,-21.6554250535,271.5,2.5266884568516734,5.36727208726702,0.0,0.0,0,0,0,0,0,0
1004,33,1433,1289,59.5641966845,-21.6554250535,271.5,2.5266884568516734,5.36727208726702,0.15703716499999132,0.0,0,0,0,0,0,0
1004,33,1436,1292,59.595604117499995,-21.6554250535,271.5,2.5266884568516734,5.36727208726702,0.31407433000001816,0.0,0,0,0,0,0,0
1004,33,1439,1295,59.6270115505,-21.6554250535,271.5,2.5266884568516734,5.36727208726702,0.15703716500002685,0.0,0,0,0,0,0,0
1004,33,1442,1298,59.6270115505,-21.6554250535,271.5,2.5266884568516734,5.36727208726702,0.0,0.0,0,0,0,0,0,0
1004,33,1445,1301,59.6270115505,-21.6554250535,271.5,2.5266884568516734,5.36727208726702,0.0,0.0,0,0,0,0,0,0
1004,33,1448,1304,59.6270115505,-21.6554250535,271.5,2.5266884568516734,5.36727208726702,0.0,0.0,0,0,0,0,0,0
1004,33,1451,1307,59.6270115505,-21.6554250535,271.5,2.5266884568516734,5.36727208726702,0.0,0.0,0,0,0,0,0,0
1004,33,1454,1310,59.6270115505,-21.6554250535,271.5,2.5266884568516734,5.36727208726702,0.0,0.0,0,0,0,0,0,0
1004,33,1457,1313,59.6270115505,-21.6554250535,271.5,2.5266884568516734,5.36727208726702,-0.15703716500002685,-0.15703716499999132,0,0,0,0,0,0
1004,33,1460,1316,59.595604117499995,-21.6868324865,271.5,2.5266884568516734,5.36727208726702,-0.15703716500002685,0.0,0,0,0,0,0,0
1004,33,1463,1319,59.595604117499995,-21.6554250535,271.5,2.5266884568516734,5.36727208726702,0.0,0.15703716499999132,0,0,0,0,0,0
1004,33,1466,1322,59.595604117499995,-21.6554250535,271.5,2.5266884568516734,5.36727208726702,-0.15703716499999132,0.0,0,0,0,0,0,0
1004,33,1469,1325,59.5641966845,-21.6554250535,271.5,2.5266884568516734,5.36727208726702,-0.15703716499999132,0.0,0,0,0,0,0,0
1004,33,1472,1328,59.5641966845,-21.6554250535,271.5,2.5266884568516734,5.36727208726702,-0.15703716499999132,0.15703716500000908,0,0,0,0,0,0
1004,33,1475,1331,59.5327892515,-21.6240176205,271.5,2.5266884568516734,5.36727208726702,-0.15703716499999132,0.15703716500000908,0,0,0,0,0,0
1004,33,1478,1334,59.5327892515,-21.6240176205,271.5,2.5266884568516734,5.36727208726702,0.0,0.0,0,0,0,0,0,0
1004,33,1481,1337,59.5327892515,-21.6240176205,271.5,2.5266884568516734,5.36727208726702,0.0,0.0,0,0,0,0,0,0
1004,33,1484,1340,59.5327892515,-21.6240176205,271.5,2.5266884568516734,5.36727208726702,0.0,0.0,0,0,0,0,0,0
1004,33,1487,1343,59.5327892515,-21.6240176205,271.5,2.5266884568516734,5.36727208726702,-0.15703716499999132,0.0,0,0,0,0,0,0
1004,33,1490,1346,59.5013818185,-21.6240176205,271.5,2.5266884568516734,5.36727208726702,-0.31407433000001816,0.0,0,0,0,0,0,0
1004,33,1493,1349,59.469974385499995,-21.6240176205,271.5,2.5266884568516734,5.36727208726702,-0.31407433000001816,0.0,0,0,0,0,0,0
1004,33,1496,1352,59.4385669525,-21.6240176205,271.5,2.5266884568516734,5.36727208726702,-0.15703716499999132,0.0,0,0,0,0,0,0
1004,33,1499,1355,59.4385669525,-21.6240176205,271.5,2.5266884568516734,5.36727208726702,0.0,0.0,0,0,0,0,0,0
1004,33,1501,1357,59.4385669525,-21.6240176205,271.5,2.5266884568516734,5.36727208726702,0.0,0.0,0,0,0,0,0,0
1004,33,1504,1360,59.4385669525,-21.6240176205,271.5,2.5266884568516734,5.36727208726702,-0.15703716499999132,0.15703716499999132,0,0,0,0,0,0
1004,33,1507,1363,59.4071595195,-21.5926101875,271.5,2.5266884568516734,5.36727208726702,-0.31407432999998264,0.15703716499999132,0,0,0,0,0,0
1004,33,1510,1366,59.3757520865,-21.5926101875,271.5,2.5266884568516734,5.36727208726702,-0.15703716499999132,0.0,0,0,0,0,0,0
1004,33,1513,1369,59.3757520865,-21.5926101875,271.5,2.5266884568516734,5.36727208726702,0.0,0.0,0,0,0,0,0,0
1004,33,1516,1372,59.3757520865,-21.5926101875,271.5,2.5266884568516734,5.36727208726702,-0.15703716500002685,0.0,0,0,0,0,0,0
1004,33,1519,1375,59.344344653499995,-21.5926101875,271.5,2.5266884568516734,5.36727208726702,-0.31407433000001816,0.0,0,0,0,0,0,0
1004,33,1522,1378,59.3129372205,-21.5926101875,271.5,2.5266884568516734,5.36727208726702,-0.15703716499999132,0.0,0,0,0,0,0,0
1004,33,1525,1381,59.3129372205,-21.5926101875,271.5,2.5266884568516734,5.36727208726702,-0.15703716499999132,-0.3140743300000004,0,0,0,0,0,0
1004,33,1528,1384,59.2815297875,-21.6554250535,271.5,2.5266884568516734,5.36727208726702,-0.31407432999998264,-0.3140743300000004,0,0,0,0,0,0
1004,33,1531,1387,59.2501223545,-21.6554250535,271.5,2.5266884568516734,5.36727208726702,-0.31407433000001816,0.0,0,0,0,0,0,0
1004,33,1534,1390,59.218714921499995,-21.6554250535,271.5,2.5266884568516734,5.36727208726702,-0.31407433000001816,0.0,0,0,0,0,0,0
1004,33,1537,1393,59.1873074885,-21.6554250535,271.5,2.5266884568516734,5.36727208726702,-0.15703716499999132,-0.15703716499999132,0,0,0,0,0,0
1004,33,1540,1396,59.1873074885,-21.6868324865,271.5,2.5266884568516734,5.36727208726702,0.0,-0.15703716499999132,0,0,0,0,0,0
1004,33,1543,1399,59.1873074885,-21.6868324865,271.5,2.5266884568516734,5.36727208726702,0.0,0.0,0,0,0,0,0,0
1004,33,1546,1402,59.1873074885,-21.6868324865,271.5,2.5266884568516734,5.36727208726702,0.0,0.0,0,0,0,0,0,0
1004,33,1549,1405,59.1873074885,-21.6868324865,271.5,2.5266884568516734,5.36727208726702,0.0,0.0,0,0,0,0,0,0
1004,33,1552,1408,59.1873074885,-21.6868324865,271.5,2.5266884568516734,5.36727208726702,0.0,0.0,0,0,0,0,0,0
1004,33,1555,1411,59.1873074885,-21.6868324865,271.5,2.5266884568516734,5.36727208726702,0.0,0.0,0,0,0,0,0,0
1004,33,1558,1414,59.1873074885,-21.6868324865,271.5,2.5266884568516734,5.36727208726702,-0.15703716499999132,0.0,0,0,0,0,0,0
1004,33,1561,1417,59.1559000555,-21.6868324865,271.5,2.5266884568516734,5.36727208726702,-0.15703716499999132,0.0,0,0,0,0,0,0
1004,33,1564,1420,59.1559000555,-21.6868324865,271.5,2.5266884568516734,5.36727208726702,0.15703716499999132,0.0,0,0,0,0,0,0
1004,33,1567,1423,59.1873074885,-21.6868324865,271.5,2.5266884568516734,5.36727208726702,0.31407432999998264,0.0,0,0,0,0,0,0
1004,33,1570,1426,59.218714921499995,-21.6868324865,271.5,2.5266884568516734,5.36727208726702,0.31407433000001816,0.0,0,0,0,0,0,0
1004,33,1573,1429,59.2501223545,-21.6868324865,271.5,2.5266884568516734,5.36727208726702,0.31407433000001816,0.0,0,0,0,0,0,0
1004,33,1576,1432,59.2815297875,-21.6868324865,271.5,2.5266884568516734,5.36727208726702,0.15703716499999132,0.0,0,0,0,0,0,0
1004,33,1579,1435,59.2815297875,-21.6868324865,271.5,2.5266884568516734,5.36727208726702,0.0,0.0,0,0,0,0,0,0
1004,33,1582,1438,59.2815297875,-21.6868324865,271.5,2.5266884568516734,5.36727208726702,0.0,0.0,0,0,0,0,0,0
1004,33,1585,1441,59.2815297875,-21.6868324865,271.5,2.5266884568516734,5.36727208726702,0.0,0.0,0,0,0,0,0,0
1004,33,1588,1444,59.2815297875,-21.6868324865,271.5,2.5266884568516734,5.36727208726702,0.0,0.0,0,0,0,0,0,0
1004,33,1591,1447,59.2815297875,-21.6868324865,271.5,2.5266884568516734,5.36727208726702,0.15703716499999132,0.0,0,0,0,0,0,0
1004,33,1594,1450,59.3129372205,-21.6868324865,271.5,2.5266884568516734,5.36727208726702,0.15703716499999132,0.15703716499999132,0,0,0,0,0,0
1004,33,1597,1453,59.3129372205,-21.6554250535,271.5,2.5266884568516734,5.36727208726702,0.0,0.15703716499999132,0,0,0,0,0,0
1004,33,1600,1456,59.3129372205,-21.6554250535,271.5,2.5266884568516734,5.36727208726702,0.0,0.0,0,0,0,0,0,0
1004,33,1603,1459,59.3129372205,-21.6554250535,271.5,2.5266884568516734,5.36727208726702,0.0,0.0,0,0,0,0,0,0
1004,33,1606,1462,59.3129372205,-21.6554250535,271.5,2.5266884568516734,5.36727208726702,0.0,0.0,0,0,0,0,0,0
1004,33,1609,1465,59.3129372205,-21.6554250535,271.5,2.5266884568516734,5.36727208726702,0.0,0.0,0,0,0,0,0,0
1004,33,1612,1468,59.3129372205,-21.6554250535,271.5,2.5266884568516734,5.36727208726702,0.0,0.0,0,0,0,0,0,0
1004,33,1615,1471,59.3129372205,-21.6554250535,271.5,2.5266884568516734,5.36727208726702,0.0,0.0,0,0,0,0,0,0
1004,33,1618,1474,59.3129372205,-21.6554250535,271.5,2.5266884568516734,5.36727208726702,0.0,0.0,0,0,0,0,0,0
1004,33,1621,1477,59.3129372205,-21.6554250535,271.5,2.5266884568516734,5.36727208726702,0.0,0.15703716500000908,0,0,0,0,0,0
1004,33,1624,1480,59.3129372205,-21.6240176205,271.5,2.5266884568516734,5.36727208726702,0.0,0.3140743300000004,0,0,0,0,0,0
1004,33,1627,1483,59.3129372205,-21.5926101875,271.5,2.5266884568516734,5.36727208726702,0.0,0.15703716499999132,0,0,0,0,0,0
1004,33,1630,1486,59.3129372205,-21.5926101875,271.5,2.5266884568516734,5.36727208726702,-0.4711114950000095,0.15703716500000908,0,0,0,0,0,0
1004,33,1633,1489,59.218714921499995,-21.5612027545,271.5,2.5266884568516734,5.36727208726702,-0.4711114950000095,0.15703716500000908,0,0,0,0,0,0
1004,33,1636,1492,59.218714921499995,-21.5612027545,271.5,2.5266884568516734,5.36727208726702,0.0,0.0,0,0,0,0,0,0
1004,33,1639,1495,59.218714921499995,-21.5612027545,271.5,2.5266884568516734,5.36727208726702,0.0,-0.15703716500000908,0,0,0,0,0,0
1004,33,1642,1498,59.218714921499995,-21.5926101875,271.5,2.5266884568516734,5.36727208726702,0.0,-0.3140743300000004,0,0,0,0,0,0
1004,33,1645,1501,59.218714921499995,-21.6240176205,271.5,2.5266884568516734,5.36727208726702,0.0,-0.15703716499999132,0,0,0,0,0,0
1004,33,1648,1504,59.218714921499995,-21.6240176205,271.5,2.5266884568516734,5.36727208726702,0.0,0.0,0,0,0,0,0,0
1004,33,1651,1507,59.218714921499995,-21.6240176205,271.5,2.5266884568516734,5.36727208726702,0.0,0.0,0,0,0,0,0,0
1004,33,1654,1510,59.218714921499995,-21.6240176205,271.5,2.5266884568516734,5.36727208726702,-0.15703716499999132,0.0,0,0,0,0,0,0
1004,33,1657,1513,59.1873074885,-21.6240176205,271.5,2.5266884568516734,5.36727208726702,-0.15703716499999132,0.0,0,0,0,0,0,0
1004,33,1660,1516,59.1873074885,-21.6240176205,271.5,2.5266884568516734,5.36727208726702,-0.15703716499999132,0.0,0,0,0,0,0,0
1004,33,1663,1519,59.1559000555,-21.6240176205,271.5,2.5266884568516734,5.36727208726702,-0.15703716499999132,0.0,0,0,0,0,0,0
1004,33,1666,1522,59.1559000555,-21.6240176205,271.5,2.5266884568516734,5.36727208726702,-0.15703716499999132,-0.3140743300000004,0,0,0,0,0,0
1004,33,1669,1525,59.1244926225,-21.6868324865,271.5,2.5266884568516734,5.36727208726702,-0.31407433000001816,-0.3140743300000004,0,0,0,0,0,0
1004,33,1672,1528,59.093085189499995,-21.6868324865,271.5,2.5266884568516734,5.36727208726702,-0.31407433000001816,0.0,0,0,0,0,0,0
1004,33,1675,1531,59.061677756499996,-21.6868324865,271.5,2.5266884568516734,5.36727208726702,-0.31407432999998264,0.4711114949999917,0,0,0,0,0,0
1004,33,1678,1534,59.0302703235,-21.5926101875,271.5,2.5266884568516734,5.36727208726702,-0.6281486600000008,0.4711114949999917,0,0,0,0,0,0
1004,33,1681,1537,58.936048024499996,-21.5926101875,271.5,2.5266884568516734,5.36727208726702,-0.4711114950000095,0.0,0,0,0,0,0,0
1004,33,1684,1540,58.936048024499996,-21.5926101875,271.5,2.5266884568516734,5.36727208726702,0.0,0.0,0,0,0,0,0,0
1004,33,1687,1543,58.936048024499996,-21.5926101875,271.5,2.5266884568516734,5.36727208726702,-0.15703716499999132,-0.15703716499999132,0,0,0,0,0,0
1004,33,1690,1546,58.9046405915,-21.6240176205,271.5,2.5266884568516734,5.36727208726702,-0.31407432999998264,0.0,0,0,0,0,0,0
1004,33,1693,1549,58.8732331585,-21.5926101875,271.5,2.5266884568516734,5.36727208726702,-0.31407433000001816,0.15703716499999132,0,0,0,0,0,0
1004,33,1696,1552,58.841825725499994,-21.5926101875,271.5,2.5266884568516734,5.36727208726702,-0.15703716500002685,0.15703716500000908,0,0,0,0,0,0
1004,33,1699,1555,58.841825725499994,-21.5612027545,271.5,2.5266884568516734,5.36727208726702,0.0,0.3140743300000004,0,0,0,0,0,0
1004,33,1702,1558,58.841825725499994,-21.5297953215,271.5,2.5266884568516734,5.36727208726702,-0.31407432999998264,0.0,0,0,0,0,0,0
1004,33,1705,1561,58.7790108595,-21.5612027545,271.5,2.5266884568516734,5.36727208726702,-0.31407432999998264,-0.15703716499999132,0,0,0,0,0,0
1004,33,1708,1564,58.7790108595,-21.5612027545,271.5,2.5266884568516734,5.36727208726702,0.0,-0.15703716500000908,0,0,0,0,0,0
1004,33,1711,1567,58.7790108595,-21.5926101875,271.5,2.5266884568516734,5.36727208726702,-0.15703716499999132,-0.15703716500000908,0,0,0,0,0,0
1004,33,1714,1570,58.7476034265,-21.5926101875,271.5,2.5266884568516734,5.36727208726702,-0.15703716499999132,0.0,0,0,0,0,0,0
1004,33,1717,1573,58.7476034265,-21.5926101875,271.5,2.5266884568516734,5.36727208726702,-0.15703716500002685,0.0,0,0,0,0,0,0
1004,33,1720,1576,58.716195993499994,-21.5926101875,271.5,2.5266884568516734,5.36727208726702,-0.15703716500002685,0.15703716500000908,0,0,0,0,0,0
1004,33,1723,1579,58.716195993499994,-21.5612027545,271.5,2.5266884568516734,5.36727208726702,-0.15703716499999132,0.0,0,0,0,0,0,0
1004,33,1726,1582,58.684788560499996,-21.5926101875,271.5,2.5266884568516734,5.36727208726702,-0.15703716499999132,-0.3140743300000004,0,0,0,0,0,0
1004,33,1729,1585,58.684788560499996,-21.6240176205,271.5,2.5266884568516734,5.36727208726702,-0.15703716499999132,-0.15703716499999132,0,0,0,0,0,0
1004,33,1732,1588,58.6533811275,-21.6240176205,271.5,2.5266884568516734,5.36727208726702,-0.15703716499999132,-0.3140743300000004,0,0,0,0,0,0
1004,33,1735,1591,58.6533811275,-21.6868324865,271.5,2.5266884568516734,5.36727208726702,0.0,-0.3140743300000004,0,0,0,0,0,0
1004,33,1738,1594,58.6533811275,-21.6868324865,271.5,2.5266884568516734,5.36727208726702,-0.15703716499999132,0.0,0,0,0,0,0,0
1004,33,1741,1597,58.6219736945,-21.6868324865,271.5,2.5266884568516734,5.36727208726702,-0.15703716499999132,0.0,0,0,0,0,0,0
1004,33,1744,1600,58.6219736945,-21.6868324865,271.5,2.5266884568516734,5.36727208726702,-0.15703716500002685,0.0,0,0,0,0,0,0
1004,33,1747,1603,58.590566261499994,-21.6868324865,271.5,2.5266884568516734,5.36727208726702,-0.15703716500002685,0.0,0,0,0,0,0,0
1004,33,1750,1606,58.590566261499994,-21.6868324865,271.5,2.5266884568516734,5.36727208726702,0.0,0.0,0,0,0,0,0,0
1004,33,1753,1609,58.590566261499994,-21.6868324865,271.5,2.5266884568516734,5.36727208726702,-0.15703716499999132,0.0,0,0,0,0,0,0
1004,33,1756,1612,58.559158828499996,-21.6868324865,271.5,2.5266884568516734,5.36727208726702,-0.15703716499999132,0.0,0,0,0,0,0,0
1004,33,1759,1615,58.559158828499996,-21.6868324865,271.5,2.5266884568516734,5.36727208726702,0.0,0.0,0,0,0,0,0,0
1004,33,1762,1618,58.559158828499996,-21.6868324865,271.5,2.5266884568516734,5.36727208726702,0.0,0.0,0,0,0,0,0,0
1004,33,1765,1621,58.559158828499996,-21.6868324865,271.5,2.5266884568516734,5.36727208726702,0.0,0.0,0,0,0,0,0,0
1004,33,1768,1624,58.559158828499996,-21.6868324865,271.5,2.5266884568516734,5.36727208726702,0.0,0.0,0,0,0,0,0,0
1004,33,1771,1627,58.559158828499996,-21.6868324865,271.5,2.5266884568516734,5.36727208726702,-0.15703716499999132,0.0,0,0,0,0,0,0
1004,33,1774,1630,58.5277513955,-21.6868324865,271.5,2.5266884568516734,5.36727208726702,-0.15703716499999132,0.0,0,0,0,0,0,0
1004,33,1777,1633,58.5277513955,-21.6868324865,271.5,2.5266884568516734,5.36727208726702,0.0,0.07851858249999566,0,0,0,0,0,0
1004,33,1780,1636,58.5277513955,-21.67112877,271.5,2.5266884568516734,5.36727208726702,0.0,0.07851858249999566,0,0,0,0,0,0
1004,33,1783,1639,58.5277513955,-21.67112877,271.5,2.5266884568516734,5.36727208726702,0.0,-0.15703716499999132,0,0,0,0,0,0
1004,33,1786,1642,58.5277513955,-21.702536202999998,272.0,2.5266884568516734,5.36727208726702,0.0,-0.15703716499999132,0,0,0,0,0,0
1004,33,1789,1645,58.5277513955,-21.702536202999998,272.0,2.5266884568516734,5.36727208726702,-0.15703716499999132,0.0,0,0,0,0,0,0
1004,33,1792,1648,58.4963439625,-21.702536202999998,272.0,2.5266884568516734,5.36727208726702,-0.15703716499999132,0.15703716499999132,0,0,0,0,0,0
1004,33,1795,1651,58.4963439625,-21.67112877,272.0,2.5266884568516734,5.36727208726702,0.0,0.3140743300000004,0,0,0,0,0,0
1004,33,1798,1654,58.4963439625,-21.639721336999997,272.0,2.5266884568516734,5.36727208726702,0.0,0.15703716500000908,0,0,0,0,0,0
1004,33,1801,1657,58.4963439625,-21.639721336999997,272.0,2.5266884568516734,5.36727208726702,0.0,0.0,0,0,0,0,0,0
1004,33,1804,1660,58.4963439625,-21.639721336999997,272.0,2.5266884568516734,5.36727208726702,0.0,0.0,0,0,0,0,0,0
1004,33,1807,1663,58.4963439625,-21.639721336999997,272.0,2.5266884568516734,5.36727208726702,0.0,0.0,0,0,0,0,0,0
1004,33,1810,1666,58.4963439625,-21.639721336999997,272.0,2.5266884568516734,5.36727208726702,0.15703716499999132,0.0,0,0,0,0,0,0
1004,33,1813,1669,58.5277513955,-21.639721336999997,272.0,2.5266884568516734,5.36727208726702,0.15703716499999132,0.0,0,0,0,0,0,0
1004,33,1816,1672,58.5277513955,-21.639721336999997,272.0,2.5266884568516734,5.36727208726702,0.15703716499999132,0.0,0,0,0,0,0,0
1004,33,1819,1675,58.559158828499996,-21.639721336999997,272.0,2.5266884568516734,5.36727208726702,0.31407432999998264,-0.15703716500000908,0,0,0,0,0,0
1004,33,1822,1678,58.590566261499994,-21.67112877,272.0,2.5266884568516734,5.36727208726702,0.31407433000001816,-0.3140743300000004,0,0,0,0,0,0
1004,33,1825,1681,58.6219736945,-21.702536202999998,272.0,2.5266884568516734,5.36727208726702,0.31407433000001816,-0.15703716499999132,0,0,0,0,0,0
1004,33,1828,1684,58.6533811275,-21.702536202999998,272.0,2.5266884568516734,5.36727208726702,0.31407432999998264,0.0,0,0,0,0,0,0
1004,33,1831,1687,58.684788560499996,-21.702536202999998,272.0,2.5266884568516734,5.36727208726702,0.15703716499999132,-0.15703716500000908,0,0,0,0,0,0
1004,33,1834,1690,58.684788560499996,-21.733943636,272.0,2.5266884568516734,5.36727208726702,0.0,-0.3140743300000004,0,0,0,0,0,0
1004,33,1837,1693,58.684788560499996,-21.765351068999998,272.0,2.5266884568516734,5.36727208726702,0.15703716499999132,-0.15703716499999132,0,0,0,0,0,0
1004,33,1840,1696,58.716195993499994,-21.765351068999998,272.0,2.5266884568516734,5.36727208726702,0.31407433000001816,0.0,0,0,0,0,0,0
1004,33,1843,1699,58.7476034265,-21.765351068999998,272.0,2.5266884568516734,5.36727208726702,0.4711114950000095,0.0,0,0,0,0,0,0
1004,33,1846,1702,58.810418292499996,-21.765351068999998,272.0,2.5266884568516734,5.36727208726702,0.47111149499997396,0.0,0,0,0,0,0,0
1004,33,1849,1705,58.841825725499994,-21.765351068999998,272.0,2.5266884568516734,5.36727208726702,0.15703716499999132,0.0,0,0,0,0,0,0
1004,33,1852,1708,58.841825725499994,-21.765351068999998,272.0,2.5266884568516734,5.36727208726702,0.0,0.0,0,0,0,0,0,0
1004,33,1855,1711,58.841825725499994,-21.765351068999998,272.0,2.5266884568516734,5.36727208726702,0.0,0.0,0,0,0,0,0,0
1004,33,1858,1714,58.841825725499994,-21.765351068999998,272.0,2.5266884568516734,5.36727208726702,0.0,0.0,0,0,0,0,0,0
1004,33,1861,1717,58.841825725499994,-21.765351068999998,272.0,2.5266884568516734,5.36727208726702,0.15703716500002685,0.0,0,0,0,0,0,0
1004,33,1864,1720,58.8732331585,-21.765351068999998,272.0,2.5266884568516734,5.36727208726702,0.15703716500002685,0.0,0,0,0,0,0,0
1004,33,1867,1723,58.8732331585,-21.765351068999998,272.0,2.5266884568516734,5.36727208726702,0.0,0.0,0,0,0,0,0,0
1004,33,1870,1726,58.8732331585,-21.765351068999998,272.0,2.5266884568516734,5.36727208726702,0.0,0.0,0,0,0,0,0,0
1004,33,1873,1729,58.8732331585,-21.765351068999998,272.0,2.5266884568516734,5.36727208726702,0.0,0.0,0,0,0,0,0,0
1004,33,1876,1732,58.8732331585,-21.765351068999998,272.0,2.5266884568516734,5.36727208726702,0.0,0.0,0,0,0,0,0,0
1004,33,1879,1735,58.8732331585,-21.765351068999998,272.0,2.5266884568516734,5.36727208726702,0.15703716499999132,-0.15703716500000908,0,0,0,0,0,0
1004,33,1882,1738,58.9046405915,-21.796758502,272.0,2.5266884568516734,5.36727208726702,0.15703716499999132,-0.15703716500000908,0,0,0,0,0,0
1004,33,1885,1741,58.9046405915,-21.796758502,272.0,2.5266884568516734,5.36727208726702,0.0,0.0,0,0,0,0,0,0
1004,33,1888,1744,58.9046405915,-21.796758502,272.0,2.5266884568516734,5.36727208726702,0.0,0.0,0,0,0,0,0,0
1004,33,1891,1747,58.9046405915,-21.796758502,272.0,2.5266884568516734,5.36727208726702,0.0,0.0,0,0,0,0,0,0
1004,33,1894,1750,58.9046405915,-21.796758502,272.0,2.5266884568516734,5.36727208726702,0.0,0.0,0,0,0,0,0,0
1004,33,1897,1753,58.9046405915,-21.796758502,272.0,2.5266884568516734,5.36727208726702,0.0,0.0,0,0,0,0,0,0
1004,33,1900,1756,58.9046405915,-21.796758502,272.0,2.5266884568516734,5.36727208726702,0.0,0.0,0,0,0,0,0,0
1004,33,1903,1759,58.9046405915,-21.796758502,272.0,2.5266884568516734,5.36727208726702,0.0,0.15703716500000908,0,0,0,0,0,0
1004,33,1906,1762,58.9046405915,-21.765351068999998,272.0,2.5266884568516734,5.36727208726702,0.0,0.0,0,0,0,0,0,0
1004,33,1909,1765,58.9046405915,-21.796758502,272.0,2.5266884568516734,5.36727208726702,0.0,-0.3140743300000004,0,0,0,0,0,0
1004,33,1912,1768,58.9046405915,-21.828165934999998,272.0,2.5266884568516734,5.36727208726702,0.0,-0.3140743300000004,0,0,0,0,0,0
1004,33,1915,1771,58.9046405915,-21.859573368,272.0,2.5266884568516734,5.36727208726702,0.0,-0.3140743300000004,0,0,0,0,0,0
1004,33,1918,1774,58.9046405915,-21.890980800999998,272.0,2.5266884568516734,5.36727208726702,0.0,-0.3140743300000004,0,0,0,0,0,0
1004,33,1921,1777,58.9046405915,-21.922388234,272.0,2.5266884568516734,5.36727208726702,0.0,-0.4711114950000095,0,0,0,0,0,0
1004,33,1924,1780,58.9046405915,-21.9852031,272.0,2.5266884568516734,5.36727208726702,0.0,-0.4711114949999917,0,0,0,0,0,0
1004,33,1927,1783,58.9046405915,-22.016610532999998,272.0,2.5266884568516734,5.36727208726702,-0.15703716499999132,-0.5496300775000051,0,0,0,0,0,0
1004,33,1930,1786,58.8732331585,-22.0951291155,272.0,2.5266884568516734,5.36727208726702,0.0,-0.3140743300000004,0,0,0,0,0,0
1004,33,1933,1789,58.9046405915,-22.079425398999998,272.0,2.5266884568516734,5.36727208726702,0.15703716499999132,0.07851858250001342,0,0,0,0,0,0
1004,33,1936,1792,58.9046405915,-22.079425398999998,272.0,2.5266884568516734,5.36727208726702,0.0,-0.3140743300000004,0,0,0,0,0,0
1004,33,1939,1795,58.9046405915,-22.142240264999998,272.0,2.5266884568516734,5.36727208726702,0.0,-0.6281486600000008,0,0,0,0,0,0
1004,33,1942,1798,58.9046405915,-22.205055130999998,272.0,2.5266884568516734,5.36727208726702,0.0,-0.7851858250000099,0,0,0,0,0,0
1004,33,1945,1801,58.9046405915,-22.29927743,272.0,2.5266884568516734,5.36727208726702,0.0,-0.6281486600000008,0,0,0,0,0,0
1004,33,1948,1804,58.9046405915,-22.330684863,272.0,2.5266884568516734,5.36727208726702,0.0,-0.3140743300000004,0,0,0,0,0,0
1004,33,1951,1807,58.9046405915,-22.362092296,272.0,2.5266884568516734,5.36727208726702,0.15703716499999132,-0.3140743300000004,0,0,0,0,0,0
1004,33,1954,1810,58.936048024499996,-22.393499729,272.0,2.5266884568516734,5.36727208726702,0.15703716499999132,-0.3140743300000004,0,0,0,0,0,0
1004,33,1957,1813,58.936048024499996,-22.424907162,272.0,2.5266884568516734,5.36727208726702,0.0,-0.3140743300000004,0,0,0,0,0,0
1004,33,1960,1816,58.936048024499996,-22.456314595,272.0,2.5266884568516734,5.36727208726702,-0.31407432999998264,-0.4711114949999917,0,0,0,0,0,0
1004,33,1963,1819,58.8732331585,-22.519129461,272.0,2.5266884568516734,5.36727208726702,-0.31407432999998264,-0.6281486600000008,0,0,0,0,0,0
1004,33,1966,1822,58.8732331585,-22.581944327,272.0,2.5266884568516734,5.36727208726702,0.0,-0.6281486600000008,0,0,0,0,0,0
1004,33,1969,1825,58.8732331585,-22.644759193,272.0,2.5266884568516734,5.36727208726702,0.0,-0.6281486600000008,0,0,0,0,0,0
1004,33,1972,1828,58.8732331585,-22.707574059,272.0,2.5266884568516734,5.36727208726702,0.0,-0.6281486600000008,0,0,0,0,0,0
1004,33,1975,1831,58.8732331585,-22.770388925,272.0,2.5266884568516734,5.36727208726702,0.0,-0.6281486600000008,0,0,0,0,0,0
1004,33,1978,1834,58.8732331585,-22.833203791,272.0,2.5266884568516734,5.36727208726702,0.0,-0.4711114949999917,0,0,0,0,0,0
1004,33,1981,1837,58.8732331585,-22.864611223999997,272.0,2.5266884568516734,5.36727208726702,0.0,-0.3140743300000004,0,0,0,0,0,0
1004,33,1984,1840,58.8732331585,-22.896018657,272.0,2.5266884568516734,5.36727208726702,0.0,-0.3140743300000004,0,0,0,0,0,0
1004,33,1987,1843,58.8732331585,-22.927426089999997,272.0,2.5266884568516734,5.36727208726702,0.0,-0.4711114949999917,0,0,0,0,0,0
1004,33,1990,1846,58.8732331585,-22.990240955999997,272.0,2.5266884568516734,5.36727208726702,0.0,-0.6281486600000008,0,0,0,0,0,0
1004,33,1993,1849,58.8732331585,-23.053055821999997,272.0,2.5266884568516734,5.36727208726702,0.0,-0.6281486600000008,0,0,0,0,0,0
1004,33,1996,1852,58.8732331585,-23.115870687999998,272.0,2.5266884568516734,5.36727208726702,0.0,-0.4711114950000095,0,0,0,0,0,0
1004,33,1999,1855,58.8732331585,-23.147278121,272.0,2.5266884568516734,5.36727208726702,0.0,-0.3140743300000004,0,0,0,0,0,0
1004,33,2002,1858,58.8732331585,-23.178685553999998,272.0,2.5266884568516734,5.36727208726702,0.0,-0.15703716499999132,0,0,0,0,0,0
1004,33,2005,1861,58.8732331585,-23.178685553999998,272.0,2.5266884568516734,5.36727208726702,0.0,-0.15703716500000908,0,0,0,0,0,0
1004,33,2008,1864,58.8732331585,-23.210092987,272.0,2.5266884568516734,5.36727208726702,0.0,-0.4711114950000095,0,0,0,0,0,0
1004,33,2011,1867,58.8732331585,-23.272907853,272.0,2.5266884568516734,5.36727208726702,0.0,-0.6281486600000008,0,0,0,0,0,0
1004,33,2014,1870,58.8732331585,-23.335722719,272.0,2.5266884568516734,5.36727208726702,0.0,-0.6281486600000008,0,0,0,0,0,0
1004,33,2017,1873,58.8732331585,-23.398537585,272.0,2.5266884568516734,5.36727208726702,0.0,-0.7851858249999921,0,0,0,0,0,0
1004,33,2020,1876,58.8732331585,-23.492759883999998,272.0,2.5266884568516734,5.36727208726702,0.0,-0.6281486600000008,0,0,0,0,0,0
1004,33,2023,1879,58.8732331585,-23.524167317,272.0,2.5266884568516734,5.36727208726702,0.0,-0.3140743300000004,0,0,0,0,0,0
1004,33,2026,1882,58.8732331585,-23.555574749999998,272.0,2.5266884568516734,5.36727208726702,0.0,-0.4711114949999917,0,0,0,0,0,0
1004,33,2029,1885,58.8732331585,-23.618389615999998,272.0,2.5266884568516734,5.36727208726702,0.0,-0.4711114950000095,0,0,0,0,0,0
1004,33,2032,1888,58.8732331585,-23.649797049,272.0,2.5266884568516734,5.36727208726702,0.0,-0.4711114950000095,0,0,0,0,0,0
1004,33,2035,1891,58.8732331585,-23.712611915,272.0,2.5266884568516734,5.36727208726702,0.0,-0.7851858249999921,0,0,0,0,0,0
1004,33,2038,1894,58.8732331585,-23.806834214,272.0,2.5266884568516734,5.36727208726702,0.0,-0.9422229900000012,0,0,0,0,0,0
1004,33,2041,1897,58.8732331585,-23.901056513,272.0,2.5266884568516734,5.36727208726702,0.0,-0.9422229900000012,0,0,0,0,0,0
1004,33,2044,1900,58.8732331585,-23.995278812,272.0,2.5266884568516734,5.36727208726702,-0.07851858249999566,-0.8637044074999878,0,0,0,0,0,0
1004,33,2047,1903,58.857529442,-24.073797394499998,273.0,2.5266884568516734,5.36727208726702,0.23555574749998698,-0.7851858249999921,0,0,0,0,0,0
1004,33,2050,1906,58.920344308,-24.152315976999997,273.0,2.5266884568516734,5.36727208726702,0.5496300774999696,-0.8637044075000055,0,0,0,0,0,0
1004,33,2053,1909,58.967455457499995,-24.246538276,273.5,2.5266884568516734,5.36727208726702,0.5496300775000051,-1.2562973200000016,0,0,0,0,0,0
1004,33,2056,1912,59.0302703235,-24.403575440999997,273.5,2.5266884568516734,5.36727208726702,0.6281486600000008,-1.413334484999993,0,0,0,0,0,0
1004,33,2059,1915,59.093085189499995,-24.529205172999998,273.5,2.5266884568516734,5.36727208726702,0.31407432999998264,-1.4133344850000107,0,0,0,0,0,0
1004,33,2062,1918,59.093085189499995,-24.686242338,273.5,2.5266884568516734,5.36727208726702,0.5496300775000051,-1.727408815000011,0,0,0,0,0,0
1004,33,2065,1921,59.203011204999996,-24.874686936,273.5,2.5266884568516734,5.36727208726702,0.7066672424999965,-1.8844459800000024,0,0,0,0,0,0
1004,33,2068,1924,59.234418637999994,-25.063131534,275.0,2.5266884568516734,5.36727208726702,1.2170380287500038,-1.8844459800000024,0,0,0,0,0,0
1004,33,2071,1927,59.44641881075,-25.251576132,276.0,2.5266884568516734,5.36727208726702,1.2562973200000016,-2.3162981837499963,0,0,0,0,0,0
1004,33,2074,1930,59.485678101999994,-25.52639117075,276.0,2.5266884568516734,5.36727208726702,0.4711114950000095,-2.826668969999986,0,0,0,0,0,0
1004,33,2077,1933,59.54064110975,-25.816909925999997,277.0,2.5266884568516734,5.36727208726702,1.0207415725000146,-2.551853931250001,0,0,0,0,0,0
1004,33,2080,1936,59.6898264165,-26.036761957,279.0,2.5266884568516734,5.36727208726702,1.5311123587499864,-2.6696318050000123,0,0,0,0,0,0
1004,33,2083,1939,59.846863581499996,-26.350836287,282.0,2.5266884568516734,5.36727208726702,1.2562973200000016,-3.2977804649999953,0,0,0,0,0,0
1004,33,2086,1942,59.9410858805,-26.69631805,282.0,2.5266884568516734,5.36727208726702,1.8844459800000024,-3.4548176299999867,0,0,0,0,0,0
1004,33,2089,1945,60.223752777499996,-27.041799812999997,284.5,2.5266884568516734,5.36727208726702,2.2770388924999807,-3.337039756249993,0,0,0,0,0,0
1004,33,2092,1948,60.396493658999994,-27.363726001249997,286.5,2.5266884568516734,5.36727208726702,1.8844459800000024,-3.5725955037500157,0,0,0,0,0,0
1004,33,2095,1951,60.6006419735,-27.75631891375,288.0,2.5266884568516734,5.36727208726702,2.316298183750014,-3.5725955037500157,0,0,0,0,0,0
1004,33,2098,1954,60.85975329575,-28.078245102,289.5,2.5266884568516734,5.36727208726702,2.74815038749999,-3.5333362125,0,0,0,0,0,0
1004,33,2101,1957,61.150272050999995,-28.46298615625,292.0,2.5266884568516734,5.36727208726702,3.180002591250002,-3.729632668749989,0,0,0,0,0,0
1004,33,2104,1960,61.495753814,-28.824171635749998,295.0,2.5266884568516734,5.36727208726702,2.905187552500017,-3.8866698337499983,0,0,0,0,0,0
1004,33,2107,1963,61.7313095615,-29.240320123,298.0,2.5266884568516734,5.36727208726702,2.944446843750015,-3.965188416249994,0,0,0,0,0,0
1004,33,2110,1966,62.08464318275,-29.617209318999997,299.5,2.5266884568516734,5.36727208726702,3.2585211737499975,-3.808151251249985,0,0,0,0,0,0
1004,33,2113,1969,62.38301379625,-30.001950373249997,302.0,2.5266884568516734,5.36727208726702,3.180002591250002,-4.082966290000005,0,0,0,0,0,0
1004,33,2116,1972,62.720643701,-30.433802576999998,302.0,2.5266884568516734,5.36727208726702,3.415558338749989,-4.200744163749999,0,0,0,0,0,0
1004,33,2119,1975,63.066125463999995,-30.842099205999997,305.0,2.5266884568516734,5.36727208726702,3.925929124999996,-3.729632668750007,0,0,0,0,0,0
1004,33,2122,1978,63.505829526,-31.17972911075,307.0,2.5266884568516734,5.36727208726702,4.240003455000014,-3.768891960000005,0,0,0,0,0,0
1004,33,2125,1981,63.914126155,-31.595877597999998,311.0,2.5266884568516734,5.36727208726702,4.161484872499983,-3.965188416249994,0,0,0,0,0,0
1004,33,2128,1984,64.3381265005,-31.972766793999998,312.0,2.5266884568516734,5.36727208726702,4.671855658750026,-3.925929125000014,0,0,0,0,0,0
1004,33,2131,1987,64.84849728675,-32.381063423,316.0,2.5266884568516734,5.36727208726702,4.868152115000015,-3.6118547949999957,0,0,0,0,0,0
1004,33,2134,1990,65.3117569235,-32.695137753,316.5,2.5266884568516734,5.36727208726702,5.025189279999935,-3.611854794999978,0,0,0,0,0,0
1004,33,2137,1993,65.85353514274999,-33.103434381999996,319.5,2.5266884568516734,5.36727208726702,5.142967153749964,-3.5725955037500157,0,0,0,0,0,0
1004,33,2140,1996,66.34035035424999,-33.40965685375,321.5,2.5266884568516734,5.36727208726702,5.182226444999998,-3.2585211737499975,0,0,0,0,0,0
1004,33,2143,1999,66.88998043174999,-33.755138616749996,324.5,2.5266884568516734,5.36727208726702,5.614078648750009,-3.415558338749989,0,0,0,0,0,0
1004,33,2146,2002,67.463166084,-34.0927685215,326.0,2.5266884568516734,5.36727208726702,5.614078648750009,-3.4155583387500243,0,0,0,0,0,0
1004,33,2149,2005,68.01279616149999,-34.4382502845,328.5,2.5266884568516734,5.36727208726702,5.574819357500047,-3.180002591250002,0,0,0,0,0,0
1004,33,2152,2008,68.5781299555,-34.72876903975,331.0,2.5266884568516734,5.36727208726702,5.928152978749992,-3.062224717499973,0,0,0,0,0,0
1004,33,2155,2011,69.19842675724999,-35.050695227999995,333.0,2.5266884568516734,5.36727208726702,6.04593085249995,-2.8659282612499837,0,0,0,0,0,0
1004,33,2158,2014,69.787316126,-35.301954691999995,334.0,2.5266884568516734,5.36727208726702,5.928152978750063,-2.1985203100000206,0,0,0,0,0,0
1004,33,2161,2017,70.384057353,-35.49039929,337.0,2.5266884568516734,5.36727208726702,6.242227308750046,-2.512594640000003,0,0,0,0,0,0
1004,33,2164,2020,71.03576158775,-35.804473619999996,339.0,2.5266884568516734,5.36727208726702,6.674079512499986,-2.4733353487500054,0,0,0,0,0,0
1004,33,2167,2023,71.7188732555,-35.98506635975,339.0,2.5266884568516734,5.36727208726702,6.948894551249936,-1.8844459800000024,0,0,0,0,0,0
1004,33,2170,2026,72.42554049799999,-36.181362816,341.0,2.5266884568516734,5.36727208726702,7.14519100749996,-2.0807424362499916,0,0,0,0,0,0
1004,33,2173,2029,73.14791145699999,-36.401214847,343.5,2.5266884568516734,5.36727208726702,7.066672425000036,-2.0807424362499916,0,0,0,0,0,0
1004,33,2176,2032,73.838874983,-36.597511303249995,345.5,2.5266884568516734,5.36727208726702,7.066672425000036,-1.3348159024999973,0,0,0,0,0,0
1004,33,2179,2035,74.561245942,-36.6681780275,345.5,2.5266884568516734,5.36727208726702,7.53778392000001,-1.0992601550000103,0,0,0,0,0,0
1004,33,2182,2038,75.346431767,-36.81736333425,347.5,2.5266884568516734,5.36727208726702,7.459265337500014,-1.6488902325000154,0,0,0,0,0,0
1004,33,2185,2041,76.0530990095,-36.997956074,351.0,2.5266884568516734,5.36727208726702,7.773339667499997,-1.531112358750022,0,0,0,0,0,0
1004,33,2188,2044,76.9010997005,-37.123585806,353.0,2.5266884568516734,5.36727208726702,8.008895414999984,-0.7851858249999921,0,0,0,0,0,0
1004,33,2191,2047,77.6548780925,-37.154993239,353.0,2.5266884568516734,5.36727208726702,7.53778392000001,-0.31407432999998264,0,0,0,0,0,0
1004,33,2194,2050,78.4086564845,-37.186400672,353.0,2.5266884568516734,5.36727208726702,8.165932579999975,-0.4711114950000095,0,0,0,0,0,0
1004,33,2197,2053,79.2880646085,-37.249215538,354.5,2.5266884568516734,5.36727208726702,8.36222903625,-0.31407433000001816,0,0,0,0,0,0
1004,33,2200,2056,80.08110229175,-37.249215538,355.5,2.5266884568516734,5.36727208726702,7.969636123750021,-0.15703716499999132,0,0,0,0,0,0
1004,33,2203,2059,80.88199183325,-37.280622971,357.0,2.5266884568516734,5.36727208726702,8.558525492499953,-0.47111149499997396,0,0,0,0,0,0
1004,33,2206,2062,81.79280739024999,-37.343437836999996,358.5,2.5266884568516734,5.36727208726702,8.715562657500016,-0.07851858249999566,0,0,0,0,0,0
1004,33,2209,2065,82.62510436475,-37.2963266875,359.5,2.5266884568516734,5.36727208726702,8.205191871250008,0.6281486600000008,0,0,0,0,0,0
1004,33,2212,2068,83.43384576449999,-37.217808104999996,359.5,2.5266884568516734,5.36727208726702,8.283710453750004,0.3925929125000138,0,0,0,0,0,0
1004,33,2215,2071,84.2818464555,-37.217808104999996,359.5,2.5266884568516734,5.36727208726702,8.480006910000029,0.15703716499999132,0,0,0,0,0,0
1004,33,2218,2074,85.1298471465,-37.186400672,0.5,2.5266884568516734,5.36727208726702,8.79408123999994,0.7851858249999921,0,0,0,0,0,0
1004,33,2221,2077,86.04066270349999,-37.06077094,0.5,2.5266884568516734,5.36727208726702,8.951118405000003,1.0992601550000103,0,0,0,0,0,0
1004,33,2224,2080,86.9200708275,-36.966548640999996,0.5,2.5266884568516734,5.36727208726702,8.951118405000003,0.7851858249999921,0,0,0,0,0,0
1004,33,2227,2083,87.83088638449999,-36.903733775,0.5,2.5266884568516734,5.36727208726702,9.265192734999985,0.47111149499997396,0,0,0,0,0,0
1004,33,2230,2086,88.7731093745,-36.872326342,0.5,2.5266884568516734,5.36727208726702,9.147414861250027,0.6281486600000008,0,0,0,0,0,0
1004,33,2233,2089,89.66036935675,-36.778104043,2.5,2.5266884568516734,5.36727208726702,8.872599822500007,0.6281486600000008,0,0,0,0,0,0
1004,33,2236,2092,90.547629339,-36.74669661,2.5,2.5266884568516734,5.36727208726702,8.754821948749978,0.5496300775000051,0,0,0,0,0,0
1004,33,2239,2095,91.41133374649999,-36.6681780275,2.5,2.5266884568516734,5.36727208726702,9.18667415249999,1.0207415725000146,0,0,0,0,0,0
1004,33,2242,2098,92.3849641695,-36.5425482955,2.5,2.5266884568516734,5.36727208726702,9.893341395000022,1.0992601550000103,0,0,0,0,0,0
1004,33,2245,2101,93.3900020255,-36.448325996499996,2.5,2.5266884568516734,5.36727208726702,9.579267065000039,0.7851858249999921,0,0,0,0,0,0
1004,33,2248,2104,94.3008175825,-36.3855111305,2.5,2.5266884568516734,5.36727208726702,9.225933443750023,0.6674079512499986,0,0,0,0,0,0
1004,33,2251,2107,95.23518871425,-36.314844406249996,4.5,2.5266884568516734,5.36727208726702,9.34371131749998,0.7066672424999965,0,0,0,0,0,0
1004,33,2254,2110,96.169559846,-36.244177682,4.5,2.5266884568516734,5.36727208726702,9.932600686249984,0.7459265337499943,0,0,0,0,0,0
1004,33,2257,2113,97.2217088515,-36.1656590995,4.5,2.5266884568516734,5.36727208726702,10.2859343075,0.7851858249999921,0,0,0,0,0,0
1004,33,2260,2116,98.2267467075,-36.087140517,3.5,2.5266884568516734,5.36727208726702,10.050378560000013,0.8637044074999878,0,0,0,0,0,0
1004,33,2263,2119,99.2317845635,-35.992918218,3.5,2.5266884568516734,5.36727208726702,10.207415725000004,0.7851858250000276,0,0,0,0,0,0
1004,33,2266,2122,100.2682298525,-35.930103351999996,3.5,2.5266884568516734,5.36727208726702,10.482230763749953,0.6281486600000008,0,0,0,0,0,0
1004,33,2269,2125,101.32823071624999,-35.867288486,2.5,2.5266884568516734,5.36727208726702,10.521490054999987,0.47111149499997396,0,0,0,0,0,0
1004,33,2272,2128,102.3725278635,-35.835881053,2.5,2.5266884568516734,5.36727208726702,10.482230763750024,0.07851858249999566,0,0,0,0,0,0
1004,33,2275,2131,103.424676869,-35.8515847695,2.5,2.5266884568516734,5.36727208726702,10.600008637499982,0.2355557475000225,0,0,0,0,0,0
1004,33,2278,2134,104.492529591,-35.7887699035,2.5,2.5266884568516734,5.36727208726702,10.83556438499997,0.7851858250000276,0,0,0,0,0,0
1004,33,2281,2137,105.59178974599999,-35.694547604499995,2.5,2.5266884568516734,5.36727208726702,11.306675880000014,0.5103707862500073,0,0,0,0,0,0
1004,33,2284,2140,106.753864767,-35.686695746249995,0.5,2.5266884568516734,5.36727208726702,10.442971472500062,0.23555574749998698,0,0,0,0,0,0
1004,33,2287,2143,107.6803840405,-35.647436455,0.5,2.5266884568516734,5.36727208726702,9.73630422999996,0.11777787374999349,0,0,0,0,0,0
1004,33,2290,2146,108.70112561299999,-35.6631401715,0.5,2.5266884568516734,5.36727208726702,10.757045802499974,-0.07851858249999566,0,0,0,0,0,0
1004,33,2293,2149,109.831793201,-35.6631401715,0.5,2.5266884568516734,5.36727208726702,11.306675880000014,0.0,0,0,0,0,0,0
1004,33,2296,2152,110.96246078899999,-35.6631401715,0.5,2.5266884568516734,5.36727208726702,10.83556438499997,0.0,0,0,0,0,0,0
1004,33,2299,2155,111.99890607799999,-35.6631401715,0.5,2.5266884568516734,5.36727208726702,10.992601550000032,0.0,0,0,0,0,0,0
1004,33,2302,2158,113.160981099,-35.6631401715,0.5,2.5266884568516734,5.36727208726702,11.149638715000023,0.15703716499999132,0,0,0,0,0,0
1004,33,2305,2161,114.228833821,-35.6317327385,0.5,2.5266884568516734,5.36727208726702,10.99260154999996,0.31407432999998264,0,0,0,0,0,0
1004,33,2308,2164,115.35950140899999,-35.6003253055,0.5,2.5266884568516734,5.36727208726702,11.463713045000006,0.15703716499999132,0,0,0,0,0,0
1004,33,2311,2167,116.52157643,-35.6003253055,0.5,2.5266884568516734,5.36727208726702,11.620750209999997,0.0,0,0,0,0,0,0
1004,33,2314,2170,117.68365145099999,-35.6003253055,0.5,2.5266884568516734,5.36727208726702,11.620750209999926,0.0,0,0,0,0,0,0
1004,7,252,0,116.85135447649999,-30.653654608,180.5,0,0,-6.281486599999937,0.0,0,0,0,0,0,0
1004,7,255,3,116.2232058165,-30.653654608,180.5,0,0,-6.124449435000017,0.0,0,0,0,0,0,0
1004,7,258,6,115.62646458949999,-30.653654608,180.5,0,0,-6.124449435000017,0.0,0,0,0,0,0,0
1004,7,261,9,114.9983159295,-30.653654608,180.5,0,0,-6.124449434999946,0.0,0,0,0,0,0,0
1004,7,264,12,114.4015747025,-30.653654608,180.5,0,0,-4.711114950000024,-0.15703716499999132,0,0,0,0,0,0
1004,7,267,15,114.05609293949999,-30.685062041,180.5,0,0,-4.868152115000015,-0.15703716499999132,0,0,0,0,0,0
1004,7,270,18,113.4279442795,-30.685062041,180.5,0,0,-6.124449434999946,0.0,0,0,0,0,0,0
1004,7,273,21,112.8312030525,-30.685062041,180.5,0,0,-5.49630077499998,0.0,0,0,0,0,0,0
1004,7,276,24,112.3286841245,-30.685062041,180.5,0,0,-5.025189280000006,0.0,0,0,0,0,0,0
1004,7,279,27,111.8261651965,-30.685062041,180.5,0,0,-4.397040620000041,-0.15703716500000908,0,0,0,0,0,0
1004,7,282,30,111.44927600049999,-30.716469474,180.5,0,0,-4.0829662900000585,-0.15703716500000908,0,0,0,0,0,0
1004,7,285,33,111.00957193849999,-30.716469474,180.5,0,0,-4.554077784999961,0.0,0,0,0,0,0,0
1004,7,288,36,110.5384604435,-30.716469474,180.5,0,0,-4.0829662899999875,0.0,0,0,0,0,0,0
1004,7,291,39,110.19297868049999,-30.716469474,180.5,0,0,-3.297780465000031,0.0,0,0,0,0,0,0
1004,7,294,42,109.8789043505,-30.716469474,180.5,0,0,-3.1407432999999685,0.0,0,0,0,0,0,0
1004,7,297,45,109.5648300205,-30.716469474,180.5,0,0,-2.826668969999986,0.0,0,0,0,0,0,0
1004,7,300,48,109.3135705565,-30.716469474,180.5,0,0,-2.826668969999986,-0.15703716499999132,0,0,0,0,0,0
1004,7,303,51,108.9994962265,-30.747876907,180.5,0,0,-2.512594640000003,-0.15703716499999132,0,0,0,0,0,0
1004,7,306,54,108.8110516285,-30.747876907,180.5,0,0,-2.355557475000012,0.15703716499999132,0,0,0,0,0,0
1004,7,309,57,108.5283847315,-30.716469474,180.5,0,0,-2.355557475000012,0.15703716499999132,0,0,0,0,0,0
1004,7,312,60,108.3399401335,-30.716469474,180.5,0,0,-2.1985203100000206,0.15703716500000908,0,0,0,0,0,0
1004,7,315,63,108.0886806695,-30.685062041,180.5,0,0,-2.6696318049999945,0.15703716500000908,0,0,0,0,0,0
1004,7,318,66,107.8060137725,-30.685062041,180.5,0,0,-2.1985203100000206,0.0,0,0,0,0,0,0
1004,7,321,69,107.64897660749999,-30.685062041,180.5,0,0,-1.413334484999993,0.0,0,0,0,0,0,0
1004,7,324,72,107.5233468755,-30.685062041,180.5,0,0,-1.413334484999993,0.0,0,0,0,0,0,0
1004,7,327,75,107.36630971049999,-30.685062041,180.5,0,0,-2.355557475000012,0.0,0,0,0,0,0,0
1004,7,330,78,107.0522353805,-30.685062041,180.5,0,0,-2.355557475000012,0.0,0,0,0,0,0,0
1004,7,333,81,106.89519821549999,-30.685062041,180.5,0,0,-1.2562973200000016,0.0,0,0,0,0,0,0
1004,7,336,84,106.8009759165,-30.685062041,180.5,0,0,-1.413334484999993,0.0,0,0,0,0,0,0
1004,7,339,87,106.61253131849999,-30.685062041,180.5,0,0,-1.8844459799999669,0.0,0,0,0,0,0,0
1004,7,342,90,106.4240867205,-30.685062041,180.5,0,0,-2.355557474999941,0.0,0,0,0,0,0,0
1004,7,345,93,106.1414198235,-30.685062041,180.5,0,0,-2.826668970000057,0.0,0,0,0,0,0,0
1004,7,348,96,105.85875292649999,-30.685062041,180.5,0,0,-2.355557475000012,0.15703716499999132,0,0,0,0,0,0
1004,7,351,99,105.6703083285,-30.653654608,180.5,0,0,-2.1985203099999495,0.15703716499999132,0,0,0,0,0,0
1004,7,354,102,105.4190488645,-30.653654608,180.5,0,0,-1.884445980000038,0.0,0,0,0,0,0,0
1004,7,357,105,105.29341913249999,-30.653654608,180.5,0,0,-1.5703716499999842,0.0,0,0,0,0,0,0
1004,7,360,108,105.1049745345,-30.653654608,180.5,0,0,-1.5703716499999842,0.0,0,0,0,0,0,0
1004,7,363,111,104.9793448025,-30.653654608,180.5,0,0,-1.5703716500000553,0.0,0,0,0,0,0,0
1004,7,366,114,104.79090020449999,-30.653654608,180.5,0,0,-1.8844459799999669,0.15703716500000908,0,0,0,0,0,0
1004,7,369,117,104.6024556065,-30.622247175,180.5,0,0,-1.5703716499999842,0.15703716500000908,0,0,0,0,0,0
1004,7,372,120,104.4768258745,-30.622247175,180.5,0,0,-0.942222990000019,0.0,0,0,0,0,0,0
1004,7,375,123,104.4140110085,-30.622247175,180.5,0,0,-0.47111149499997396,0.0,0,0,0,0,0,0
1004,7,378,126,104.3826035755,-30.622247175,180.5,0,0,-0.7851858250000276,0.0,0,0,0,0,0,0
1004,7,381,129,104.25697384349999,-30.622247175,180.5,0,0,-1.2562973200000016,0.0,0,0,0,0,0,0
1004,7,384,132,104.1313441115,-30.622247175,180.5,0,0,-1.2562973200000016,0.0,0,0,0,0,0,0
1004,7,387,135,104.00571437949999,-30.622247175,180.5,0,0,-1.413334484999993,0.0,0,0,0,0,0,0
1004,7,390,138,103.8486772145,-30.622247175,180.5,0,0,-1.0992601550000103,0.0,0,0,0,0,0,0
1004,7,393,141,103.78586234849999,-30.622247175,180.5,0,0,-0.6281486600000363,0.0,0,0,0,0,0,0
1004,7,396,144,103.7230474825,-30.622247175,180.5,0,0,-0.6281486599999653,0.0,0,0,0,0,0,0
1004,7,399,147,103.6602326165,-30.622247175,180.5,0,0,-0.6281486599999653,0.0,0,0,0,0,0,0
1004,7,402,150,103.5974177505,-30.622247175,180.5,0,0,-0.47111149499997396,0.0,0,0,0,0,0,0
1004,7,405,153,103.5660103175,-30.622247175,180.5,0,0,-0.6281486600000363,0.0,0,0,0,0,0,0
1004,7,408,156,103.47178801849999,-30.622247175,180.5,0,0,-0.942222990000019,0.0,0,0,0,0,0,0
1004,7,411,159,103.3775657195,-30.622247175,180.5,0,0,-1.2562973200000016,0.0,0,0,0,0,0,0
1004,7,414,162,103.22052855449999,-30.622247175,180.5,0,0,-1.0992601550000103,0.0,0,0,0,0,0,0
1004,7,417,165,103.1577136885,-30.622247175,180.5,0,0,-0.7851858249999566,0.0,0,0,0,0,0,0
1004,7,420,168,103.0634913895,-30.622247175,180.5,0,0,-1.413334484999993,0.0,0,0,0,0,0,0
1004,7,423,171,102.8750467915,-30.622247175,180.5,0,0,-1.7274088150000466,0.0,0,0,0,0,0,0
1004,7,426,174,102.71800962649999,-30.622247175,180.5,0,0,-1.5703716499999842,0.0,0,0,0,0,0,0
1004,7,429,177,102.5609724615,-30.622247175,180.5,0,0,-1.5703716499999842,0.0,0,0,0,0,0,0
1004,7,432,180,102.4039352965,-30.622247175,180.5,0,0,-2.1985203100000206,0.0,0,0,0,0,0,0
1004,7,435,183,102.1212683995,-30.622247175,180.5,0,0,-1.8844459799999669,0.0,0,0,0,0,0,0
1004,7,438,186,102.0270461005,-30.622247175,180.5,0,0,-1.0992601550000103,0.0,0,0,0,0,0,0
1004,7,441,189,101.9014163685,-30.622247175,180.5,0,0,-1.0992601550000103,0.0,0,0,0,0,0,0
1004,7,444,192,101.8071940695,-30.622247175,180.5,0,0,-2.0414831450000293,0.0,0,0,0,0,0,0
1004,7,447,195,101.49311973949999,-30.622247175,180.5,0,0,-2.6696318049999945,0.0,0,0,0,0,0,0
1004,7,450,198,101.2732677085,-30.622247175,180.5,0,0,-1.8844459799999669,0.0,0,0,0,0,0,0
1004,7,453,201,101.1162305435,-30.622247175,180.5,0,0,-2.0414831450000293,0.0,0,0,0,0,0,0
1004,7,456,204,100.8649710795,-30.622247175,180.5,0,0,-2.355557475000012,0.0,0,0,0,0,0,0
1004,7,459,207,100.64511904849999,-30.622247175,180.5,0,0,-2.1985203100000206,0.0,0,0,0,0,0,0
1004,7,462,210,100.42526701749999,-30.622247175,180.5,0,0,-2.6696318049999945,0.0,0,0,0,0,0,0
1004,7,465,213,100.1111926875,-30.622247175,180.5,0,0,-3.1407432999999685,0.0,0,0,0,0,0,0
1004,7,468,216,99.7971183575,-30.622247175,180.5,0,0,-3.1407432999999685,0.0,0,0,0,0,0,0
1004,7,471,219,99.4830440275,-30.622247175,180.5,0,0,-3.1407433000000395,0.0,0,0,0,0,0,0
1004,7,474,222,99.16896969749999,-30.622247175,180.5,0,0,-3.1407433000000395,0.0,0,0,0,0,0,0
1004,7,477,225,98.85489536749999,-30.622247175,180.5,0,0,-3.1407432999999685,0.0,0,0,0,0,0,0
1004,7,480,228,98.5408210375,-30.622247175,180.5,0,0,-3.1407432999999685,0.0,0,0,0,0,0,0
1004,7,483,231,98.2267467075,-30.622247175,180.5,0,0,-3.6118547950000135,0.0,0,0,0,0,0,0
1004,7,486,234,97.81845007849999,-30.622247175,180.5,0,0,-3.768891960000005,0.0,0,0,0,0,0,0
1004,7,489,237,97.4729683155,-30.622247175,180.5,0,0,-3.6118547950000135,0.0,0,0,0,0,0,0
1004,7,492,240,97.09607911949999,-30.622247175,180.5,0,0,-3.6118547950000135,0.0,0,0,0,0,0,0
1004,7,495,243,96.7505973565,-30.622247175,180.5,0,0,-3.29778046499996,0.0,0,0,0,0,0,0
1004,7,498,246,96.4365230265,-30.622247175,180.5,0,0,-3.1407432999999685,0.0,0,0,0,0,0,0
1004,7,500,248,96.1224486965,-30.622247175,180.5,0,0,-3.6118547950000135,-0.15703716500000908,0,0,0,0,0,0
1004,7,503,251,95.7141520675,-30.653654608,180.5,0,0,-4.397040620000041,-0.3140743300000004,0,0,0,0,0,0
1004,7,506,254,95.24304057249999,-30.685062041,180.5,0,0,-4.5540777850000325,-0.15703716499999132,0,0,0,0,0,0
1004,7,509,257,94.80333651049999,-30.685062041,180.5,0,0,-4.240003454999979,0.0,0,0,0,0,0,0
1004,7,512,260,94.3950398815,-30.685062041,180.5,0,0,-4.554077784999961,0.0,0,0,0,0,0,0
1004,7,515,263,93.8925209535,-30.685062041,180.5,0,0,-5.182226444999998,0.0,0,0,0,0,0,0
1004,7,518,266,93.3585945925,-30.685062041,180.5,0,0,-4.868152115000015,0.0,0,0,0,0,0,0
1004,7,521,269,92.9188905305,-30.685062041,180.5,0,0,-5.339263609999989,-0.15703716500000908,0,0,0,0,0,0
1004,7,524,272,92.2907418705,-30.716469474,180.5,0,0,-5.967412269999954,-0.15703716500000908,0,0,0,0,0,0
1004,7,527,275,91.7254080765,-30.716469474,180.5,0,0,-5.653337940000043,0.0,0,0,0,0,0,0
1004,7,530,278,91.16007428249999,-30.716469474,180.5,0,0,-5.967412270000025,-0.15703716499999132,0,0,0,0,0,0
1004,7,533,281,90.5319256225,-30.747876907,180.5,0,0,-6.438523764999999,-0.15703716499999132,0,0,0,0,0,0
1004,7,536,284,89.87236952949999,-30.747876907,180.5,0,0,-6.438523764999999,-0.15703716500000908,0,0,0,0,0,0
1004,7,539,287,89.2442208695,-30.77928434,180.5,0,0,-6.281486600000008,-0.15703716500000908,0,0,0,0,0,0
1004,7,542,290,88.61607220949999,-30.77928434,180.5,0,0,-6.281486600000008,-0.4711114949999917,0,0,0,0,0,0
1004,7,545,293,87.9879235495,-30.873506639,180.5,0,0,-6.595560929999991,-0.4711114949999917,0,0,0,0,0,0
1004,7,548,296,87.29696002349999,-30.873506639,180.5,0,0,-6.595560929999991,0.0,0,0,0,0,0,0
1004,7,551,299,86.6688113635,-30.873506639,180.5,0,0,-6.595560929999991,-0.15703716499999132,0,0,0,0,0,0
1004,7,554,302,85.9778478375,-30.904914071999997,180.5,0,0,-7.066672425000036,-0.3140743300000004,0,0,0,0,0,0
1004,7,557,305,85.25547687849999,-30.936321505,180.5,0,0,-7.380746755000018,-0.3140743300000004,0,0,0,0,0,0
1004,7,560,308,84.50169848649999,-30.967728937999997,180.5,0,0,-7.694821085000001,-0.3140743300000004,0,0,0,0,0,0
1004,7,563,311,83.71651266149999,-30.999136371,180.5,0,0,-8.008895414999984,-0.15703716500000908,0,0,0,0,0,0
1004,7,566,314,82.8999194035,-30.999136371,180.5,0,0,-8.008895414999984,0.0,0,0,0,0,0,0
1004,7,569,317,82.1147335785,-30.999136371,180.5,0,0,-7.694821085000001,0.0,0,0,0,0,0,0
1004,7,572,320,81.3609551865,-30.999136371,180.5,0,0,-7.694821085000001,0.15703716500000908,0,0,0,0,0,0
1004,7,575,323,80.5757693615,-30.967728937999997,180.5,0,0,-8.008895414999984,0.15703716500000908,0,0,0,0,0,0
1004,7,578,326,79.7591761035,-30.967728937999997,180.5,0,0,-8.322969744999966,-0.15703716500000908,0,0,0,0,0,0
1004,7,581,329,78.9111754125,-30.999136371,180.5,0,0,-8.165932579999975,-0.4711114950000095,0,0,0,0,0,0
1004,7,584,332,78.1259895875,-31.061951237,180.5,0,0,-8.322969745000037,-0.3140743300000004,0,0,0,0,0,0
1004,7,587,335,77.2465814635,-31.061951237,180.5,0,0,-8.63704407500002,0.0,0,0,0,0,0,0
1004,7,590,338,76.3985807725,-31.061951237,180.5,0,0,-8.480006909999958,0.0,0,0,0,0,0,0
1004,7,593,341,75.5505800815,-31.061951237,180.5,0,0,-8.480006910000029,0.0,0,0,0,0,0,0
1004,7,596,344,74.70257939049999,-31.061951237,180.5,0,0,-8.951118405000003,0.0,0,0,0,0,0,0
1004,7,599,347,73.7603564005,-31.061951237,180.5,0,0,-8.951118405000003,-0.4711114949999917,0,0,0,0,0,0
1004,7,602,350,72.91235570949999,-31.156173535999997,180.5,0,0,-8.951118405000003,-0.4711114949999917,0,0,0,0,0,0
1004,7,605,353,71.9701327195,-31.156173535999997,180.5,0,0,-9.265192734999985,0.0,0,0,0,0,0,0
1004,7,608,356,71.0593171625,-31.156173535999997,180.5,0,0,-9.579267065000039,0.0,0,0,0,0,0,0
1004,7,611,359,70.05427930649999,-31.156173535999997,180.5,0,0,-9.73630422999996,0.0,0,0,0,0,0,0
1004,7,614,362,69.1120563165,-31.156173535999997,180.5,0,0,-9.579267064999968,0.0,0,0,0,0,0,0
1004,7,617,365,68.1384258935,-31.156173535999997,180.5,0,0,-9.893341395000022,0.0,0,0,0,0,0,0
1004,7,620,368,67.1333880375,-31.156173535999997,180.5,0,0,-9.893341395000022,0.0,0,0,0,0,0,0
1004,7,623,371,66.1597576145,-31.156173535999997,180.5,0,0,-9.579267065000039,-0.15703716500000908,0,0,0,0,0,0
1004,7,626,374,65.21753462449999,-31.187580969,180.5,0,0,-9.265192734999985,-0.3140743300000004,0,0,0,0,0,0
1004,7,629,377,64.3067190675,-31.218988401999997,180.5,0,0,-9.89334139499995,-0.3140743300000004,0,0,0,0,0,0
1004,7,632,380,63.2388663455,-31.250395835,180.5,0,0,-10.678527220000014,-0.15703716500000908,0,0,0,0,0,0
1004,7,635,383,62.171013623499995,-31.250395835,180.5,0,0,-10.011119268750015,0.0,0,0,0,0,0,0
1004,7,638,386,61.23664249175,-31.250395835,180.5,0,0,-9.893341394999986,0.0,0,0,0,0,0,0
1004,7,641,389,60.1923453445,-31.250395835,180.5,0,0,-10.403712181249993,0.0,0,0,0,0,0,0
1004,7,644,392,59.1559000555,-31.250395835,180.5,0,0,-10.364452889999995,0.0,0,0,0,0,0,0
1004,7,647,395,58.1194547665,-31.250395835,180.5,0,0,-10.364452889999995,0.0,0,0,0,0,0,0
1004,7,650,398,57.0830094775,-31.250395835,180.5,0,0,-10.207415725000004,-0.15703716499999132,0,0,0,0,0,0
1004,7,653,401,56.0779716215,-31.281803267999997,180.5,0,0,-10.207415725000004,-0.15703716499999132,0,0,0,0,0,0
1004,7,656,404,55.0415263325,-31.281803267999997,180.5,0,0,-10.521490054999987,0.0,0,0,0,0,0,0
1004,7,659,407,53.9736736105,-31.281803267999997,180.5,0,0,-10.678527220000014,0.0,0,0,0,0,0,0
1004,7,662,410,52.905820888499996,-31.281803267999997,180.5,0,0,-11.149638715000023,-0.15703716500000908,0,0,0,0,0,0
1004,7,665,413,51.743745867499996,-31.313210701,180.5,0,0,-11.306675879999979,-0.15703716500000908,0,0,0,0,0,0
1004,7,668,416,50.6444857125,-31.313210701,180.5,0,0,-10.992601549999996,0.0,0,0,0,0,0,0
1004,7,671,419,49.5452255575,-31.313210701,180.5,0,0,-11.149638715000023,0.0,0,0,0,0,0,0
1004,7,674,422,48.414557969499995,-31.313210701,180.5,0,0,-11.306675879999979,0.0,0,0,0,0,0,0
1004,7,677,425,47.2838903815,-31.313210701,180.5,0,0,-11.620750209999997,0.0,0,0,0,0,0,0
1004,7,680,428,46.090407927499996,-31.313210701,180.5,0,0,-12.091861705000007,0.0,0,0,0,0,0,0
1004,7,683,431,44.8655180405,-31.313210701,180.5,0,0,-11.620750209999997,0.0,0,0,0,0,0,0
1004,7,686,434,43.766257885499996,-31.313210701,180.5,0,0,-11.777787375000024,0.0,0,0,0,0,0,0
1004,7,689,437,42.509960565499995,-31.313210701,180.5,0,0,-11.620750209999997,0.15703716500000908,0,0,0,0,0,0
1004,7,692,440,41.4421078435,-31.281803267999997,180.5,0,0,-11.620750209999997,0.15703716500000908,0,0,0,0,0,0
1004,7,695,443,40.185810523499995,-31.281803267999997,180.5,0,0,-12.40593603499999,0.3140743300000004,0,0,0,0,0,0
1004,7,698,446,38.9609206365,-31.218988401999997,180.5,0,0,-11.93482453999998,0.3140743300000004,0,0,0,0,0,0
1004,7,701,449,37.7988456155,-31.218988401999997,180.5,0,0,-11.777787374999988,0.0,0,0,0,0,0,0
1004,7,704,452,36.6053631615,-31.218988401999997,180.5,0,0,-11.777787374999988,0.0,0,0,0,0,0,0
1004,7,707,455,35.4432881405,-31.218988401999997,180.5,0,0,-11.777787375000024,0.0,0,0,0,0,0,0
1004,7,710,458,34.2498056865,-31.218988401999997,180.5,0,0,-12.248898870000033,0.15703716499999132,0,0,0,0,0,0
1004,7,713,461,32.993508366499995,-31.187580969,180.5,0,0,-11.777787374999988,0.15703716499999132,0,0,0,0,0,0
1004,7,716,464,31.8942482115,-31.187580969,180.5,0,0,-11.463713044999988,0.15703716500000908,0,0,0,0,0,0
1004,7,719,467,30.700765757499997,-31.156173535999997,180.5,0,0,-11.620750209999997,0.3140743300000004,0,0,0,0,0,0
1004,7,722,470,29.5700981695,-31.124766103,180.5,0,0,-11.463713044999988,0.15703716499999132,0,0,0,0,0,0
1004,7,725,473,28.4080231485,-31.124766103,180.5,0,0,-11.620750209999997,0.0,0,0,0,0,0,0
1004,7,728,476,27.2459481275,-31.124766103,180.5,0,0,-11.306675880000014,0.0,0,0,0,0,0,0
1004,7,731,479,26.146687972499997,-31.124766103,180.5,0,0,-11.463713045000006,0.0,0,0,0,0,0,0
1004,7,734,482,24.9532055185,-31.124766103,180.5,0,0,-11.620750209999997,0.0,0,0,0,0,0,0
1004,7,737,485,23.822537930499998,-31.124766103,180.5,0,0,-11.620750209999997,0.0,0,0,0,0,0,0
1004,7,740,488,22.6290554765,-31.124766103,180.5,0,0,-11.463713044999988,0.0,0,0,0,0,0,0
1004,7,743,491,21.5297953215,-31.124766103,180.5,0,0,-11.149638715000005,-0.3140743300000004,0,0,0,0,0,0
1004,7,746,494,20.3991277335,-31.187580969,180.5,0,0,-11.620750209999997,-0.3140743300000004,0,0,0,0,0,0
1004,7,749,497,19.2056452795,-31.187580969,180.5,0,0,-11.620750209999997,0.0,0,0,0,0,0,0
1004,7,752,500,18.0749776915,-31.187580969,180.5,0,0,-11.306675880000014,-0.15703716499999132,0,0,0,0,0,0
1004,7,755,503,16.944310103499998,-31.218988401999997,180.5,0,0,-10.992601549999996,-0.15703716499999132,0,0,0,0,0,0
1004,7,758,506,15.8764573815,-31.218988401999997,180.5,0,0,-10.678527219999996,-0.15703716500000908,0,0,0,0,0,0
1004,7,761,509,14.808604659499998,-31.250395835,180.5,0,0,-10.992601550000005,-0.15703716500000908,0,0,0,0,0,0
1004,7,764,512,13.677937071499999,-31.250395835,180.5,0,0,-11.149638714999996,-0.15703716499999132,0,0,0,0,0,0
1004,7,767,515,12.5786769165,-31.281803267999997,180.5,0,0,-11.149638714999996,-0.3140743300000004,0,0,0,0,0,0
1004,7,770,518,11.4480093285,-31.313210701,180.5,0,0,-11.149638714999996,-0.3140743300000004,0,0,0,0,0,0
1004,7,773,521,10.3487491735,-31.344618133999997,180.5,0,0,-10.678527219999996,-0.3140743300000004,0,0,0,0,0,0
1004,7,776,524,9.3123038845,-31.376025567,180.5,0,0,-10.835564385000005,-0.15703716500000908,0,0,0,0,0,0
1004,7,779,527,8.181636296499999,-31.376025567,180.5,0,0,-10.992601550000005,0.0,0,0,0,0,0,0
1004,7,782,530,7.113783574499999,-31.376025567,180.5,0,0,-10.835564384999996,-0.4711114949999917,0,0,0,0,0,0
1004,7,785,533,6.0145234195,-31.470247865999998,180.5,0,0,-10.992601549999996,-0.4711114949999917,0,0,0,0,0,0
1004,7,788,536,4.9152632645,-31.470247865999998,180.5,0,0,-10.67852722,-0.3140743300000004,0,0,0,0,0,0
1004,7,791,539,3.8788179754999996,-31.533062731999998,180.5,0,0,-10.050378560000002,-0.3140743300000004,0,0,0,0,0,0
1004,7,794,542,2.9051875524999997,-31.533062731999998,180.5,0,0,-9.736304229999998,0.0,0,0,0,0,0,0
1004,34,321,0,61.275901782999995,-2.9365949854999998,271.0,2.5765583022087934,5.708641148802065,0.0,-5.653337940000003,0,0,0,0,0,0
1004,34,324,3,61.275901782999995,-3.5019287795,271.0,2.5765583022087934,5.708641148802065,0.0,-5.496300775,0,0,0,0,0,0
1004,34,327,6,61.275901782999995,-4.0358551405,271.0,2.5765583022087934,5.708641148802065,0.0,-4.868152114999997,0,0,0,0,0,0
1004,34,330,9,61.275901782999995,-4.4755592024999995,271.0,2.5765583022087934,5.708641148802065,0.0,-5.0251892799999975,0,0,0,0,0,0
1004,34,333,12,61.275901782999995,-5.040892996499999,271.0,2.5765583022087934,5.708641148802065,-0.15703716499999132,-4.868152115000002,0,0,0,0,0,0
1004,34,336,15,61.24449435,-5.4491896255,271.0,2.5765583022087934,5.708641148802065,-0.15703716499999132,-4.240003455000001,0,0,0,0,0,0
1004,34,339,18,61.24449435,-5.8888936874999995,271.0,2.5765583022087934,5.708641148802065,0.0,-4.082966290000001,0,0,0,0,0,0
1004,34,342,21,61.24449435,-6.2657828835,271.0,2.5765583022087934,5.708641148802065,-0.15703716499999132,-4.082966290000001,0,0,0,0,0,0
1004,34,345,24,61.213086917,-6.7054869455,271.0,2.5765583022087934,5.708641148802065,-0.4711114950000095,-3.611854795,0,0,0,0,0,0
1004,34,348,27,61.150272050999995,-6.9881538425,271.0,2.5765583022087934,5.708641148802065,-0.4711114950000095,-2.9837061349999994,0,0,0,0,0,0
1004,34,351,30,61.118864617999996,-7.3022281725,271.0,2.5765583022087934,5.708641148802065,-0.47111149499997396,-2.9837061349999994,0,0,0,0,0,0
1004,34,354,33,61.056049752,-7.5848950695,271.0,2.5765583022087934,5.708641148802065,-0.6281486600000008,-2.826668969999999,0,0,0,0,0,0
1004,34,357,36,60.993234885999996,-7.867561966499999,271.0,2.5765583022087934,5.708641148802065,-0.31407433000001816,-2.6696318049999945,0,0,0,0,0,0
1004,34,360,39,60.993234885999996,-8.118821430499999,271.0,2.5765583022087934,5.708641148802065,0.0,-2.826668969999999,0,0,0,0,0,0
1004,34,363,42,60.993234885999996,-8.4328957605,271.0,2.5765583022087934,5.708641148802065,0.0,-2.6696318050000034,0,0,0,0,0,0
1004,34,366,45,60.993234885999996,-8.6527477915,271.0,2.5765583022087934,5.708641148802065,0.0,-1.4133344850000018,0,0,0,0,0,0
1004,34,369,48,60.993234885999996,-8.7155626575,271.0,2.5765583022087934,5.708641148802065,0.0,-1.4133344850000018,0,0,0,0,0,0
1004,34,372,51,60.993234885999996,-8.9354146885,271.0,2.5765583022087934,5.708641148802065,0.0,-2.355557475000003,0,0,0,0,0,0
1004,34,375,54,60.993234885999996,-9.1866741525,271.0,2.5765583022087934,5.708641148802065,0.0,-1.2562973200000016,0,0,0,0,0,0
1004,34,378,57,60.993234885999996,-9.1866741525,271.0,2.5765583022087934,5.708641148802065,0.0,-0.3140743300000004,0,0,0,0,0,0
1004,34,381,60,60.993234885999996,-9.2494890185,271.0,2.5765583022087934,5.708641148802065,0.0,-1.2562973199999927,0,0,0,0,0,0
1004,34,384,63,60.993234885999996,-9.437933616499999,271.0,2.5765583022087934,5.708641148802065,0.0,-1.7274088149999933,0,0,0,0,0,0
1004,34,387,66,60.993234885999996,-9.594970781499999,271.0,2.5765583022087934,5.708641148802065,0.0,-0.785185825000001,0,0,0,0,0,0
1004,34,390,69,60.993234885999996,-9.594970781499999,271.0,2.5765583022087934,5.708641148802065,-0.15703716499999132,-0.6281486600000008,0,0,0,0,0,0
1004,34,393,72,60.961827453,-9.720600513499999,271.0,2.5765583022087934,5.708641148802065,-0.15703716499999132,-1.2562973200000016,0,0,0,0,0,0
1004,34,396,75,60.961827453,-9.8462302455,271.0,2.5765583022087934,5.708641148802065,0.0,-0.6281486600000008,0,0,0,0,0,0
1004,34,399,78,60.961827453,-9.8462302455,271.0,2.5765583022087934,5.708641148802065,0.0,-0.6281486600000008,0,0,0,0,0,0
1004,34,402,81,60.961827453,-9.9718599775,271.0,2.5765583022087934,5.708641148802065,-0.15703716499999132,-0.785185825000001,0,0,0,0,0,0
1004,34,405,84,60.93042002,-10.0032674105,271.0,2.5765583022087934,5.708641148802065,-0.31407433000001816,-0.4711114950000006,0,0,0,0,0,0
1004,34,408,87,60.899012586999994,-10.0660822765,271.0,2.5765583022087934,5.708641148802065,0.15703716499999132,-0.9422229900000012,0,0,0,0,0,0
1004,34,411,90,60.961827453,-10.1917120085,271.0,2.5765583022087934,5.708641148802065,0.31407433000001816,-0.9422229900000012,0,0,0,0,0,0
1004,34,414,93,60.961827453,-10.2545268745,271.0,2.5765583022087934,5.708641148802065,-0.15703716499999132,-0.6281486600000008,0,0,0,0,0,0
1004,34,417,96,60.93042002,-10.3173417405,271.0,2.5765583022087934,5.708641148802065,-0.15703716499999132,-0.6281486600000008,0,0,0,0,0,0
1004,34,420,99,60.93042002,-10.3801566065,271.0,2.5765583022087934,5.708641148802065,0.0,-0.3140743300000004,0,0,0,0,0,0
1004,34,423,102,60.93042002,-10.3801566065,271.0,2.5765583022087934,5.708641148802065,0.0,-0.3140743300000004,0,0,0,0,0,0
1004,34,426,105,60.93042002,-10.4429714725,271.0,2.5765583022087934,5.708641148802065,-0.15703716500002685,-0.6281486600000008,0,0,0,0,0,0
1004,34,429,108,60.899012586999994,-10.5057863385,271.0,2.5765583022087934,5.708641148802065,-0.31407433000001816,-0.6281486600000008,0,0,0,0,0,0
1004,34,432,111,60.867605153999996,-10.5686012045,271.0,2.5765583022087934,5.708641148802065,-0.15703716499999132,-0.6281486600000008,0,0,0,0,0,0
1004,34,435,114,60.867605153999996,-10.6314160705,271.0,2.5765583022087934,5.708641148802065,-0.15703716499999132,-0.9422229899999923,0,0,0,0,0,0
1004,34,438,117,60.836197721,-10.757045802499999,271.0,2.5765583022087934,5.708641148802065,-0.15703716499999132,-0.7851858249999921,0,0,0,0,0,0
1004,34,441,120,60.836197721,-10.788453235499999,271.0,2.5765583022087934,5.708641148802065,0.4711114950000095,-0.3140743300000004,0,0,0,0,0,0
1004,34,444,123,60.93042002,-10.819860668499999,271.0,2.5765583022087934,5.708641148802065,0.4711114950000095,-0.6281486600000008,0,0,0,0,0,0
1004,34,447,126,60.93042002,-10.914082967499999,271.0,2.5765583022087934,5.708641148802065,0.0,-0.785185825000001,0,0,0,0,0,0
1004,34,450,129,60.93042002,-10.976897833499999,271.0,2.5765583022087934,5.708641148802065,0.0,-0.4711114950000006,0,0,0,0,0,0
1004,34,453,132,60.93042002,-11.008305266499999,271.0,2.5765583022087934,5.708641148802065,-0.15703716500002685,-0.1570371650000002,0,0,0,0,0,0
1004,34,456,135,60.899012586999994,-11.008305266499999,271.0,2.5765583022087934,5.708641148802065,-0.15703716500002685,-0.3140743300000004,0,0,0,0,0,0
1004,34,459,138,60.899012586999994,-11.071120132499999,271.0,2.5765583022087934,5.708641148802065,-0.15703716499999132,-0.3140743300000004,0,0,0,0,0,0
1004,34,462,141,60.867605153999996,-11.071120132499999,271.0,2.5765583022087934,5.708641148802065,-0.31407432999998264,-0.1570371650000002,0,0,0,0,0,0
1004,34,465,144,60.836197721,-11.102527565499999,271.0,2.5765583022087934,5.708641148802065,-0.31407432999998264,-0.6281486600000008,0,0,0,0,0,0
1004,34,468,147,60.804790288,-11.1967498645,271.0,2.5765583022087934,5.708641148802065,-0.15703716499999132,-0.4711114950000006,0,0,0,0,0,0
1004,34,471,150,60.804790288,-11.1967498645,271.0,2.5765583022087934,5.708641148802065,0.0,-0.1570371650000002,0,0,0,0,0,0
1004,34,474,153,60.804790288,-11.2281572975,271.0,2.5765583022087934,5.708641148802065,0.0,-0.1570371650000002,0,0,0,0,0,0
1004,34,477,156,60.804790288,-11.2281572975,271.0,2.5765583022087934,5.708641148802065,-0.4711114950000095,-0.1570371650000002,0,0,0,0,0,0
1004,34,480,159,60.710567989,-11.2595647305,271.0,2.5765583022087934,5.708641148802065,-0.4711114950000095,-0.1570371650000002,0,0,0,0,0,0
1004,34,483,162,60.710567989,-11.2595647305,271.0,2.5765583022087934,5.708641148802065,0.0,0.0,0,0,0,0,0,0
1004,34,486,165,60.710567989,-11.2595647305,271.0,2.5765583022087934,5.708641148802065,0.0,0.0,0,0,0,0,0,0
1004,34,489,168,60.710567989,-11.2595647305,271.0,2.5765583022087934,5.708641148802065,0.0,0.0,0,0,0,0,0,0
1004,34,492,171,60.710567989,-11.2595647305,271.0,2.5765583022087934,5.708641148802065,-0.4711114950000095,0.0,0,0,0,0,0,0
1004,34,495,174,60.616345689999996,-11.2595647305,271.0,2.5765583022087934,5.708641148802065,-0.4711114950000095,0.0,0,0,0,0,0,0
1004,34,498,177,60.616345689999996,-11.2595647305,271.0,2.5765583022087934,5.708641148802065,-0.31407432999998264,0.0,0,0,0,0,0,0
1004,34,500,179,60.553530824,-11.2595647305,271.0,2.5765583022087934,5.708641148802065,-0.31407432999998264,0.0,0,0,0,0,0,0
1004,34,503,182,60.553530824,-11.2595647305,271.0,2.5765583022087934,5.708641148802065,0.0,0.0,0,0,0,0,0,0
1004,34,506,185,60.553530824,-11.2595647305,271.0,2.5765583022087934,5.708641148802065,0.0,-0.1570371650000002,0,0,0,0,0,0
1004,34,509,188,60.553530824,-11.2909721635,271.0,2.5765583022087934,5.708641148802065,0.0,-0.1570371650000002,0,0,0,0,0,0
1004,34,512,191,60.553530824,-11.2909721635,271.0,2.5765583022087934,5.708641148802065,0.0,0.0,0,0,0,0,0,0
1004,34,515,194,60.553530824,-11.2909721635,271.0,2.5765583022087934,5.708641148802065,0.0,0.0,0,0,0,0,0,0
1004,34,518,197,60.553530824,-11.2909721635,271.0,2.5765583022087934,5.708641148802065,0.0,0.0,0,0,0,0,0,0
1004,34,521,200,60.553530824,-11.2909721635,271.0,2.5765583022087934,5.708641148802065,0.0,0.0,0,0,0,0,0,0
1004,34,524,203,60.553530824,-11.2909721635,271.0,2.5765583022087934,5.708641148802065,-0.6281486600000008,0.3140743300000004,0,0,0,0,0,0
1004,34,527,206,60.427901092,-11.2281572975,271.0,2.5765583022087934,5.708641148802065,-0.6281486600000008,0.3140743300000004,0,0,0,0,0,0
1004,34,530,209,60.427901092,-11.2281572975,271.0,2.5765583022087934,5.708641148802065,-0.31407433000001816,0.0,0,0,0,0,0,0
1004,34,533,212,60.365086225999995,-11.2281572975,271.0,2.5765583022087934,5.708641148802065,-0.31407433000001816,0.0,0,0,0,0,0,0
1004,34,536,215,60.365086225999995,-11.2281572975,271.0,2.5765583022087934,5.708641148802065,-0.31407432999998264,-0.1570371650000002,0,0,0,0,0,0
1004,34,539,218,60.30227136,-11.2595647305,271.0,2.5765583022087934,5.708641148802065,-0.6281486600000008,0.1570371650000002,0,0,0,0,0,0
1004,34,542,221,60.239456493999995,-11.1967498645,271.0,2.5765583022087934,5.708641148802065,-0.31407433000001816,0.3140743300000004,0,0,0,0,0,0
1004,34,545,224,60.239456493999995,-11.1967498645,271.0,2.5765583022087934,5.708641148802065,0.0,0.0,0,0,0,0,0,0
1004,34,548,227,60.239456493999995,-11.1967498645,271.0,2.5765583022087934,5.708641148802065,0.6281486600000008,-0.3140743300000004,0,0,0,0,0,0
1004,34,551,230,60.365086225999995,-11.2595647305,271.0,2.5765583022087934,5.708641148802065,0.6281486600000008,-0.3140743300000004,0,0,0,0,0,0
1004,34,554,233,60.365086225999995,-11.2595647305,271.0,2.5765583022087934,5.708641148802065,-0.31407432999998264,-0.3140743300000004,0,0,0,0,0,0
1004,34,557,236,60.30227136,-11.3223795965,271.0,2.5765583022087934,5.708641148802065,-0.31407432999998264,-0.3140743300000004,0,0,0,0,0,0
1004,34,560,239,60.30227136,-11.3223795965,271.0,2.5765583022087934,5.708641148802065,0.0,0.0,0,0,0,0,0,0
1004,34,563,242,60.30227136,-11.3223795965,271.0,2.5765583022087934,5.708641148802065,0.0,0.0,0,0,0,0,0,0
1004,34,566,245,60.30227136,-11.3223795965,271.0,2.5765583022087934,5.708641148802065,0.0,0.0,0,0,0,0,0,0
1004,34,569,248,60.30227136,-11.3223795965,271.0,2.5765583022087934,5.708641148802065,0.15703716499999132,-0.1570371650000002,0,0,0,0,0,0
1004,34,572,251,60.333678793,-11.3537870295,271.0,2.5765583022087934,5.708641148802065,-0.31407433000001816,0.0,0,0,0,0,0,0
1004,34,575,254,60.239456493999995,-11.3223795965,271.0,2.5765583022087934,5.708641148802065,-0.4711114950000095,0.1570371650000002,0,0,0,0,0,0
1004,34,578,257,60.239456493999995,-11.3223795965,271.0,2.5765583022087934,5.708641148802065,0.31407433000001816,0.0,0,0,0,0,0,0
1004,34,581,260,60.30227136,-11.3223795965,271.0,2.5765583022087934,5.708641148802065,0.7851858249999921,-0.3140743300000004,0,0,0,0,0,0
1004,34,584,263,60.396493658999994,-11.3851944625,271.0,2.5765583022087934,5.708641148802065,0.47111149499997396,-0.3140743300000004,0,0,0,0,0,0
1004,34,587,266,60.396493658999994,-11.3851944625,271.0,2.5765583022087934,5.708641148802065,0.0,0.0,0,0,0,0,0,0
1004,34,590,269,60.396493658999994,-11.3851944625,271.0,2.5765583022087934,5.708641148802065,0.0,0.0,0,0,0,0,0,0
1004,34,593,272,60.396493658999994,-11.3851944625,271.0,2.5765583022087934,5.708641148802065,0.0,0.0,0,0,0,0,0,0
1004,34,596,275,60.396493658999994,-11.3851944625,271.0,2.5765583022087934,5.708641148802065,0.0,-0.1570371650000002,0,0,0,0,0,0
1004,34,599,278,60.396493658999994,-11.4166018955,271.0,2.5765583022087934,5.708641148802065,0.0,-0.1570371650000002,0,0,0,0,0,0
1004,34,602,281,60.396493658999994,-11.4166018955,271.0,2.5765583022087934,5.708641148802065,0.0,0.0,0,0,0,0,0,0
1004,34,605,284,60.396493658999994,-11.4166018955,271.0,2.5765583022087934,5.708641148802065,0.0,-0.4711114950000006,0,0,0,0,0,0
1004,34,608,287,60.396493658999994,-11.5108241945,271.0,2.5765583022087934,5.708641148802065,0.15703716500002685,-0.785185825000001,0,0,0,0,0,0
1004,34,611,290,60.427901092,-11.5736390605,271.0,2.5765583022087934,5.708641148802065,0.0,-0.4711114950000006,0,0,0,0,0,0
1004,34,614,293,60.396493658999994,-11.6050464935,271.0,2.5765583022087934,5.708641148802065,-0.15703716500002685,-0.4711114950000006,0,0,0,0,0,0
1004,34,617,296,60.396493658999994,-11.6678613595,271.0,2.5765583022087934,5.708641148802065,0.0,-0.3140743300000004,0,0,0,0,0,0
1004,34,620,299,60.396493658999994,-11.6678613595,271.0,2.5765583022087934,5.708641148802065,0.0,0.0,0,0,0,0,0,0
1004,34,623,302,60.396493658999994,-11.6678613595,271.0,2.5765583022087934,5.708641148802065,0.0,0.0,0,0,0,0,0,0
1004,34,626,305,60.396493658999994,-11.6678613595,271.0,2.5765583022087934,5.708641148802065,-0.15703716499999132,-0.6281486600000008,0,0,0,0,0,0
1004,34,629,308,60.365086225999995,-11.7934910915,271.0,2.5765583022087934,5.708641148802065,-0.15703716499999132,-0.6281486600000008,0,0,0,0,0,0
1004,34,632,311,60.365086225999995,-11.7934910915,271.0,2.5765583022087934,5.708641148802065,-0.15703716499999132,0.0,0,0,0,0,0,0
1004,34,635,314,60.333678793,-11.7934910915,271.0,2.5765583022087934,5.708641148802065,-0.31407432999998264,-0.4711114950000006,0,0,0,0,0,0
1004,34,638,317,60.30227136,-11.8877133905,271.0,2.5765583022087934,5.708641148802065,-0.15703716499999132,-0.4711114950000006,0,0,0,0,0,0
1004,34,641,320,60.30227136,-11.8877133905,271.0,2.5765583022087934,5.708641148802065,0.0,-0.6281486600000008,0,0,0,0,0,0
1004,34,644,323,60.30227136,-12.0133431225,271.0,2.5765583022087934,5.708641148802065,0.0,-0.6281486600000008,0,0,0,0,0,0
1004,34,647,326,60.30227136,-12.0133431225,271.0,2.5765583022087934,5.708641148802065,0.0,-0.4711114949999917,0,0,0,0,0,0
1004,34,650,329,60.30227136,-12.107565421499999,271.0,2.5765583022087934,5.708641148802065,0.0,-0.4711114949999917,0,0,0,0,0,0
1004,34,653,332,60.30227136,-12.107565421499999,271.0,2.5765583022087934,5.708641148802065,0.0,0.0,0,0,0,0,0,0
1004,34,656,335,60.30227136,-12.107565421499999,271.0,2.5765583022087934,5.708641148802065,0.0,0.0,0,0,0,0,0,0
1004,34,659,338,60.30227136,-12.107565421499999,271.0,2.5765583022087934,5.708641148802065,0.0,0.0,0,0,0,0,0,0
1004,34,662,341,60.30227136,-12.107565421499999,271.0,2.5765583022087934,5.708641148802065,-0.4711114950000095,0.0,0,0,0,0,0,0
1004,34,665,344,60.208049061,-12.107565421499999,271.0,2.5765583022087934,5.708641148802065,-0.4711114950000095,0.0,0,0,0,0,0,0
1004,34,668,347,60.208049061,-12.107565421499999,271.0,2.5765583022087934,5.708641148802065,-0.7851858249999921,0.3140743299999915,0,0,0,0,0,0
1004,34,671,350,60.051011896,-12.0447505555,271.0,2.5765583022087934,5.708641148802065,-0.7851858249999921,0.3140743299999915,0,0,0,0,0,0
1004,34,674,353,60.051011896,-12.0447505555,271.0,2.5765583022087934,5.708641148802065,-0.4711114950000095,0.0,0,0,0,0,0,0
1004,34,677,356,59.956789597,-12.0447505555,271.0,2.5765583022087934,5.708641148802065,-0.4711114950000095,0.0,0,0,0,0,0,0
1004,34,680,359,59.956789597,-12.0447505555,271.0,2.5765583022087934,5.708641148802065,-0.31407432999998264,0.0,0,0,0,0,0,0
1004,34,683,362,59.893974731,-12.0447505555,271.0,2.5765583022087934,5.708641148802065,-0.6281486600000008,0.1570371650000002,0,0,0,0,0,0
1004,34,686,365,59.831159865,-12.0133431225,271.0,2.5765583022087934,5.708641148802065,-0.6281486600000008,0.1570371650000002,0,0,0,0,0,0
1004,34,689,368,59.768344999,-12.0133431225,271.0,2.5765583022087934,5.708641148802065,-0.4711114950000095,0.0,0,0,0,0,0,0
1004,34,692,371,59.736937565999995,-12.0133431225,271.0,2.5765583022087934,5.708641148802065,-0.4711114950000095,0.1570371650000002,0,0,0,0,0,0
1004,34,695,374,59.6741227,-11.9819356895,271.0,2.5765583022087934,5.708641148802065,-0.6281486600000008,0.3140743300000004,0,0,0,0,0,0
1004,34,698,377,59.611307833999994,-11.9505282565,271.0,2.5765583022087934,5.708641148802065,-0.4711114950000095,0.1570371650000002,0,0,0,0,0,0
1004,34,701,380,59.579900400999996,-11.9505282565,271.0,2.5765583022087934,5.708641148802065,-0.31407432999998264,0.0,0,0,0,0,0,0
1004,34,704,383,59.548492968,-11.9505282565,271.0,2.5765583022087934,5.708641148802065,-0.31407432999998264,0.3140743300000004,0,0,0,0,0,0
1004,34,707,386,59.517085535,-11.8877133905,271.0,2.5765583022087934,5.708641148802065,-0.4711114950000095,0.3140743300000004,0,0,0,0,0,0
1004,34,710,389,59.454270668999996,-11.8877133905,271.0,2.5765583022087934,5.708641148802065,-0.6281486600000008,0.0,0,0,0,0,0,0
1004,34,713,392,59.391455803,-11.8877133905,271.0,2.5765583022087934,5.708641148802065,-0.4711114950000095,0.3140743300000004,0,0,0,0,0,0
1004,34,716,395,59.360048369999994,-11.8248985245,271.0,2.5765583022087934,5.708641148802065,-0.31407433000001816,0.3140743300000004,0,0,0,0,0,0
1004,34,719,398,59.328640936999996,-11.8248985245,271.0,2.5765583022087934,5.708641148802065,-0.7851858249999921,0.1570371650000002,0,0,0,0,0,0
1004,34,722,401,59.203011204999996,-11.7934910915,271.0,2.5765583022087934,5.708641148802065,-0.6281486600000008,0.1570371650000002,0,0,0,0,0,0
1004,34,725,404,59.203011204999996,-11.7934910915,271.0,2.5765583022087934,5.708641148802065,0.0,0.0,0,0,0,0,0,0
1004,34,728,407,59.203011204999996,-11.7934910915,271.0,2.5765583022087934,5.708641148802065,0.0,0.0,0,0,0,0,0,0
1004,34,731,410,59.203011204999996,-11.7934910915,271.0,2.5765583022087934,5.708641148802065,0.0,0.0,0,0,0,0,0,0
1004,34,734,413,59.203011204999996,-11.7934910915,271.0,2.5765583022087934,5.708641148802065,0.0,0.0,0,0,0,0,0,0
1004,34,737,416,59.203011204999996,-11.7934910915,271.0,2.5765583022087934,5.708641148802065,-0.15703716499999132,0.0,0,0,0,0,0,0
1004,34,740,419,59.171603772,-11.7934910915,271.0,2.5765583022087934,5.708641148802065,-0.15703716499999132,0.0,0,0,0,0,0,0
1004,34,743,422,59.171603772,-11.7934910915,271.0,2.5765583022087934,5.708641148802065,0.0,0.0,0,0,0,0,0,0
1004,34,746,425,59.171603772,-11.7934910915,271.0,2.5765583022087934,5.708641148802065,0.0,0.0,0,0,0,0,0,0
1004,34,749,428,59.171603772,-11.7934910915,271.0,2.5765583022087934,5.708641148802065,0.0,0.0,0,0,0,0,0,0
1004,34,752,431,59.171603772,-11.7934910915,271.0,2.5765583022087934,5.708641148802065,0.15703716499999132,0.1570371650000002,0,0,0,0,0,0
1004,34,755,434,59.203011204999996,-11.7620836585,271.0,2.5765583022087934,5.708641148802065,0.31407432999998264,0.1570371650000002,0,0,0,0,0,0
1004,34,758,437,59.234418637999994,-11.7620836585,271.0,2.5765583022087934,5.708641148802065,0.31407433000001816,-0.1570371650000002,0,0,0,0,0,0
1004,34,761,440,59.265826071,-11.7934910915,271.0,2.5765583022087934,5.708641148802065,0.31407433000001816,-0.1570371650000002,0,0,0,0,0,0
1004,34,764,443,59.297233504,-11.7934910915,271.0,2.5765583022087934,5.708641148802065,0.31407432999998264,0.0,0,0,0,0,0,0
1004,34,767,446,59.328640936999996,-11.7934910915,271.0,2.5765583022087934,5.708641148802065,0.31407432999998264,0.0,0,0,0,0,0,0
1004,34,770,449,59.360048369999994,-11.7934910915,271.0,2.5765583022087934,5.708641148802065,0.31407433000001816,0.0,0,0,0,0,0,0
1004,34,773,452,59.391455803,-11.7934910915,271.0,2.5765583022087934,5.708641148802065,0.4711114950000095,-0.1570371650000002,0,0,0,0,0,0
1004,34,776,455,59.454270668999996,-11.8248985245,271.0,2.5765583022087934,5.708641148802065,0.6281486600000008,-0.1570371650000002,0,0,0,0,0,0
1004,34,779,458,59.517085535,-11.8248985245,271.0,2.5765583022087934,5.708641148802065,0.6281486600000008,0.0,0,0,0,0,0,0
1004,34,782,461,59.579900400999996,-11.8248985245,271.0,2.5765583022087934,5.708641148802065,0.47111149499997396,0.0,0,0,0,0,0,0
1004,34,785,464,59.611307833999994,-11.8248985245,271.0,2.5765583022087934,5.708641148802065,0.4711114950000095,-0.1570371650000002,0,0,0,0,0,0
1004,34,788,467,59.6741227,-11.8563059575,271.0,2.5765583022087934,5.708641148802065,0.4711114950000095,-0.1570371650000002,0,0,0,0,0,0
1004,34,791,470,59.705530132999996,-11.8563059575,271.0,2.5765583022087934,5.708641148802065,0.31407432999998264,0.0,0,0,0,0,0,0
1004,34,794,473,59.736937565999995,-11.8563059575,271.0,2.5765583022087934,5.708641148802065,0.31407433000001816,-0.1570371650000002,0,0,0,0,0,0
1004,34,797,476,59.768344999,-11.8877133905,271.0,2.5765583022087934,5.708641148802065,0.31407433000001816,-0.1570371650000002,0,0,0,0,0,0
1004,34,800,479,59.799752432,-11.8877133905,271.0,2.5765583022087934,5.708641148802065,0.31407432999998264,0.0,0,0,0,0,0,0
1004,34,803,482,59.831159865,-11.8877133905,271.0,2.5765583022087934,5.708641148802065,0.31407432999998264,0.0,0,0,0,0,0,0
1004,34,806,485,59.862567297999995,-11.8877133905,271.0,2.5765583022087934,5.708641148802065,0.15703716499999132,0.0,0,0,0,0,0,0
1004,34,809,488,59.862567297999995,-11.8877133905,271.0,2.5765583022087934,5.708641148802065,0.0,0.0,0,0,0,0,0,0
1004,34,812,491,59.862567297999995,-11.8877133905,271.0,2.5765583022087934,5.708641148802065,0.15703716500002685,0.0,0,0,0,0,0,0
1004,34,815,494,59.893974731,-11.8877133905,271.0,2.5765583022087934,5.708641148802065,0.15703716500002685,0.0,0,0,0,0,0,0
1004,34,818,497,59.893974731,-11.8877133905,271.0,2.5765583022087934,5.708641148802065,-0.15703716500002685,0.0,0,0,0,0,0,0
1004,34,821,500,59.862567297999995,-11.8877133905,271.0,2.5765583022087934,5.708641148802065,-0.31407433000001816,-0.1570371650000002,0,0,0,0,0,0
1004,34,824,503,59.831159865,-11.9191208235,271.0,2.5765583022087934,5.708641148802065,-0.31407432999998264,-0.1570371650000002,0,0,0,0,0,0
1004,34,827,506,59.799752432,-11.9191208235,271.0,2.5765583022087934,5.708641148802065,-0.31407432999998264,0.0,0,0,0,0,0,0
1004,34,830,509,59.768344999,-11.9191208235,271.0,2.5765583022087934,5.708641148802065,-0.31407433000001816,0.0,0,0,0,0,0,0
1004,34,833,512,59.736937565999995,-11.9191208235,271.0,2.5765583022087934,5.708641148802065,-0.31407433000001816,0.0,0,0,0,0,0,0
1004,34,836,515,59.705530132999996,-11.9191208235,271.0,2.5765583022087934,5.708641148802065,-0.31407432999998264,-0.1570371650000002,0,0,0,0,0,0
1004,34,839,518,59.6741227,-11.9505282565,271.0,2.5765583022087934,5.708641148802065,-0.31407432999998264,-0.1570371650000002,0,0,0,0,0,0
1004,34,842,521,59.642715267,-11.9505282565,271.0,2.5765583022087934,5.708641148802065,-0.4711114950000095,0.0,0,0,0,0,0,0
1004,34,845,524,59.579900400999996,-11.9505282565,271.0,2.5765583022087934,5.708641148802065,-0.31407433000001816,-0.1570371650000002,0,0,0,0,0,0
1004,34,848,527,59.579900400999996,-11.9819356895,271.0,2.5765583022087934,5.708641148802065,0.0,-0.1570371650000002,0,0,0,0,0,0
1004,34,851,530,59.579900400999996,-11.9819356895,271.0,2.5765583022087934,5.708641148802065,-0.15703716499999132,-0.3140743300000004,0,0,0,0,0,0
1004,34,854,533,59.548492968,-12.0447505555,271.0,2.5765583022087934,5.708641148802065,-0.15703716499999132,-0.6281486599999919,0,0,0,0,0,0
1004,34,857,536,59.548492968,-12.107565421499999,271.0,2.5765583022087934,5.708641148802065,-0.15703716499999132,-0.6281486599999919,0,0,0,0,0,0
1004,34,860,539,59.517085535,-12.170380287499999,271.0,2.5765583022087934,5.708641148802065,-0.15703716499999132,-0.4711114950000006,0,0,0,0,0,0
1004,34,863,542,59.517085535,-12.201787720499999,271.0,2.5765583022087934,5.708641148802065,-0.15703716500002685,-0.6281486600000008,0,0,0,0,0,0
1004,34,866,545,59.485678101999994,-12.296010019499999,271.0,2.5765583022087934,5.708641148802065,-0.15703716500002685,-0.785185825000001,0,0,0,0,0,0
1004,34,869,548,59.485678101999994,-12.358824885499999,271.0,2.5765583022087934,5.708641148802065,0.0,-0.6281486600000008,0,0,0,0,0,0
1004,34,872,551,59.485678101999994,-12.421639751499999,271.0,2.5765583022087934,5.708641148802065,-0.15703716499999132,-0.785185825000001,0,0,0,0,0,0
1004,34,875,554,59.454270668999996,-12.5158620505,271.0,2.5765583022087934,5.708641148802065,-0.31407432999998264,-0.785185825000001,0,0,0,0,0,0
1004,34,878,557,59.422863236,-12.5786769165,271.0,2.5765583022087934,5.708641148802065,0.0,-0.9422229900000012,0,0,0,0,0,0
1004,34,881,560,59.454270668999996,-12.7043066485,271.0,2.5765583022087934,5.708641148802065,0.15703716499999132,-1.2562973200000016,0,0,0,0,0,0
1004,34,884,563,59.454270668999996,-12.8299363805,271.0,2.5765583022087934,5.708641148802065,0.0,-0.9422229900000012,0,0,0,0,0,0
1004,34,887,566,59.454270668999996,-12.8927512465,271.0,2.5765583022087934,5.708641148802065,0.0,-0.785185825000001,0,0,0,0,0,0
1004,34,890,569,59.454270668999996,-12.9869735455,271.0,2.5765583022087934,5.708641148802065,0.0,-1.2562973200000016,0,0,0,0,0,0
1004,34,893,572,59.454270668999996,-13.1440107105,271.0,2.5765583022087934,5.708641148802065,0.0,-1.2562973200000016,0,0,0,0,0,0
1004,34,896,575,59.454270668999996,-13.2382330095,271.0,2.5765583022087934,5.708641148802065,-0.31407432999998264,-0.785185825000001,0,0,0,0,0,0
1004,34,899,578,59.391455803,-13.3010478755,271.0,2.5765583022087934,5.708641148802065,-0.4711114950000095,-0.6281486600000008,0,0,0,0,0,0
1004,34,902,581,59.360048369999994,-13.3638627415,271.0,2.5765583022087934,5.708641148802065,-0.31407433000001816,-0.6281486599999919,0,0,0,0,0,0
1004,34,905,584,59.328640936999996,-13.426677607499999,271.0,2.5765583022087934,5.708641148802065,-0.31407432999998264,-0.6281486599999919,0,0,0,0,0,0
1004,34,908,587,59.297233504,-13.489492473499999,271.0,2.5765583022087934,5.708641148802065,-0.31407432999998264,-0.785185825000001,0,0,0,0,0,0
1004,34,911,590,59.265826071,-13.583714772499999,271.0,2.5765583022087934,5.708641148802065,-0.4711114950000095,-1.0992601550000014,0,0,0,0,0,0
1004,34,914,593,59.203011204999996,-13.709344504499999,271.0,2.5765583022087934,5.708641148802065,-0.4711114950000095,-0.785185825000001,0,0,0,0,0,0
1004,34,917,596,59.171603772,-13.740751937499999,271.0,2.5765583022087934,5.708641148802065,-0.15703716499999132,-0.3140743300000004,0,0,0,0,0,0
1004,34,920,599,59.171603772,-13.772159370499999,271.0,2.5765583022087934,5.708641148802065,-0.15703716499999132,-0.4711114950000006,0,0,0,0,0,0
1004,34,923,602,59.140196339,-13.834974236499999,271.0,2.5765583022087934,5.708641148802065,-0.15703716499999132,-0.4711114950000006,0,0,0,0,0,0
1004,34,926,605,59.140196339,-13.866381669499999,271.0,2.5765583022087934,5.708641148802065,0.0,-0.4711114950000006,0,0,0,0,0,0
1004,34,929,608,59.140196339,-13.9291965355,271.0,2.5765583022087934,5.708641148802065,-0.15703716500002685,-0.4711114950000006,0,0,0,0,0,0
1004,34,932,611,59.108788905999994,-13.9606039685,271.0,2.5765583022087934,5.708641148802065,-0.31407433000001816,-0.3140743300000004,0,0,0,0,0,0
1004,34,935,614,59.077381472999996,-13.9920114015,271.0,2.5765583022087934,5.708641148802065,-0.31407432999998264,-0.1570371650000002,0,0,0,0,0,0
1004,34,938,617,59.04597404,-13.9920114015,271.0,2.5765583022087934,5.708641148802065,-0.31407432999998264,-0.1570371650000002,0,0,0,0,0,0
1004,34,941,620,59.014566607,-14.0234188345,271.0,2.5765583022087934,5.708641148802065,0.0,-0.1570371650000002,0,0,0,0,0,0
1004,34,944,623,59.04597404,-14.0234188345,271.0,2.5765583022087934,5.708641148802065,0.0,0.0,0,0,0,0,0,0
1004,34,947,626,59.014566607,-14.0234188345,271.0,2.5765583022087934,5.708641148802065,-0.15703716499999132,0.0,0,0,0,0,0,0
1004,34,950,629,59.014566607,-14.0234188345,271.0,2.5765583022087934,5.708641148802065,0.0,0.0,0,0,0,0,0,0
1004,34,953,632,59.014566607,-14.0234188345,271.0,2.5765583022087934,5.708641148802065,0.15703716499999132,0.0,0,0,0,0,0,0
1004,34,956,635,59.04597404,-14.0234188345,271.0,2.5765583022087934,5.708641148802065,0.15703716499999132,0.0,0,0,0,0,0,0
1004,34,959,638,59.04597404,-14.0234188345,271.0,2.5765583022087934,5.708641148802065,0.0,0.0,0,0,0,0,0,0
1004,34,962,641,59.04597404,-14.0234188345,271.0,2.5765583022087934,5.708641148802065,0.0,0.0,0,0,0,0,0,0
1004,34,965,644,59.04597404,-14.0234188345,271.0,2.5765583022087934,5.708641148802065,0.0,0.0,0,0,0,0,0,0
1004,34,968,647,59.04597404,-14.0234188345,271.0,2.5765583022087934,5.708641148802065,0.0,0.0,0,0,0,0,0,0
1004,34,971,650,59.04597404,-14.0234188345,271.0,2.5765583022087934,5.708641148802065,0.0,0.0,0,0,0,0,0,0
1004,34,974,653,59.04597404,-14.0234188345,271.0,2.5765583022087934,5.708641148802065,-0.15703716499999132,0.0,0,0,0,0,0,0
1004,34,977,656,59.014566607,-14.0234188345,271.0,2.5765583022087934,5.708641148802065,-0.31407433000001816,0.0,0,0,0,0,0,0
1004,34,980,659,58.983159173999994,-14.0234188345,271.0,2.5765583022087934,5.708641148802065,-0.31407433000001816,0.0,0,0,0,0,0,0
1004,34,983,662,58.951751740999995,-14.0234188345,271.0,2.5765583022087934,5.708641148802065,-0.15703716499999132,0.0,0,0,0,0,0,0
1004,34,986,665,58.951751740999995,-14.0234188345,271.0,2.5765583022087934,5.708641148802065,-0.15703716499999132,0.0,0,0,0,0,0,0
1004,34,989,668,58.920344308,-14.0234188345,271.0,2.5765583022087934,5.708641148802065,-0.15703716499999132,0.1570371650000002,0,0,0,0,0,0
1004,34,992,671,58.920344308,-13.9920114015,271.0,2.5765583022087934,5.708641148802065,-0.15703716499999132,0.1570371650000002,0,0,0,0,0,0
1004,34,995,674,58.888936875,-13.9920114015,271.0,2.5765583022087934,5.708641148802065,-0.15703716499999132,0.0,0,0,0,0,0,0
1004,34,998,677,58.888936875,-13.9920114015,271.0,2.5765583022087934,5.708641148802065,0.0,-0.1570371650000002,0,0,0,0,0,0
1004,34,1001,680,58.888936875,-14.0234188345,271.0,2.5765583022087934,5.708641148802065,0.0,-0.1570371650000002,0,0,0,0,0,0
1004,34,1004,683,58.888936875,-14.0234188345,271.0,2.5765583022087934,5.708641148802065,0.0,0.0,0,0,0,0,0,0
1004,34,1007,686,58.888936875,-14.0234188345,271.0,2.5765583022087934,5.708641148802065,0.0,0.0,0,0,0,0,0,0
1004,34,1010,689,58.888936875,-14.0234188345,271.0,2.5765583022087934,5.708641148802065,0.0,0.0,0,0,0,0,0,0
1004,34,1013,692,58.888936875,-14.0234188345,271.0,2.5765583022087934,5.708641148802065,0.0,0.1570371650000002,0,0,0,0,0,0
1004,34,1016,695,58.888936875,-13.9920114015,271.0,2.5765583022087934,5.708641148802065,0.0,0.1570371650000002,0,0,0,0,0,0
1004,34,1019,698,58.888936875,-13.9920114015,271.0,2.5765583022087934,5.708641148802065,0.0,0.0,0,0,0,0,0,0
1004,34,1022,701,58.888936875,-13.9920114015,271.0,2.5765583022087934,5.708641148802065,0.0,0.0,0,0,0,0,0,0
1004,34,1025,704,58.888936875,-13.9920114015,271.0,2.5765583022087934,5.708641148802065,0.0,0.0,0,0,0,0,0,0
1004,34,1028,707,58.888936875,-13.9920114015,271.0,2.5765583022087934,5.708641148802065,-0.15703716499999132,0.0,0,0,0,0,0,0
1004,34,1031,710,58.857529442,-13.9920114015,271.0,2.5765583022087934,5.708641148802065,-0.15703716499999132,0.0,0,0,0,0,0,0
1004,34,1034,713,58.857529442,-13.9920114015,271.0,2.5765583022087934,5.708641148802065,-0.15703716500002685,0.0,0,0,0,0,0,0
1004,34,1037,716,58.826122008999995,-13.9920114015,271.0,2.5765583022087934,5.708641148802065,-0.15703716500002685,0.0,0,0,0,0,0,0
1004,34,1040,719,58.826122008999995,-13.9920114015,271.0,2.5765583022087934,5.708641148802065,0.0,0.0,0,0,0,0,0,0
1004,34,1043,722,58.826122008999995,-13.9920114015,271.0,2.5765583022087934,5.708641148802065,0.0,0.0,0,0,0,0,0,0
1004,34,1046,725,58.826122008999995,-13.9920114015,271.0,2.5765583022087934,5.708641148802065,0.0,0.0,0,0,0,0,0,0
1004,34,1049,728,58.826122008999995,-13.9920114015,271.0,2.5765583022087934,5.708641148802065,0.15703716500002685,0.0,0,0,0,0,0,0
1004,34,1052,731,58.857529442,-13.9920114015,271.0,2.5765583022087934,5.708641148802065,0.31407433000001816,0.0,0,0,0,0,0,0
1004,34,1055,734,58.888936875,-13.9920114015,271.0,2.5765583022087934,5.708641148802065,0.31407432999998264,0.0,0,0,0,0,0,0
1004,34,1058,737,58.920344308,-13.9920114015,271.0,2.5765583022087934,5.708641148802065,0.31407432999998264,0.0,0,0,0,0,0,0
1004,34,1061,740,58.951751740999995,-13.9920114015,271.0,2.5765583022087934,5.708641148802065,0.31407432999998264,0.0,0,0,0,0,0,0
1004,34,1064,743,58.983159173999994,-13.9920114015,271.0,2.5765583022087934,5.708641148802065,0.31407433000001816,0.0,0,0,0,0,0,0
1004,34,1067,746,59.014566607,-13.9920114015,271.0,2.5765583022087934,5.708641148802065,0.31407433000001816,-0.1570371650000002,0,0,0,0,0,0
1004,34,1070,749,59.04597404,-14.0234188345,271.0,2.5765583022087934,5.708641148802065,0.31407432999998264,0.0,0,0,0,0,0,0
1004,34,1073,752,59.077381472999996,-13.9920114015,271.0,2.5765583022087934,5.708641148802065,0.15703716499999132,0.1570371650000002,0,0,0,0,0,0
1004,34,1076,755,59.077381472999996,-13.9920114015,271.0,2.5765583022087934,5.708641148802065,-0.15703716499999132,-0.1570371650000002,0,0,0,0,0,0
1004,34,1079,758,59.04597404,-14.0234188345,271.0,2.5765583022087934,5.708641148802065,-0.15703716499999132,-0.1570371650000002,0,0,0,0,0,0
1004,34,1082,761,59.04597404,-14.0234188345,271.0,2.5765583022087934,5.708641148802065,0.0,0.0,0,0,0,0,0,0
1004,34,1085,764,59.04597404,-14.0234188345,271.0,2.5765583022087934,5.708641148802065,0.0,0.0,0,0,0,0,0,0
1004,34,1088,767,59.04597404,-14.0234188345,271.0,2.5765583022087934,5.708641148802065,-0.15703716499999132,0.0,0,0,0,0,0,0
1004,34,1091,770,59.014566607,-14.0234188345,271.0,2.5765583022087934,5.708641148802065,-0.15703716499999132,0.0,0,0,0,0,0,0
1004,34,1094,773,59.014566607,-14.0234188345,271.0,2.5765583022087934,5.708641148802065,0.0,0.0,0,0,0,0,0,0
1004,34,1097,776,59.014566607,-14.0234188345,271.0,2.5765583022087934,5.708641148802065,0.0,0.0,0,0,0,0,0,0
1004,34,1100,779,59.014566607,-14.0234188345,271.0,2.5765583022087934,5.708641148802065,0.0,0.0,0,0,0,0,0,0
1004,34,1103,782,59.014566607,-14.0234188345,271.0,2.5765583022087934,5.708641148802065,-0.15703716500002685,-0.1570371650000002,0,0,0,0,0,0
1004,34,1106,785,58.983159173999994,-14.0548262675,271.0,2.5765583022087934,5.708641148802065,-0.15703716500002685,-0.1570371650000002,0,0,0,0,0,0
1004,34,1109,788,58.983159173999994,-14.0548262675,271.0,2.5765583022087934,5.708641148802065,0.0,0.0,0,0,0,0,0,0
1004,34,1112,791,58.983159173999994,-14.0548262675,271.0,2.5765583022087934,5.708641148802065,0.0,0.0,0,0,0,0,0,0
1004,34,1115,794,58.983159173999994,-14.0548262675,271.0,2.5765583022087934,5.708641148802065,0.0,0.0,0,0,0,0,0,0
1004,34,1118,797,58.983159173999994,-14.0548262675,271.0,2.5765583022087934,5.708641148802065,0.0,0.0,0,0,0,0,0,0
1004,34,1121,800,58.983159173999994,-14.0548262675,271.0,2.5765583022087934,5.708641148802065,0.0,0.0,0,0,0,0,0,0
1004,34,1124,803,58.983159173999994,-14.0548262675,271.0,2.5765583022087934,5.708641148802065,0.0,0.0,0,0,0,0,0,0
1004,34,1127,806,58.983159173999994,-14.0548262675,271.0,2.5765583022087934,5.708641148802065,0.0,0.0,0,0,0,0,0,0
1004,34,1130,809,58.983159173999994,-14.0548262675,271.0,2.5765583022087934,5.708641148802065,0.0,0.0,0,0,0,0,0,0
1004,34,1133,812,58.983159173999994,-14.0548262675,271.0,2.5765583022087934,5.708641148802065,0.0,0.0,0,0,0,0,0,0
1004,34,1136,815,58.983159173999994,-14.0548262675,271.0,2.5765583022087934,5.708641148802065,0.0,0.0,0,0,0,0,0,0
1004,34,1139,818,58.983159173999994,-14.0548262675,271.0,2.5765583022087934,5.708641148802065,0.15703716500002685,0.0,0,0,0,0,0,0
1004,34,1142,821,59.014566607,-14.0548262675,271.0,2.5765583022087934,5.708641148802065,0.15703716500002685,0.0,0,0,0,0,0,0
1004,34,1145,824,59.014566607,-14.0548262675,271.0,2.5765583022087934,5.708641148802065,0.0,0.0,0,0,0,0,0,0
1004,34,1148,827,59.014566607,-14.0548262675,271.0,2.5765583022087934,5.708641148802065,0.0,0.0,0,0,0,0,0,0
1004,34,1151,830,59.014566607,-14.0548262675,271.0,2.5765583022087934,5.708641148802065,0.0,0.0,0,0,0,0,0,0
1004,34,1154,833,59.014566607,-14.0548262675,271.0,2.5765583022087934,5.708641148802065,0.0,0.0,0,0,0,0,0,0
1004,34,1157,836,59.014566607,-14.0548262675,271.0,2.5765583022087934,5.708641148802065,0.0,0.0,0,0,0,0,0,0
1004,34,1160,839,59.014566607,-14.0548262675,271.0,2.5765583022087934,5.708641148802065,0.0,0.0,0,0,0,0,0,0
1004,34,1163,842,59.014566607,-14.0548262675,271.0,2.5765583022087934,5.708641148802065,0.0,0.0,0,0,0,0,0,0
1004,34,1166,845,59.014566607,-14.0548262675,271.0,2.5765583022087934,5.708641148802065,0.0,0.0,0,0,0,0,0,0
1004,34,1169,848,59.014566607,-14.0548262675,271.0,2.5765583022087934,5.708641148802065,0.0,0.0,0,0,0,0,0,0
1004,34,1172,851,59.014566607,-14.0548262675,271.0,2.5765583022087934,5.708641148802065,0.0,0.0,0,0,0,0,0,0
1004,34,1175,854,59.014566607,-14.0548262675,271.0,2.5765583022087934,5.708641148802065,-0.15703716500002685,-0.3140743300000004,0,0,0,0,0,0
1004,34,1178,857,58.983159173999994,-14.1176411335,271.0,2.5765583022087934,5.708641148802065,-0.15703716500002685,-0.3140743300000004,0,0,0,0,0,0
1004,34,1181,860,58.983159173999994,-14.1176411335,271.0,2.5765583022087934,5.708641148802065,0.15703716500002685,0.0,0,0,0,0,0,0
1004,34,1184,863,59.014566607,-14.1176411335,271.0,2.5765583022087934,5.708641148802065,0.15703716500002685,0.0,0,0,0,0,0,0
1004,34,1187,866,59.014566607,-14.1176411335,271.0,2.5765583022087934,5.708641148802065,0.0,0.0,0,0,0,0,0,0
1004,34,1190,869,59.014566607,-14.1176411335,271.0,2.5765583022087934,5.708641148802065,0.0,0.0,0,0,0,0,0,0
1004,34,1193,872,59.014566607,-14.1176411335,271.0,2.5765583022087934,5.708641148802065,0.0,0.0,0,0,0,0,0,0
1004,34,1196,875,59.014566607,-14.1176411335,271.0,2.5765583022087934,5.708641148802065,0.0,0.0,0,0,0,0,0,0
1004,34,1199,878,59.014566607,-14.1176411335,271.0,2.5765583022087934,5.708641148802065,0.15703716499999132,0.0,0,0,0,0,0,0
1004,34,1202,881,59.04597404,-14.1176411335,271.0,2.5765583022087934,5.708641148802065,0.15703716499999132,0.0,0,0,0,0,0,0
1004,34,1205,884,59.04597404,-14.1176411335,271.0,2.5765583022087934,5.708641148802065,0.0,0.0,0,0,0,0,0,0
1004,34,1208,887,59.04597404,-14.1176411335,271.0,2.5765583022087934,5.708641148802065,0.31407432999998264,0.0,0,0,0,0,0,0
1004,34,1211,890,59.108788905999994,-14.1176411335,271.0,2.5765583022087934,5.708641148802065,0.31407432999998264,0.0,0,0,0,0,0,0
1004,34,1214,893,59.108788905999994,-14.1176411335,271.0,2.5765583022087934,5.708641148802065,0.0,0.0,0,0,0,0,0,0
1004,34,1217,896,59.108788905999994,-14.1176411335,271.0,2.5765583022087934,5.708641148802065,0.15703716500002685,0.0,0,0,0,0,0,0
1004,34,1220,899,59.140196339,-14.1176411335,271.0,2.5765583022087934,5.708641148802065,0.15703716500002685,0.3140743300000004,0,0,0,0,0,0
1004,34,1223,902,59.140196339,-14.0548262675,271.0,2.5765583022087934,5.708641148802065,0.0,0.3140743300000004,0,0,0,0,0,0
1004,34,1226,905,59.140196339,-14.0548262675,271.0,2.5765583022087934,5.708641148802065,0.0,0.0,0,0,0,0,0,0
1004,34,1229,908,59.140196339,-14.0548262675,271.0,2.5765583022087934,5.708641148802065,-0.15703716500002685,0.0,0,0,0,0,0,0
1004,34,1232,911,59.108788905999994,-14.0548262675,271.0,2.5765583022087934,5.708641148802065,-0.31407433000001816,0.0,0,0,0,0,0,0
1004,34,1235,914,59.077381472999996,-14.0548262675,271.0,2.5765583022087934,5.708641148802065,-0.31407432999998264,0.0,0,0,0,0,0,0
1004,34,1238,917,59.04597404,-14.0548262675,271.0,2.5765583022087934,5.708641148802065,-0.15703716499999132,0.0,0,0,0,0,0,0
1004,34,1241,920,59.04597404,-14.0548262675,271.0,2.5765583022087934,5.708641148802065,0.0,0.0,0,0,0,0,0,0
1004,34,1244,923,59.04597404,-14.0548262675,271.0,2.5765583022087934,5.708641148802065,0.0,0.0,0,0,0,0,0,0
1004,34,1247,926,59.04597404,-14.0548262675,271.0,2.5765583022087934,5.708641148802065,-0.15703716499999132,0.0,0,0,0,0,0,0
1004,34,1250,929,59.014566607,-14.0548262675,271.0,2.5765583022087934,5.708641148802065,-0.15703716499999132,0.0,0,0,0,0,0,0
1004,34,1253,932,59.014566607,-14.0548262675,271.0,2.5765583022087934,5.708641148802065,0.15703716499999132,0.0,0,0,0,0,0,0
1004,34,1256,935,59.04597404,-14.0548262675,271.0,2.5765583022087934,5.708641148802065,-0.15703716500002685,0.0,0,0,0,0,0,0
1004,34,1259,938,58.983159173999994,-14.0548262675,271.0,2.5765583022087934,5.708641148802065,-0.4711114950000095,0.0,0,0,0,0,0,0
1004,34,1262,941,58.951751740999995,-14.0548262675,271.0,2.5765583022087934,5.708641148802065,-0.15703716499999132,-0.1570371650000002,0,0,0,0,0,0
1004,34,1265,944,58.951751740999995,-14.0862337005,271.0,2.5765583022087934,5.708641148802065,0.0,-0.3140743300000004,0,0,0,0,0,0
1004,34,1268,947,58.951751740999995,-14.1176411335,271.0,2.5765583022087934,5.708641148802065,0.15703716499999132,-0.1570371650000002,0,0,0,0,0,0
1004,34,1271,950,58.983159173999994,-14.1176411335,271.0,2.5765583022087934,5.708641148802065,0.31407433000001816,0.0,0,0,0,0,0,0
1004,34,1274,953,59.014566607,-14.1176411335,271.0,2.5765583022087934,5.708641148802065,0.15703716500002685,0.1570371650000002,0,0,0,0,0,0
1004,34,1277,956,59.014566607,-14.0862337005,271.0,2.5765583022087934,5.708641148802065,0.0,0.0,0,0,0,0,0,0
1004,34,1280,959,59.014566607,-14.1176411335,271.0,2.5765583022087934,5.708641148802065,0.0,-0.1570371650000002,0,0,0,0,0,0
1004,34,1283,962,59.014566607,-14.1176411335,271.0,2.5765583022087934,5.708641148802065,0.0,0.0,0,0,0,0,0,0
1004,34,1286,965,59.014566607,-14.1176411335,271.0,2.5765583022087934,5.708641148802065,0.0,0.0,0,0,0,0,0,0
1004,34,1289,968,59.014566607,-14.1176411335,271.0,2.5765583022087934,5.708641148802065,0.0,-0.1570371650000002,0,0,0,0,0,0
1004,34,1292,971,59.014566607,-14.1490485665,271.0,2.5765583022087934,5.708641148802065,0.15703716499999132,-0.1570371650000002,0,0,0,0,0,0
1004,34,1295,974,59.04597404,-14.1490485665,271.0,2.5765583022087934,5.708641148802065,0.31407432999998264,0.0,0,0,0,0,0,0
1004,34,1298,977,59.077381472999996,-14.1490485665,271.0,2.5765583022087934,5.708641148802065,0.31407432999998264,0.0,0,0,0,0,0,0
1004,34,1301,980,59.108788905999994,-14.1490485665,271.0,2.5765583022087934,5.708641148802065,0.15703716499999132,0.0,0,0,0,0,0,0
1004,34,1304,983,59.108788905999994,-14.1490485665,271.0,2.5765583022087934,5.708641148802065,-0.15703716499999132,0.0,0,0,0,0,0,0
1004,34,1307,986,59.077381472999996,-14.1490485665,271.0,2.5765583022087934,5.708641148802065,-0.31407432999998264,0.0,0,0,0,0,0,0
1004,34,1310,989,59.04597404,-14.1490485665,271.0,2.5765583022087934,5.708641148802065,-0.15703716499999132,0.0,0,0,0,0,0,0
1004,34,1313,992,59.04597404,-14.1490485665,271.0,2.5765583022087934,5.708641148802065,0.31407432999998264,0.0,0,0,0,0,0,0
1004,34,1316,995,59.108788905999994,-14.1490485665,271.0,2.5765583022087934,5.708641148802065,0.4711114950000095,0.0,0,0,0,0,0,0
1004,34,1319,998,59.140196339,-14.1490485665,271.0,2.5765583022087934,5.708641148802065,0.31407433000001816,0.0,0,0,0,0,0,0
1004,34,1322,1001,59.171603772,-14.1490485665,271.0,2.5765583022087934,5.708641148802065,0.15703716499999132,0.0,0,0,0,0,0,0
1004,34,1325,1004,59.171603772,-14.1490485665,271.0,2.5765583022087934,5.708641148802065,0.0,0.0,0,0,0,0,0,0
1004,34,1328,1007,59.171603772,-14.1490485665,271.0,2.5765583022087934,5.708641148802065,0.0,0.0,0,0,0,0,0,0
1004,34,1331,1010,59.171603772,-14.1490485665,271.0,2.5765583022087934,5.708641148802065,0.0,0.0,0,0,0,0,0,0
1004,34,1334,1013,59.171603772,-14.1490485665,271.0,2.5765583022087934,5.708641148802065,0.0,0.0,0,0,0,0,0,0
1004,34,1337,1016,59.171603772,-14.1490485665,271.0,2.5765583022087934,5.708641148802065,0.0,0.0,0,0,0,0,0,0
1004,34,1340,1019,59.171603772,-14.1490485665,271.0,2.5765583022087934,5.708641148802065,0.0,0.0,0,0,0,0,0,0
1004,34,1343,1022,59.171603772,-14.1490485665,271.0,2.5765583022087934,5.708641148802065,0.0,0.0,0,0,0,0,0,0
1004,34,1346,1025,59.171603772,-14.1490485665,271.0,2.5765583022087934,5.708641148802065,0.0,0.0,0,0,0,0,0,0
1004,34,1349,1028,59.171603772,-14.1490485665,271.0,2.5765583022087934,5.708641148802065,0.0,0.0,0,0,0,0,0,0
1004,34,1352,1031,59.171603772,-14.1490485665,271.0,2.5765583022087934,5.708641148802065,0.0,0.0,0,0,0,0,0,0
1004,34,1355,1034,59.171603772,-14.1490485665,271.0,2.5765583022087934,5.708641148802065,0.0,0.1570371650000002,0,0,0,0,0,0
1004,34,1358,1037,59.171603772,-14.1176411335,271.0,2.5765583022087934,5.708641148802065,0.0,0.1570371650000002,0,0,0,0,0,0
1004,34,1361,1040,59.171603772,-14.1176411335,271.0,2.5765583022087934,5.708641148802065,0.0,0.0,0,0,0,0,0,0
1004,34,1364,1043,59.171603772,-14.1176411335,271.0,2.5765583022087934,5.708641148802065,0.15703716499999132,0.0,0,0,0,0,0,0
1004,34,1367,1046,59.203011204999996,-14.1176411335,271.0,2.5765583022087934,5.708641148802065,0.7851858249999921,0.0,0,0,0,0,0,0
1004,34,1370,1049,59.328640936999996,-14.1176411335,271.0,2.5765583022087934,5.708641148802065,0.6281486600000008,0.1570371650000002,0,0,0,0,0,0
1004,34,1373,1052,59.328640936999996,-14.0862337005,271.0,2.5765583022087934,5.708641148802065,0.15703716499999132,0.1570371650000002,0,0,0,0,0,0
1004,34,1376,1055,59.360048369999994,-14.0862337005,271.0,2.5765583022087934,5.708641148802065,0.31407433000001816,0.0,0,0,0,0,0,0
1004,34,1379,1058,59.391455803,-14.0862337005,271.0,2.5765583022087934,5.708641148802065,0.6281486600000008,0.0,0,0,0,0,0,0
1004,34,1382,1061,59.485678101999994,-14.0862337005,271.0,2.5765583022087934,5.708641148802065,0.7851858249999921,0.0,0,0,0,0,0,0
1004,34,1385,1064,59.548492968,-14.0862337005,271.0,2.5765583022087934,5.708641148802065,0.31407433000001816,0.0,0,0,0,0,0,0
1004,34,1388,1067,59.548492968,-14.0862337005,271.0,2.5765583022087934,5.708641148802065,0.0,0.0,0,0,0,0,0,0
1004,34,1391,1070,59.548492968,-14.0862337005,271.0,2.5765583022087934,5.708641148802065,-0.15703716499999132,0.0,0,0,0,0,0,0
1004,34,1394,1073,59.517085535,-14.0862337005,271.0,2.5765583022087934,5.708641148802065,-0.23555574749998698,0.07851858249999566,0,0,0,0,0,0
1004,34,1397,1076,59.5013818185,-14.070529984,271.0,2.5765583022087934,5.708641148802065,-0.15703716500002685,0.0,0,0,0,0,0,0
1004,34,1400,1079,59.485678101999994,-14.0862337005,271.0,2.5765583022087934,5.708641148802065,-0.2355557475000225,-0.07851858249999566,0,0,0,0,0,0
1004,34,1403,1082,59.454270668999996,-14.0862337005,271.0,2.5765583022087934,5.708641148802065,-0.31407432999998264,0.1570371650000002,0,0,0,0,0,0
1004,34,1406,1085,59.422863236,-14.0548262675,271.0,2.5765583022087934,5.708641148802065,-0.15703716499999132,0.1570371650000002,0,0,0,0,0,0
1004,34,1409,1088,59.422863236,-14.0548262675,271.0,2.5765583022087934,5.708641148802065,0.0,0.0,0,0,0,0,0,0
1004,34,1412,1091,59.422863236,-14.0548262675,271.0,2.5765583022087934,5.708641148802065,0.15703716499999132,0.0,0,0,0,0,0,0
1004,34,1415,1094,59.454270668999996,-14.0548262675,271.0,2.5765583022087934,5.708641148802065,0.0,0.0,0,0,0,0,0,0
1004,34,1418,1097,59.422863236,-14.0548262675,271.0,2.5765583022087934,5.708641148802065,-0.15703716499999132,0.0,0,0,0,0,0,0
1004,34,1421,1100,59.422863236,-14.0548262675,271.0,2.5765583022087934,5.708641148802065,-0.15703716499999132,0.0,0,0,0,0,0,0
1004,34,1424,1103,59.391455803,-14.0548262675,271.0,2.5765583022087934,5.708641148802065,-0.31407433000001816,0.0,0,0,0,0,0,0
1004,34,1427,1106,59.360048369999994,-14.0548262675,271.0,2.5765583022087934,5.708641148802065,-0.31407433000001816,0.0,0,0,0,0,0,0
1004,34,1430,1109,59.328640936999996,-14.0548262675,271.0,2.5765583022087934,5.708641148802065,-0.15703716499999132,0.0,0,0,0,0,0,0
1004,34,1433,1112,59.328640936999996,-14.0548262675,271.0,2.5765583022087934,5.708641148802065,0.15703716499999132,0.0,0,0,0,0,0,0
1004,34,1436,1115,59.360048369999994,-14.0548262675,271.0,2.5765583022087934,5.708641148802065,0.31407433000001816,0.0,0,0,0,0,0,0
1004,34,1439,1118,59.391455803,-14.0548262675,271.0,2.5765583022087934,5.708641148802065,0.31407433000001816,0.0,0,0,0,0,0,0
1004,34,1442,1121,59.422863236,-14.0548262675,271.0,2.5765583022087934,5.708641148802065,0.31407432999998264,0.0,0,0,0,0,0,0
1004,34,1445,1124,59.454270668999996,-14.0548262675,271.0,2.5765583022087934,5.708641148802065,0.31407432999998264,0.0,0,0,0,0,0,0
1004,34,1448,1127,59.485678101999994,-14.0548262675,271.0,2.5765583022087934,5.708641148802065,0.15703716499999132,0.0,0,0,0,0,0,0
1004,34,1451,1130,59.485678101999994,-14.0548262675,271.0,2.5765583022087934,5.708641148802065,0.0,0.0,0,0,0,0,0,0
1004,34,1454,1133,59.485678101999994,-14.0548262675,271.0,2.5765583022087934,5.708641148802065,0.0,0.0,0,0,0,0,0,0
1004,34,1457,1136,59.485678101999994,-14.0548262675,271.0,2.5765583022087934,5.708641148802065,0.0,0.0,0,0,0,0,0,0
1004,34,1460,1139,59.485678101999994,-14.0548262675,271.0,2.5765583022087934,5.708641148802065,0.0,0.0,0,0,0,0,0,0
1004,34,1463,1142,59.485678101999994,-14.0548262675,271.0,2.5765583022087934,5.708641148802065,0.0,0.0,0,0,0,0,0,0
1004,34,1466,1145,59.485678101999994,-14.0548262675,271.0,2.5765583022087934,5.708641148802065,-0.15703716499999132,0.0,0,0,0,0,0,0
1004,34,1469,1148,59.454270668999996,-14.0548262675,271.0,2.5765583022087934,5.708641148802065,-0.15703716499999132,0.0,0,0,0,0,0,0
1004,34,1472,1151,59.454270668999996,-14.0548262675,271.0,2.5765583022087934,5.708641148802065,-0.15703716499999132,0.0,0,0,0,0,0,0
1004,34,1475,1154,59.422863236,-14.0548262675,271.0,2.5765583022087934,5.708641148802065,-0.15703716499999132,0.0,0,0,0,0,0,0
1004,34,1478,1157,59.422863236,-14.0548262675,271.0,2.5765583022087934,5.708641148802065,0.0,0.0,0,0,0,0,0,0
1004,34,1481,1160,59.422863236,-14.0548262675,271.0,2.5765583022087934,5.708641148802065,0.0,0.0,0,0,0,0,0,0
1004,34,1484,1163,59.422863236,-14.0548262675,271.0,2.5765583022087934,5.708641148802065,0.0,0.0,0,0,0,0,0,0
1004,34,1487,1166,59.422863236,-14.0548262675,271.0,2.5765583022087934,5.708641148802065,-0.15703716499999132,0.0,0,0,0,0,0,0
1004,34,1490,1169,59.391455803,-14.0548262675,271.0,2.5765583022087934,5.708641148802065,-0.31407433000001816,0.0,0,0,0,0,0,0
1004,34,1493,1172,59.360048369999994,-14.0548262675,271.0,2.5765583022087934,5.708641148802065,-0.6281486600000008,0.0,0,0,0,0,0,0
1004,34,1496,1175,59.265826071,-14.0548262675,271.0,2.5765583022087934,5.708641148802065,-0.47111149499997396,0.0,0,0,0,0,0,0
1004,34,1499,1178,59.265826071,-14.0548262675,271.0,2.5765583022087934,5.708641148802065,0.0,0.0,0,0,0,0,0,0
1004,34,1501,1180,59.265826071,-14.0548262675,271.0,2.5765583022087934,5.708641148802065,0.0,0.0,0,0,0,0,0,0
1004,34,1504,1183,59.265826071,-14.0548262675,271.0,2.5765583022087934,5.708641148802065,0.15703716499999132,0.0,0,0,0,0,0,0
1004,34,1507,1186,59.297233504,-14.0548262675,271.0,2.5765583022087934,5.708641148802065,0.15703716499999132,0.0,0,0,0,0,0,0
1004,34,1510,1189,59.297233504,-14.0548262675,271.0,2.5765583022087934,5.708641148802065,-0.15703716499999132,0.0,0,0,0,0,0,0
1004,34,1513,1192,59.265826071,-14.0548262675,271.0,2.5765583022087934,5.708641148802065,-0.15703716499999132,-0.1570371650000002,0,0,0,0,0,0
1004,34,1516,1195,59.265826071,-14.0862337005,271.0,2.5765583022087934,5.708641148802065,0.0,-0.1570371650000002,0,0,0,0,0,0
1004,34,1519,1198,59.265826071,-14.0862337005,271.0,2.5765583022087934,5.708641148802065,-0.31407433000001816,-0.1570371650000002,0,0,0,0,0,0
1004,34,1522,1201,59.203011204999996,-14.1176411335,271.0,2.5765583022087934,5.708641148802065,-0.6281486600000008,-0.3140743300000004,0,0,0,0,0,0
1004,34,1525,1204,59.140196339,-14.1490485665,271.0,2.5765583022087934,5.708641148802065,-0.31407432999998264,-0.6281486600000008,0,0,0,0,0,0
1004,34,1528,1207,59.140196339,-14.2432708655,271.0,2.5765583022087934,5.708641148802065,0.0,-0.3140743300000004,0,0,0,0,0,0
1004,34,1531,1210,59.140196339,-14.2118634325,271.0,2.5765583022087934,5.708641148802065,-0.15703716500002685,0.0,0,0,0,0,0,0
1004,34,1534,1213,59.108788905999994,-14.2432708655,271.0,2.5765583022087934,5.708641148802065,-0.31407433000001816,-0.3140743300000004,0,0,0,0,0,0
1004,34,1537,1216,59.077381472999996,-14.2746782985,271.0,2.5765583022087934,5.708641148802065,-0.6281486600000008,-0.3140743300000004,0,0,0,0,0,0
1004,34,1540,1219,58.983159173999994,-14.3060857315,271.0,2.5765583022087934,5.708641148802065,-0.4711114950000095,-0.3140743300000004,0,0,0,0,0,0
1004,34,1543,1222,58.983159173999994,-14.3374931645,271.0,2.5765583022087934,5.708641148802065,0.0,-0.1570371650000002,0,0,0,0,0,0
1004,34,1546,1225,58.983159173999994,-14.3374931645,271.0,2.5765583022087934,5.708641148802065,0.0,0.0,0,0,0,0,0,0
1004,34,1549,1228,58.983159173999994,-14.3374931645,271.0,2.5765583022087934,5.708641148802065,0.0,0.0,0,0,0,0,0,0
1004,34,1552,1231,58.983159173999994,-14.3374931645,271.0,2.5765583022087934,5.708641148802065,0.0,0.0,0,0,0,0,0,0
1004,34,1555,1234,58.983159173999994,-14.3374931645,271.0,2.5765583022087934,5.708641148802065,0.0,0.0,0,0,0,0,0,0
1004,34,1558,1237,58.983159173999994,-14.3374931645,271.0,2.5765583022087934,5.708641148802065,0.0,0.0,0,0,0,0,0,0
1004,34,1561,1240,58.983159173999994,-14.3374931645,271.0,2.5765583022087934,5.708641148802065,0.0,-0.1570371650000002,0,0,0,0,0,0
1004,34,1564,1243,58.983159173999994,-14.3689005975,271.0,2.5765583022087934,5.708641148802065,0.0,-0.1570371650000002,0,0,0,0,0,0
1004,34,1567,1246,58.983159173999994,-14.3689005975,271.0,2.5765583022087934,5.708641148802065,0.0,0.0,0,0,0,0,0,0
1004,34,1570,1249,58.983159173999994,-14.3689005975,271.0,2.5765583022087934,5.708641148802065,0.0,0.0,0,0,0,0,0,0
1004,34,1573,1252,58.983159173999994,-14.3689005975,271.0,2.5765583022087934,5.708641148802065,0.15703716500002685,0.0,0,0,0,0,0,0
1004,34,1576,1255,59.014566607,-14.3689005975,271.0,2.5765583022087934,5.708641148802065,0.31407433000001816,0.0,0,0,0,0,0,0
1004,34,1579,1258,59.04597404,-14.3689005975,271.0,2.5765583022087934,5.708641148802065,0.15703716499999132,0.0,0,0,0,0,0,0
1004,34,1582,1261,59.04597404,-14.3689005975,271.0,2.5765583022087934,5.708641148802065,0.15703716499999132,0.0,0,0,0,0,0,0
1004,34,1585,1264,59.077381472999996,-14.3689005975,271.0,2.5765583022087934,5.708641148802065,0.31407432999998264,0.0,0,0,0,0,0,0
1004,34,1588,1267,59.108788905999994,-14.3689005975,271.0,2.5765583022087934,5.708641148802065,0.31407433000001816,0.0,0,0,0,0,0,0
1004,34,1591,1270,59.140196339,-14.3689005975,271.0,2.5765583022087934,5.708641148802065,0.15703716500002685,0.1570371650000002,0,0,0,0,0,0
1004,34,1594,1273,59.140196339,-14.3374931645,271.0,2.5765583022087934,5.708641148802065,0.0,0.3140743300000004,0,0,0,0,0,0
1004,34,1597,1276,59.140196339,-14.3060857315,271.0,2.5765583022087934,5.708641148802065,0.0,0.1570371650000002,0,0,0,0,0,0
1004,34,1600,1279,59.140196339,-14.3060857315,271.0,2.5765583022087934,5.708641148802065,0.0,0.0,0,0,0,0,0,0
1004,34,1603,1282,59.140196339,-14.3060857315,271.0,2.5765583022087934,5.708641148802065,0.0,0.0,0,0,0,0,0,0
1004,34,1606,1285,59.140196339,-14.3060857315,271.0,2.5765583022087934,5.708641148802065,0.0,0.0,0,0,0,0,0,0
1004,34,1609,1288,59.140196339,-14.3060857315,271.0,2.5765583022087934,5.708641148802065,0.15703716499999132,0.0,0,0,0,0,0,0
1004,34,1612,1291,59.171603772,-14.3060857315,271.0,2.5765583022087934,5.708641148802065,0.15703716499999132,0.0,0,0,0,0,0,0
1004,34,1615,1294,59.171603772,-14.3060857315,271.0,2.5765583022087934,5.708641148802065,0.0,0.0,0,0,0,0,0,0
1004,34,1618,1297,59.171603772,-14.3060857315,271.0,2.5765583022087934,5.708641148802065,0.0,0.0,0,0,0,0,0,0
1004,34,1621,1300,59.171603772,-14.3060857315,271.0,2.5765583022087934,5.708641148802065,0.0,0.0,0,0,0,0,0,0
1004,34,1624,1303,59.171603772,-14.3060857315,271.0,2.5765583022087934,5.708641148802065,0.0,0.0,0,0,0,0,0,0
1004,34,1627,1306,59.171603772,-14.3060857315,271.0,2.5765583022087934,5.708641148802065,0.0,0.0,0,0,0,0,0,0
1004,34,1630,1309,59.171603772,-14.3060857315,271.0,2.5765583022087934,5.708641148802065,0.0,0.0,0,0,0,0,0,0
1004,34,1633,1312,59.171603772,-14.3060857315,271.0,2.5765583022087934,5.708641148802065,-0.15703716499999132,0.0,0,0,0,0,0,0
1004,34,1636,1315,59.140196339,-14.3060857315,271.0,2.5765583022087934,5.708641148802065,0.0,0.0,0,0,0,0,0,0
1004,34,1639,1318,59.171603772,-14.3060857315,271.0,2.5765583022087934,5.708641148802065,0.0,0.0,0,0,0,0,0,0
1004,34,1642,1321,59.140196339,-14.3060857315,271.0,2.5765583022087934,5.708641148802065,-0.31407433000001816,0.0,0,0,0,0,0,0
1004,34,1645,1324,59.108788905999994,-14.3060857315,271.0,2.5765583022087934,5.708641148802065,-0.15703716500002685,0.0,0,0,0,0,0,0
1004,34,1648,1327,59.108788905999994,-14.3060857315,271.0,2.5765583022087934,5.708641148802065,0.0,0.0,0,0,0,0,0,0
1004,34,1651,1330,59.108788905999994,-14.3060857315,271.0,2.5765583022087934,5.708641148802065,0.0,0.0,0,0,0,0,0,0
1004,34,1654,1333,59.108788905999994,-14.3060857315,271.0,2.5765583022087934,5.708641148802065,0.0,0.0,0,0,0,0,0,0
1004,34,1657,1336,59.108788905999994,-14.3060857315,271.0,2.5765583022087934,5.708641148802065,0.0,-0.1570371650000002,0,0,0,0,0,0
1004,34,1660,1339,59.108788905999994,-14.3374931645,271.0,2.5765583022087934,5.708641148802065,-0.15703716499999132,-0.1570371650000002,0,0,0,0,0,0
1004,34,1663,1342,59.077381472999996,-14.3374931645,271.0,2.5765583022087934,5.708641148802065,-0.31407432999998264,0.0,0,0,0,0,0,0
1004,34,1666,1345,59.04597404,-14.3374931645,271.0,2.5765583022087934,5.708641148802065,-0.6281486600000008,0.0,0,0,0,0,0,0
1004,34,1669,1348,58.951751740999995,-14.3374931645,271.0,2.5765583022087934,5.708641148802065,-0.6281486600000008,0.0,0,0,0,0,0,0
1004,34,1672,1351,58.920344308,-14.3374931645,271.0,2.5765583022087934,5.708641148802065,-0.15703716499999132,-0.1570371650000002,0,0,0,0,0,0
1004,34,1675,1354,58.920344308,-14.3689005975,271.0,2.5765583022087934,5.708641148802065,-0.15703716499999132,-0.1570371650000002,0,0,0,0,0,0
1004,34,1678,1357,58.888936875,-14.3689005975,271.0,2.5765583022087934,5.708641148802065,-0.31407432999998264,0.1570371650000002,0,0,0,0,0,0
1004,34,1681,1360,58.857529442,-14.3374931645,271.0,2.5765583022087934,5.708641148802065,-0.31407433000001816,0.3140743300000004,0,0,0,0,0,0
1004,34,1684,1363,58.826122008999995,-14.3060857315,271.0,2.5765583022087934,5.708641148802065,-0.31407433000001816,0.3140743300000004,0,0,0,0,0,0
1004,34,1687,1366,58.794714576,-14.2746782985,271.0,2.5765583022087934,5.708641148802065,-0.31407432999998264,0.3140743300000004,0,0,0,0,0,0
1004,34,1690,1369,58.763307143,-14.2432708655,271.0,2.5765583022087934,5.708641148802065,-0.31407432999998264,0.1570371650000002,0,0,0,0,0,0
1004,34,1693,1372,58.73189971,-14.2432708655,271.0,2.5765583022087934,5.708641148802065,-0.15703716499999132,0.0,0,0,0,0,0,0
1004,34,1696,1375,58.73189971,-14.2432708655,271.0,2.5765583022087934,5.708641148802065,-0.15703716500002685,0.0,0,0,0,0,0,0
1004,34,1699,1378,58.700492276999995,-14.2432708655,271.0,2.5765583022087934,5.708641148802065,-0.15703716500002685,0.0,0,0,0,0,0,0
1004,34,1702,1381,58.700492276999995,-14.2432708655,271.0,2.5765583022087934,5.708641148802065,0.15703716500002685,0.0,0,0,0,0,0,0
1004,34,1705,1384,58.73189971,-14.2432708655,271.0,2.5765583022087934,5.708641148802065,-0.15703716499999132,0.0,0,0,0,0,0,0
1004,34,1708,1387,58.669084844,-14.2432708655,271.0,2.5765583022087934,5.708641148802065,-0.31407433000001816,0.0,0,0,0,0,0,0
1004,34,1711,1390,58.669084844,-14.2432708655,271.0,2.5765583022087934,5.708641148802065,0.0,0.0,0,0,0,0,0,0
1004,34,1714,1393,58.669084844,-14.2432708655,271.0,2.5765583022087934,5.708641148802065,-0.31407432999998264,-0.1570371650000002,0,0,0,0,0,0
1004,34,1717,1396,58.606269978,-14.2746782985,271.0,2.5765583022087934,5.708641148802065,-0.4711114950000095,-0.3140743300000004,0,0,0,0,0,0
1004,34,1720,1399,58.574862544999995,-14.3060857315,271.0,2.5765583022087934,5.708641148802065,-0.15703716500002685,-0.3140743300000004,0,0,0,0,0,0
1004,34,1723,1402,58.574862544999995,-14.3374931645,271.0,2.5765583022087934,5.708641148802065,-0.15703716499999132,-0.1570371650000002,0,0,0,0,0,0
1004,34,1726,1405,58.543455112,-14.3374931645,271.0,2.5765583022087934,5.708641148802065,-0.31407432999998264,0.0,0,0,0,0,0,0
1004,34,1729,1408,58.512047679,-14.3374931645,271.0,2.5765583022087934,5.708641148802065,-0.31407432999998264,0.0,0,0,0,0,0,0
1004,34,1732,1411,58.480640246,-14.3374931645,271.0,2.5765583022087934,5.708641148802065,-0.15703716499999132,0.0,0,0,0,0,0,0
1004,34,1735,1414,58.480640246,-14.3374931645,271.0,2.5765583022087934,5.708641148802065,0.0,0.0,0,0,0,0,0,0
1004,34,1738,1417,58.480640246,-14.3374931645,271.0,2.5765583022087934,5.708641148802065,0.0,0.0,0,0,0,0,0,0
1004,34,1741,1420,58.480640246,-14.3374931645,271.0,2.5765583022087934,5.708641148802065,0.0,0.0,0,0,0,0,0,0
1004,34,1744,1423,58.480640246,-14.3374931645,271.0,2.5765583022087934,5.708641148802065,0.0,0.0,0,0,0,0,0,0
1004,34,1747,1426,58.480640246,-14.3374931645,271.0,2.5765583022087934,5.708641148802065,0.0,0.0,0,0,0,0,0,0
1004,34,1750,1429,58.480640246,-14.3374931645,271.0,2.5765583022087934,5.708641148802065,-0.15703716500002685,0.0,0,0,0,0,0,0
1004,34,1753,1432,58.449232812999995,-14.3374931645,271.0,2.5765583022087934,5.708641148802065,-0.15703716500002685,0.1570371650000002,0,0,0,0,0,0
1004,34,1756,1435,58.449232812999995,-14.3060857315,271.0,2.5765583022087934,5.708641148802065,0.0,0.1570371650000002,0,0,0,0,0,0
1004,34,1759,1438,58.449232812999995,-14.3060857315,271.0,2.5765583022087934,5.708641148802065,0.0,0.0,0,0,0,0,0,0
1004,34,1762,1441,58.449232812999995,-14.3060857315,271.0,2.5765583022087934,5.708641148802065,-0.15703716499999132,-0.1570371650000002,0,0,0,0,0,0
1004,34,1765,1444,58.41782538,-14.3374931645,271.0,2.5765583022087934,5.708641148802065,-0.15703716499999132,-0.3140743300000004,0,0,0,0,0,0
1004,34,1768,1447,58.41782538,-14.3689005975,271.0,2.5765583022087934,5.708641148802065,0.0,-0.1570371650000002,0,0,0,0,0,0
1004,34,1771,1450,58.41782538,-14.3689005975,271.0,2.5765583022087934,5.708641148802065,0.0,0.0,0,0,0,0,0,0
1004,34,1774,1453,58.41782538,-14.3689005975,271.0,2.5765583022087934,5.708641148802065,-0.15703716499999132,0.0,0,0,0,0,0,0
1004,34,1777,1456,58.386417947,-14.3689005975,271.0,2.5765583022087934,5.708641148802065,-0.15703716499999132,0.0,0,0,0,0,0,0
1004,34,1780,1459,58.386417947,-14.3689005975,271.0,2.5765583022087934,5.708641148802065,-0.15703716499999132,0.0,0,0,0,0,0,0
1004,34,1783,1462,58.355010514,-14.3689005975,271.0,2.5765583022087934,5.708641148802065,-0.15703716499999132,0.0,0,0,0,0,0,0
1004,34,1786,1465,58.355010514,-14.3689005975,271.0,2.5765583022087934,5.708641148802065,0.0,0.1570371650000002,0,0,0,0,0,0
1004,34,1789,1468,58.355010514,-14.3374931645,271.0,2.5765583022087934,5.708641148802065,-0.07851858250003119,0.07851858250000454,0,0,0,0,0,0
1004,34,1792,1471,58.339306797499994,-14.353196880999999,271.0,2.5765583022087934,5.708641148802065,-0.15703716500002685,0.0,0,0,0,0,0,0
1004,34,1795,1474,58.323603080999995,-14.3374931645,271.0,2.5765583022087934,5.708641148802065,-0.07851858249999566,0.07851858249999566,0,0,0,0,0,0
1004,34,1798,1477,58.323603080999995,-14.3374931645,271.0,2.5765583022087934,5.708641148802065,-0.15703716499999132,0.0,0,0,0,0,0,0
1004,34,1801,1480,58.292195647999996,-14.3374931645,271.0,2.5765583022087934,5.708641148802065,-0.15703716499999132,0.0,0,0,0,0,0,0
1004,34,1804,1483,58.292195647999996,-14.3374931645,271.0,2.5765583022087934,5.708641148802065,0.0,0.1570371650000002,0,0,0,0,0,0
1004,34,1807,1486,58.292195647999996,-14.3060857315,271.0,2.5765583022087934,5.708641148802065,0.0,0.0,0,0,0,0,0,0
1004,34,1810,1489,58.292195647999996,-14.3374931645,271.0,2.5765583022087934,5.708641148802065,0.15703716499999132,-0.1570371650000002,0,0,0,0,0,0
1004,34,1813,1492,58.323603080999995,-14.3374931645,271.0,2.5765583022087934,5.708641148802065,0.31407433000001816,0.0,0,0,0,0,0,0
1004,34,1816,1495,58.355010514,-14.3374931645,271.0,2.5765583022087934,5.708641148802065,0.15703716500002685,0.0,0,0,0,0,0,0
1004,34,1819,1498,58.355010514,-14.3374931645,271.0,2.5765583022087934,5.708641148802065,-0.15703716500002685,0.1570371650000002,0,0,0,0,0,0
1004,34,1822,1501,58.323603080999995,-14.3060857315,271.0,2.5765583022087934,5.708641148802065,0.15703716499999132,0.0,0,0,0,0,0,0
1004,34,1825,1504,58.386417947,-14.3374931645,271.0,2.5765583022087934,5.708641148802065,0.4711114950000095,-0.3140743300000004,0,0,0,0,0,0
1004,34,1828,1507,58.41782538,-14.3689005975,271.0,2.5765583022087934,5.708641148802065,0.31407432999998264,-0.1570371650000002,0,0,0,0,0,0
1004,34,1831,1510,58.449232812999995,-14.3689005975,271.0,2.5765583022087934,5.708641148802065,0.15703716499999132,-0.1570371650000002,0,0,0,0,0,0
1004,34,1834,1513,58.449232812999995,-14.4003080305,271.0,2.5765583022087934,5.708641148802065,0.15703716500002685,-0.4711114950000006,0,0,0,0,0,0
1004,34,1837,1516,58.480640246,-14.4631228965,271.0,2.5765583022087934,5.708641148802065,0.15703716500002685,-0.3140743300000004,0,0,0,0,0,0
1004,34,1840,1519,58.480640246,-14.4631228965,271.0,2.5765583022087934,5.708641148802065,0.15703716499999132,0.0,0,0,0,0,0,0
1004,34,1843,1522,58.512047679,-14.4631228965,271.0,2.5765583022087934,5.708641148802065,0.47111149499997396,0.0,0,0,0,0,0,0
1004,34,1846,1525,58.574862544999995,-14.4631228965,271.0,2.5765583022087934,5.708641148802065,0.6281486600000008,0.0,0,0,0,0,0,0
1004,34,1849,1528,58.637677411,-14.4631228965,271.0,2.5765583022087934,5.708641148802065,0.15703716500002685,0.3140743300000004,0,0,0,0,0,0
1004,34,1852,1531,58.606269978,-14.4003080305,271.0,2.5765583022087934,5.708641148802065,0.15703716499999132,0.0,0,0,0,0,0,0
1004,34,1855,1534,58.669084844,-14.4631228965,271.0,2.5765583022087934,5.708641148802065,0.47111149499997396,-0.3140743300000004,0,0,0,0,0,0
1004,34,1858,1537,58.700492276999995,-14.4631228965,271.0,2.5765583022087934,5.708641148802065,0.15703716499999132,0.0,0,0,0,0,0,0
1004,34,1861,1540,58.700492276999995,-14.4631228965,271.0,2.5765583022087934,5.708641148802065,0.0,0.0,0,0,0,0,0,0
1004,34,1864,1543,58.700492276999995,-14.4631228965,271.0,2.5765583022087934,5.708641148802065,0.0,0.0,0,0,0,0,0,0
1004,34,1867,1546,58.700492276999995,-14.4631228965,271.0,2.5765583022087934,5.708641148802065,0.0,0.0,0,0,0,0,0,0
1004,34,1870,1549,58.700492276999995,-14.4631228965,271.0,2.5765583022087934,5.708641148802065,0.15703716500002685,0.0,0,0,0,0,0,0
1004,34,1873,1552,58.73189971,-14.4631228965,271.0,2.5765583022087934,5.708641148802065,0.15703716500002685,0.0,0,0,0,0,0,0
1004,34,1876,1555,58.73189971,-14.4631228965,271.0,2.5765583022087934,5.708641148802065,0.0,0.0,0,0,0,0,0,0
1004,34,1879,1558,58.73189971,-14.4631228965,271.0,2.5765583022087934,5.708641148802065,0.0,0.0,0,0,0,0,0,0
1004,34,1882,1561,58.73189971,-14.4631228965,271.0,2.5765583022087934,5.708641148802065,0.0,0.0,0,0,0,0,0,0
1004,34,1885,1564,58.73189971,-14.4631228965,271.0,2.5765583022087934,5.708641148802065,0.0,0.0,0,0,0,0,0,0
1004,34,1888,1567,58.73189971,-14.4631228965,271.0,2.5765583022087934,5.708641148802065,0.0,0.0,0,0,0,0,0,0
1004,34,1891,1570,58.73189971,-14.4631228965,271.0,2.5765583022087934,5.708641148802065,0.0,0.0,0,0,0,0,0,0
1004,34,1894,1573,58.73189971,-14.4631228965,271.0,2.5765583022087934,5.708641148802065,0.0,0.0,0,0,0,0,0,0
1004,34,1897,1576,58.73189971,-14.4631228965,271.0,2.5765583022087934,5.708641148802065,0.0,0.0,0,0,0,0,0,0
1004,34,1900,1579,58.73189971,-14.4631228965,271.0,2.5765583022087934,5.708641148802065,0.0,0.0,0,0,0,0,0,0
1004,34,1903,1582,58.73189971,-14.4631228965,271.0,2.5765583022087934,5.708641148802065,0.0,0.0,0,0,0,0,0,0
1004,34,1906,1585,58.73189971,-14.4631228965,271.0,2.5765583022087934,5.708641148802065,-0.15703716500002685,0.0,0,0,0,0,0,0
1004,34,1909,1588,58.700492276999995,-14.4631228965,271.0,2.5765583022087934,5.708641148802065,-0.15703716500002685,0.0,0,0,0,0,0,0
1004,34,1912,1591,58.700492276999995,-14.4631228965,271.0,2.5765583022087934,5.708641148802065,0.0,0.1570371650000002,0,0,0,0,0,0
1004,34,1915,1594,58.700492276999995,-14.4317154635,271.0,2.5765583022087934,5.708641148802065,0.0,0.1570371650000002,0,0,0,0,0,0
1004,34,1918,1597,58.700492276999995,-14.4317154635,271.0,2.5765583022087934,5.708641148802065,0.0,-0.1570371650000002,0,0,0,0,0,0
1004,34,1921,1600,58.700492276999995,-14.4631228965,271.0,2.5765583022087934,5.708641148802065,-0.15703716499999132,-0.1570371650000002,0,0,0,0,0,0
1004,34,1924,1603,58.669084844,-14.4631228965,271.0,2.5765583022087934,5.708641148802065,-0.15703716499999132,0.0,0,0,0,0,0,0
1004,34,1927,1606,58.669084844,-14.4631228965,271.0,2.5765583022087934,5.708641148802065,0.0,0.0,0,0,0,0,0,0
1004,34,1930,1609,58.669084844,-14.4631228965,271.0,2.5765583022087934,5.708641148802065,0.0,-0.1570371650000002,0,0,0,0,0,0
1004,34,1933,1612,58.669084844,-14.4945303295,271.0,2.5765583022087934,5.708641148802065,0.0,-0.3140743300000004,0,0,0,0,0,0
1004,34,1936,1615,58.669084844,-14.5259377625,271.0,2.5765583022087934,5.708641148802065,0.0,-0.3140743300000004,0,0,0,0,0,0
1004,34,1939,1618,58.669084844,-14.5573451955,271.0,2.5765583022087934,5.708641148802065,0.0,-0.1570371650000002,0,0,0,0,0,0
1004,34,1942,1621,58.669084844,-14.5573451955,271.0,2.5765583022087934,5.708641148802065,0.0,-0.1570371650000002,0,0,0,0,0,0
1004,34,1945,1624,58.669084844,-14.5887526285,271.0,2.5765583022087934,5.708641148802065,0.0,-0.3140743300000004,0,0,0,0,0,0
1004,34,1948,1627,58.669084844,-14.6201600615,271.0,2.5765583022087934,5.708641148802065,0.15703716499999132,-0.3140743300000004,0,0,0,0,0,0
1004,34,1951,1630,58.700492276999995,-14.6515674945,271.0,2.5765583022087934,5.708641148802065,0.31407433000001816,-0.3140743300000004,0,0,0,0,0,0
1004,34,1954,1633,58.73189971,-14.6829749275,271.0,2.5765583022087934,5.708641148802065,0.31407433000001816,-0.4711114949999917,0,0,0,0,0,0
1004,34,1957,1636,58.763307143,-14.745789793499998,271.0,2.5765583022087934,5.708641148802065,0.15703716499999132,-0.6281486599999919,0,0,0,0,0,0
1004,34,1960,1639,58.763307143,-14.808604659499998,271.0,2.5765583022087934,5.708641148802065,0.0,-0.6281486600000008,0,0,0,0,0,0
1004,34,1963,1642,58.763307143,-14.871419525499999,271.0,2.5765583022087934,5.708641148802065,0.0,-0.785185825000001,0,0,0,0,0,0
1004,34,1966,1645,58.763307143,-14.965641824499999,271.0,2.5765583022087934,5.708641148802065,-0.15703716499999132,-0.785185825000001,0,0,0,0,0,0
1004,34,1969,1648,58.73189971,-15.028456690499999,271.0,2.5765583022087934,5.708641148802065,-0.15703716499999132,-0.785185825000001,0,0,0,0,0,0
1004,34,1972,1651,58.73189971,-15.122678989499999,271.0,2.5765583022087934,5.708641148802065,0.0,-0.9422229900000012,0,0,0,0,0,0
1004,34,1975,1654,58.73189971,-15.216901288499999,271.0,2.5765583022087934,5.708641148802065,-0.15703716500002685,-1.0992601550000014,0,0,0,0,0,0
1004,34,1978,1657,58.700492276999995,-15.3425310205,271.0,2.5765583022087934,5.708641148802065,-0.4711114950000095,-1.2562973200000016,0,0,0,0,0,0
1004,34,1981,1660,58.637677411,-15.4681607525,271.0,2.5765583022087934,5.708641148802065,-0.31407432999998264,-1.0992601550000014,0,0,0,0,0,0
1004,34,1984,1663,58.637677411,-15.5623830515,271.0,2.5765583022087934,5.708641148802065,0.0,-1.0992601550000014,0,0,0,0,0,0
1004,34,1987,1666,58.637677411,-15.6880127835,271.0,2.5765583022087934,5.708641148802065,0.0,-0.9422229900000012,0,0,0,0,0,0
1004,34,1990,1669,58.637677411,-15.7508276495,271.0,2.5765583022087934,5.708641148802065,0.0,-0.6281486600000008,0,0,0,0,0,0
1004,34,1993,1672,58.637677411,-15.8136425155,271.0,2.5765583022087934,5.708641148802065,0.15703716499999132,-0.6281486600000008,0,0,0,0,0,0
1004,34,1996,1675,58.669084844,-15.8764573815,271.0,2.5765583022087934,5.708641148802065,0.31407432999998264,-0.785185825000001,0,0,0,0,0,0
1004,34,1999,1678,58.700492276999995,-15.9706796805,271.0,2.5765583022087934,5.708641148802065,0.15703716499999132,-0.7851858249999921,0,0,0,0,0,0
1004,34,2002,1681,58.700492276999995,-16.0334945465,271.0,2.5765583022087934,5.708641148802065,0.0,-0.6281486599999919,0,0,0,0,0,0
1004,34,2005,1684,58.700492276999995,-16.0963094125,271.0,2.5765583022087934,5.708641148802065,0.0,-0.6281486600000008,0,0,0,0,0,0
1004,34,2008,1687,58.700492276999995,-16.1591242785,271.0,2.5765583022087934,5.708641148802065,0.0,-0.4711114950000095,0,0,0,0,0,0
1004,34,2011,1690,58.700492276999995,-16.1905317115,271.0,2.5765583022087934,5.708641148802065,0.0,-0.3140743300000004,0,0,0,0,0,0
1004,34,2014,1693,58.700492276999995,-16.2219391445,271.0,2.5765583022087934,5.708641148802065,0.0,-0.4711114949999917,0,0,0,0,0,0
1004,34,2017,1696,58.700492276999995,-16.2847540105,271.0,2.5765583022087934,5.708641148802065,0.0,-0.3140743300000004,0,0,0,0,0,0
1004,34,2020,1699,58.700492276999995,-16.2847540105,271.0,2.5765583022087934,5.708641148802065,0.0,-0.15703716500000908,0,0,0,0,0,0
1004,34,2023,1702,58.700492276999995,-16.3161614435,271.0,2.5765583022087934,5.708641148802065,0.0,-0.4711114950000095,0,0,0,0,0,0
1004,34,2026,1705,58.700492276999995,-16.3789763095,271.0,2.5765583022087934,5.708641148802065,0.0,-0.6281486600000008,0,0,0,0,0,0
1004,34,2029,1708,58.700492276999995,-16.4417911755,271.0,2.5765583022087934,5.708641148802065,-0.15703716499999132,-0.6281486600000008,0,0,0,0,0,0
1004,34,2032,1711,58.669084844,-16.5046060415,271.0,2.5765583022087934,5.708641148802065,-0.15703716499999132,-0.4711114949999917,0,0,0,0,0,0
1004,34,2035,1714,58.669084844,-16.5360134745,271.0,2.5765583022087934,5.708641148802065,0.0,-0.4711114949999917,0,0,0,0,0,0
1004,34,2038,1717,58.669084844,-16.5988283405,271.0,2.5765583022087934,5.708641148802065,0.0,-0.7851858250000099,0,0,0,0,0,0
1004,34,2041,1720,58.669084844,-16.6930506395,271.0,2.5765583022087934,5.708641148802065,0.0,-0.7851858249999921,0,0,0,0,0,0
1004,34,2044,1723,58.669084844,-16.755865505499997,271.0,2.5765583022087934,5.708641148802065,0.0,-0.7851858249999921,0,0,0,0,0,0
1004,34,2047,1726,58.669084844,-16.8500878045,271.0,2.5765583022087934,5.708641148802065,0.31407433000001816,-0.9422229900000012,0,0,0,0,0,0
1004,34,2050,1729,58.73189971,-16.944310103499998,271.0,2.5765583022087934,5.708641148802065,0.31407433000001816,-0.6281486600000008,0,0,0,0,0,0
1004,34,2053,1732,58.73189971,-16.9757175365,271.0,2.5765583022087934,5.708641148802065,0.0,-0.4711114950000095,0,0,0,0,0,0
1004,34,2056,1735,58.73189971,-17.0385324025,271.0,2.5765583022087934,5.708641148802065,0.31407432999998264,-0.7851858249999921,0,0,0,0,0,0
1004,34,2059,1738,58.794714576,-17.132754701499998,271.0,2.5765583022087934,5.708641148802065,0.6281486600000008,-0.9422229900000012,0,0,0,0,0,0
1004,34,2062,1741,58.857529442,-17.2269770005,271.0,2.5765583022087934,5.708641148802065,0.4711114950000095,-0.7851858250000099,0,0,0,0,0,0
1004,34,2065,1744,58.888936875,-17.2897918665,271.0,2.5765583022087934,5.708641148802065,0.47111149499997396,-0.4711114949999917,0,0,0,0,0,0
1004,34,2068,1747,58.951751740999995,-17.321199299499998,271.0,2.5765583022087934,5.708641148802065,0.47111149499997396,-0.4711114949999917,0,0,0,0,0,0
1004,34,2071,1750,58.983159173999994,-17.3840141655,271.0,2.5765583022087934,5.708641148802065,0.4711114950000095,-0.6281486600000008,0,0,0,0,0,0
1004,34,2074,1753,59.04597404,-17.4468290315,271.0,2.5765583022087934,5.708641148802065,0.4711114950000095,-0.6281486600000008,0,0,0,0,0,0
1004,34,2077,1756,59.077381472999996,-17.5096438975,271.0,2.5765583022087934,5.708641148802065,0.6281486600000008,-0.7851858250000099,0,0,0,0,0,0
1004,34,2080,1759,59.171603772,-17.6038661965,271.0,2.5765583022087934,5.708641148802065,0.7066672424999965,-0.9422229900000012,0,0,0,0,0,0
1004,34,2083,1762,59.218714921499995,-17.6980884955,272.0,2.5765583022087934,5.708641148802065,0.5496300775000051,-0.7851858249999921,0,0,0,0,0,0
1004,34,2086,1765,59.2815297875,-17.7609033615,272.0,2.5765583022087934,5.708641148802065,0.4711114950000095,-0.9422229900000012,0,0,0,0,0,0
1004,34,2089,1768,59.3129372205,-17.8865330935,272.0,2.5765583022087934,5.708641148802065,0.4711114950000095,-1.2562973200000016,0,0,0,0,0,0
1004,34,2092,1771,59.3757520865,-18.0121628255,272.0,2.5765583022087934,5.708641148802065,0.7851858249999921,-1.2562973200000016,0,0,0,0,0,0
1004,34,2095,1774,59.469974385499995,-18.1377925575,272.0,2.5765583022087934,5.708641148802065,0.7851858249999921,-1.413334484999993,0,0,0,0,0,0
1004,34,2098,1777,59.5327892515,-18.294829722499998,272.0,2.5765583022087934,5.708641148802065,0.6281486600000008,-1.413334484999993,0,0,0,0,0,0
1004,34,2101,1780,59.595604117499995,-18.420459454499998,272.0,2.5765583022087934,5.708641148802065,0.6281486600000008,-1.2562973200000016,0,0,0,0,0,0
1004,34,2104,1783,59.6584189835,-18.546089186499998,272.0,2.5765583022087934,5.708641148802065,0.6281486600000008,-1.2562973200000016,0,0,0,0,0,0
1004,34,2107,1786,59.721233849499995,-18.671718918499998,272.0,2.5765583022087934,5.708641148802065,0.47111149499997396,-1.4133344850000107,0,0,0,0,0,0
1004,34,2110,1789,59.752641282499994,-18.8287560835,272.0,2.5765583022087934,5.708641148802065,0.6281486600000008,-1.727408815000011,0,0,0,0,0,0
1004,34,2113,1792,59.846863581499996,-19.0172006815,272.0,2.5765583022087934,5.708641148802065,0.4711114950000095,-1.8844459800000024,0,0,0,0,0,0
1004,34,2116,1795,59.846863581499996,-19.2056452795,272.0,2.5765583022087934,5.708641148802065,0.07851858249999566,-2.198520309999985,0,0,0,0,0,0
1004,34,2119,1798,59.862567297999995,-19.456904743499997,272.0,2.5765583022087934,5.708641148802065,0.2355557475000225,-2.198520309999985,0,0,0,0,0,0
1004,34,2122,1801,59.893974731,-19.645349341499998,271.0,2.5765583022087934,5.708641148802065,0.2355557475000225,-1.8844459800000024,0,0,0,0,0,0
1004,34,2125,1804,59.9096784475,-19.833793939499998,271.0,2.5765583022087934,5.708641148802065,0.3925929124999783,-2.0414831450000115,0,0,0,0,0,0
1004,34,2128,1807,59.972493313499996,-20.0536459705,272.5,2.5765583022087934,5.708641148802065,0.31407432999998264,-1.8844459800000024,0,0,0,0,0,0
1004,34,2131,1810,59.972493313499996,-20.2106831355,272.5,2.5765583022087934,5.708641148802065,0.7851858249999921,-1.962964562499998,0,0,0,0,0,0
1004,34,2134,1813,60.129530478499994,-20.446238883,272.5,2.5765583022087934,5.708641148802065,0.7851858249999921,-2.0807424362500093,0,0,0,0,0,0
1004,34,2137,1816,60.129530478499994,-20.62683162275,272.5,2.5765583022087934,5.708641148802065,0.2355557475000225,-2.1200017274999894,0,0,0,0,0,0
1004,34,2140,1819,60.176641628,-20.870239228499997,275.5,2.5765583022087934,5.708641148802065,0.2355557475000225,-2.3162981837499963,0,0,0,0,0,0
1004,34,2143,1822,60.176641628,-21.0900912595,275.5,2.5765583022087934,5.708641148802065,0.4711114950000095,-1.9629645625000158,0,0,0,0,0,0
1004,34,2146,1825,60.270863927,-21.262832141,275.5,2.5765583022087934,5.708641148802065,0.7851858249999921,-2.43407605749999,0,0,0,0,0,0
1004,34,2149,1828,60.333678793,-21.576906470999997,276.5,2.5765583022087934,5.708641148802065,0.31407432999998264,-2.6696318049999945,0,0,0,0,0,0
1004,34,2152,1831,60.333678793,-21.796758502,276.5,2.5765583022087934,5.708641148802065,0.43185220375001165,-2.5911132225000166,0,0,0,0,0,0
1004,34,2155,1834,60.42004923375,-22.0951291155,277.5,2.5765583022087934,5.708641148802065,0.5496300775000051,-2.787409678750006,0,0,0,0,0,0
1004,34,2158,1837,60.4436048085,-22.35424043775,278.5,2.5765583022087934,5.708641148802065,0.6674079512499986,-3.0229654262499928,0,0,0,0,0,0
1004,34,2161,1840,60.553530824,-22.69972220075,280.0,2.5765583022087934,5.708641148802065,0.6674079512499986,-3.2585211737499975,0,0,0,0,0,0
1004,34,2164,1843,60.57708639875,-23.0059446725,281.5,2.5765583022087934,5.708641148802065,0.5103707862499718,-3.4548176300000044,0,0,0,0,0,0
1004,34,2167,1846,60.655604981249994,-23.39068572675,282.5,2.5765583022087934,5.708641148802065,0.6674079512499986,-3.8474105425000005,0,0,0,0,0,0
1004,34,2170,1849,60.710567989,-23.775426781,284.0,2.5765583022087934,5.708641148802065,0.9029636987500211,-4.122225581249985,0,0,0,0,0,0
1004,34,2173,1852,60.836197721,-24.215130842999997,287.5,2.5765583022087934,5.708641148802065,1.5311123587499864,-4.0829662899999875,0,0,0,0,0,0
1004,34,2176,1855,61.016790460749995,-24.592020038999998,286.5,2.5765583022087934,5.708641148802065,1.4918530674999886,-4.082966290000005,0,0,0,0,0,0
1004,34,2179,1858,61.134568334499996,-25.031724101,288.0,2.5765583022087934,5.708641148802065,2.1592610187500227,-4.8288928237499995,0,0,0,0,0,0
1004,34,2182,1861,61.4486426645,-25.557798603749998,291.0,2.5765583022087934,5.708641148802065,2.4340760575000076,-4.907411406249995,0,0,0,0,0,0
1004,34,2185,1864,61.621383546,-26.013206382249997,293.0,2.5765583022087934,5.708641148802065,2.0807424362499916,-4.711114950000006,0,0,0,0,0,0
1004,34,2188,1867,61.86479115175,-26.50002159375,295.0,2.5765583022087934,5.708641148802065,2.7088910962499924,-4.985929988750009,0,0,0,0,0,0
1004,34,2191,1870,62.163161765249995,-27.01039238,296.0,2.5765583022087934,5.708641148802065,2.7088910962499924,-5.221485736249996,0,0,0,0,0,0
1004,34,2194,1873,62.406569370999996,-27.544318740999998,299.5,2.5765583022087934,5.708641148802065,3.180002591250002,-5.339263610000007,0,0,0,0,0,0
1004,34,2197,1876,62.799162283499996,-28.078245102,302.0,2.5765583022087934,5.708641148802065,3.690373377500009,-5.339263610000007,0,0,0,0,0,0
1004,34,2200,1879,63.1446440465,-28.612171463,304.0,2.5765583022087934,5.708641148802065,3.925929124999996,-5.0644485712499865,0,0,0,0,0,0
1004,34,2203,1882,63.584348108499995,-29.091134816249998,307.0,2.5765583022087934,5.708641148802065,4.357781328749972,-4.907411406249995,0,0,0,0,0,0
1004,34,2206,1885,64.01620031224999,-29.59365374425,308.5,2.5765583022087934,5.708641148802065,4.593337076249995,-5.14296715375,0,0,0,0,0,0
1004,34,2209,1888,64.50301552375,-30.119728246999998,311.5,2.5765583022087934,5.708641148802065,4.9074114062500485,-5.14296715375,0,0,0,0,0,0
1004,34,2212,1891,64.9976825935,-30.622247175,314.0,2.5765583022087934,5.708641148802065,4.985929988750044,-4.868152114999997,0,0,0,0,0,0
1004,34,2215,1894,65.5002015215,-31.093358669999997,314.0,2.5765583022087934,5.708641148802065,5.653337939999972,-4.868152114999997,0,0,0,0,0,0
1004,34,2218,1897,66.1283501815,-31.595877597999998,317.0,2.5765583022087934,5.708641148802065,6.281486599999937,-4.868152114999997,0,0,0,0,0,0
1004,34,2221,1900,66.75649884149999,-32.066989093,322.0,2.5765583022087934,5.708641148802065,6.438523764999999,-4.397040619999988,0,0,0,0,0,0
1004,34,2224,1903,67.4160549345,-32.475285721999995,322.0,2.5765583022087934,5.708641148802065,7.066672425000036,-4.397040620000006,0,0,0,0,0,0
1004,34,2227,1906,68.1698333265,-32.946397217,326.5,2.5765583022087934,5.708641148802065,7.184450298749994,-4.5540777850000325,0,0,0,0,0,0
1004,34,2230,1909,68.85294499425,-33.386101279,328.5,2.5765583022087934,5.708641148802065,7.420006046249981,-3.8081512512500026,0,0,0,0,0,0
1004,34,2233,1912,69.65383453575,-33.70802746725,330.5,2.5765583022087934,5.708641148802065,7.891117541250026,-3.611854794999978,0,0,0,0,0,0
1004,34,2236,1915,70.4311685025,-34.108472238,333.5,2.5765583022087934,5.708641148802065,8.048154706250017,-3.729632668750007,0,0,0,0,0,0
1004,34,2239,1918,71.263465477,-34.453954001,336.0,2.5765583022087934,5.708641148802065,8.480006909999958,-3.454817630000022,0,0,0,0,0,0
1004,34,2242,1921,72.12716988449999,-34.799435764,340.5,2.5765583022087934,5.708641148802065,9.029636987499998,-3.2977804649999953,0,0,0,0,0,0
1004,34,2245,1924,73.0693928745,-35.113510094,340.5,2.5765583022087934,5.708641148802065,9.265192735000056,-2.826668969999986,0,0,0,0,0,0
1004,34,2248,1927,73.9802084315,-35.364769558,343.5,2.5765583022087934,5.708641148802065,9.775563521249993,-2.2770388924999807,0,0,0,0,0,0
1004,34,2251,1930,75.02450557875,-35.568917872499995,347.5,2.5765583022087934,5.708641148802065,10.207415724999933,-1.962964562499998,0,0,0,0,0,0
1004,34,2254,1933,76.02169157649999,-35.7573624705,347.5,2.5765583022087934,5.708641148802065,10.089637851249975,-1.8844459800000024,0,0,0,0,0,0
1004,34,2257,1936,77.04243314899999,-35.945807068499995,353.0,2.5765583022087934,5.708641148802065,10.442971472500062,-1.413334484999993,0,0,0,0,0,0
1004,34,2260,1939,78.110285871,-36.0400293675,353.0,2.5765583022087934,5.708641148802065,10.639267928750016,-1.2562973200000016,0,0,0,0,0,0
1004,34,2263,1942,79.17028673475,-36.197066532499996,355.5,2.5765583022087934,5.708641148802065,10.953342258749998,-1.0992601550000103,0,0,0,0,0,0
1004,34,2266,1945,80.30095432275,-36.2598813985,357.0,2.5765583022087934,5.708641148802065,11.031860841249994,-0.7851858250000276,0,0,0,0,0,0
1004,34,2269,1948,81.37665890299999,-36.3541036975,357.0,2.5765583022087934,5.708641148802065,10.71778651124994,-0.4711114950000095,0,0,0,0,0,0
1004,34,2272,1951,82.44451162499999,-36.3541036975,357.0,2.5765583022087934,5.708641148802065,11.188898006249985,-0.31407432999998264,0,0,0,0,0,0
1004,34,2275,1954,83.61443850424999,-36.4169185635,357.5,2.5765583022087934,5.708641148802065,11.66000950125003,-0.6281486600000008,0,0,0,0,0,0
1004,34,2278,1957,84.77651352525,-36.4797334295,358.5,2.5765583022087934,5.708641148802065,11.11037942375006,-0.43185220375001165,0,0,0,0,0,0
1004,34,2281,1960,85.836514389,-36.50328900425,359.0,2.5765583022087934,5.708641148802065,10.717786511250011,-0.15703716499999132,0,0,0,0,0,0
1004,34,2284,1963,86.9200708275,-36.5111408625,359.0,2.5765583022087934,5.708641148802065,11.071120132499956,-0.19629645624998915,0,0,0,0,0,0
1004,34,2287,1966,88.05073841549999,-36.5425482955,359.0,2.5765583022087934,5.708641148802065,11.149638714999952,-0.6281486600000008,0,0,0,0,0,0
1004,34,2290,1969,89.14999857049999,-36.6367705945,359.0,2.5765583022087934,5.708641148802065,10.67852722000005,-0.4711114950000095,0,0,0,0,0,0
1004,34,2293,1972,90.1864438595,-36.6367705945,359.0,2.5765583022087934,5.708641148802065,10.364452890000067,0.0,0,0,0,0,0,0
1004,34,2296,1975,91.2228891485,-36.6367705945,359.0,2.5765583022087934,5.708641148802065,10.83556438499997,0.0,0,0,0,0,0,0
1004,34,2299,1978,92.3535567365,-36.6367705945,359.0,2.5765583022087934,5.708641148802065,10.99260154999996,0.0,0,0,0,0,0,0
1004,34,2302,1981,93.4214094585,-36.6367705945,359.0,2.5765583022087934,5.708641148802065,10.678527219999978,0.0,0,0,0,0,0,0
1004,34,2305,1984,94.48926218049999,-36.6367705945,359.0,2.5765583022087934,5.708641148802065,11.306675880000014,0.0,0,0,0,0,0,0
1004,34,2308,1987,95.6827446345,-36.6367705945,359.0,2.5765583022087934,5.708641148802065,11.149638715000023,-0.15703716499999132,0,0,0,0,0,0
1004,34,2311,1990,96.7191899235,-36.6681780275,359.0,2.5765583022087934,5.708641148802065,11.149638715000023,0.0,0,0,0,0,0,0
1004,34,2314,1993,97.9126723775,-36.6367705945,359.0,2.5765583022087934,5.708641148802065,11.463713045000006,0.15703716499999132,0,0,0,0,0,0
1004,34,2317,1996,99.0119325325,-36.6367705945,359.0,2.5765583022087934,5.708641148802065,11.620750209999997,0.15703716499999132,0,0,0,0,0,0
1004,34,2320,1999,100.2368224195,-36.6053631615,359.0,2.5765583022087934,5.708641148802065,11.463713045000006,0.0,0,0,0,0,0,0
1004,34,2323,2002,101.3046751415,-36.6367705945,359.0,2.5765583022087934,5.708641148802065,11.463713044999935,-0.23555574749998698,0,0,0,0,0,0
1004,34,2326,2005,102.52956502849999,-36.652474311,0.0,2.5765583022087934,5.708641148802065,11.93482453999998,-0.07851858249999566,0,0,0,0,0,0
1004,34,2329,2008,103.6916400495,-36.652474311,0.0,2.5765583022087934,5.708641148802065,12.248898870000033,0.15703716499999132,0,0,0,0,0,0
1004,34,2332,2011,104.9793448025,-36.621066878,0.0,2.5765583022087934,5.708641148802065,12.248898870000033,0.31407433000001816,0,0,0,0,0,0
1004,34,2335,2014,106.1414198235,-36.589659444999995,0.0,2.5765583022087934,5.708641148802065,11.620750209999997,0.0,0,0,0,0,0,0
1004,34,2338,2017,107.3034948445,-36.621066878,0.5,2.5765583022087934,5.708641148802065,11.856305957499984,0.07851858249999566,0,0,0,0,0,0
1004,34,2341,2020,108.512681015,-36.573955728499996,0.5,2.5765583022087934,5.708641148802065,12.170380287500038,0.07851858249999566,0,0,0,0,0,0
1004,34,2344,2023,109.737570902,-36.6053631615,0.5,2.5765583022087934,5.708641148802065,12.248898869999962,0.0,0,0,0,0,0,0
1004,34,2347,2026,110.96246078899999,-36.573955728499996,0.5,2.5765583022087934,5.708641148802065,12.405936034999954,0.31407433000001816,0,0,0,0,0,0
1004,34,2350,2029,112.21875810899999,-36.5425482955,0.5,2.5765583022087934,5.708641148802065,12.405936035000025,0.15703716499999132,0,0,0,0,0,0
1004,34,2353,2032,113.443647996,-36.5425482955,0.5,2.5765583022087934,5.708641148802065,12.248898870000033,0.31407432999998264,0,0,0,0,0,0
1004,34,2356,2035,114.668537883,-36.4797334295,0.5,2.5765583022087934,5.708641148802065,12.405936035000025,0.15703716499999132,0,0,0,0,0,0
1004,34,2359,2038,115.924835203,-36.5111408625,0.5,2.5765583022087934,5.708641148802065,12.562973199999945,0.0,0,0,0,0,0,0
1004,34,2362,2041,117.18113252299999,-36.4797334295,0.5,2.5765583022087934,5.708641148802065,12.562973199999874,0.31407432999998264,0,0,0,0,0,0
1004,8,387,0,117.589429152,-30.528024876,181.0,0,0,-2.826668969999986,0.0,0,0,0,0,0,0
1004,8,390,3,117.306762255,-30.528024876,181.0,0,0,-2.355557475000012,0.0,0,0,0,0,0,0
1004,8,393,6,117.11831765699999,-30.528024876,181.0,0,0,-2.826668969999986,0.0,0,0,0,0,0,0
1004,8,396,9,116.741428461,-30.528024876,181.0,0,0,-2.355557475000012,0.0,0,0,0,0,0,0
1004,8,399,12,116.64720616199999,-30.528024876,181.0,0,0,-1.0992601550000103,0.0,0,0,0,0,0,0
1004,8,402,15,116.52157643,-30.528024876,181.0,0,0,-1.413334484999993,0.0,0,0,0,0,0,0
1004,8,405,18,116.36453926499999,-30.528024876,181.0,0,0,-1.884445980000038,0.0,0,0,0,0,0,0
1004,8,408,21,116.14468723399999,-30.528024876,181.0,0,0,-1.7274088149999756,0.0,0,0,0,0,0,0
1004,8,411,24,116.019057502,-30.528024876,181.0,0,0,-1.0992601549999392,0.0,0,0,0,0,0,0
1004,8,414,27,115.924835203,-30.528024876,181.0,0,0,-1.2562973200000016,0.0,0,0,0,0,0,0
1004,8,417,30,115.767798038,-30.528024876,181.0,0,0,-1.5703716500000553,0.0,0,0,0,0,0,0
1004,8,420,33,115.61076087299999,-30.528024876,181.0,0,0,-1.7274088149999756,0.0,0,0,0,0,0,0
1004,8,423,36,115.422316275,-30.528024876,181.0,0,0,-1.2562973200000016,0.0,0,0,0,0,0,0
1004,8,426,39,115.35950140899999,-30.528024876,181.0,0,0,-1.2562973200000016,0.0,0,0,0,0,0,0
1004,8,429,42,115.171056811,-30.528024876,181.0,0,0,-2.041483144999958,0.0,0,0,0,0,0,0
1004,8,432,45,114.95120478,-30.528024876,181.0,0,0,-2.0414831450000293,0.0,0,0,0,0,0,0
1004,8,435,48,114.762760182,-30.528024876,181.0,0,0,-1.413334484999993,0.0,0,0,0,0,0,0
1004,8,438,51,114.668537883,-30.528024876,181.0,0,0,-0.942222990000019,0.0,0,0,0,0,0,0
1004,8,441,54,114.57431558399999,-30.528024876,181.0,0,0,-0.6281486600000363,0.0,0,0,0,0,0,0
1004,8,444,57,114.54290815099999,-30.528024876,181.0,0,0,-1.0992601550000103,0.0,0,0,0,0,0,0
1004,8,447,60,114.35446355299999,-30.528024876,181.0,0,0,-2.355557475000012,0.0,0,0,0,0,0,0
1004,8,450,63,114.07179665599999,-30.528024876,181.0,0,0,-1.5703716499999842,0.0,0,0,0,0,0,0
1004,8,453,66,114.04038922299999,-30.528024876,181.0,0,0,-1.7274088149999756,0.0,0,0,0,0,0,0
1004,8,456,69,113.726314893,-30.528024876,181.0,0,0,-2.826668969999986,0.0,0,0,0,0,0,0
1004,8,459,72,113.475055429,-30.528024876,181.0,0,0,-1.5703716499999842,0.0,0,0,0,0,0,0
1004,8,462,75,113.412240563,-30.528024876,181.0,0,0,-1.8844459799999669,0.0,0,0,0,0,0,0
1004,8,465,78,113.098166233,-30.528024876,181.0,0,0,-3.1407433000000395,0.0,0,0,0,0,0,0
1004,8,468,81,112.78409190299999,-30.528024876,181.0,0,0,-3.1407433000000395,0.0,0,0,0,0,0,0
1004,8,471,84,112.47001757299999,-30.528024876,181.0,0,0,-2.983706134999977,0.15703716500000908,0,0,0,0,0,0
1004,8,474,87,112.187350676,-30.496617442999998,181.0,0,0,-2.983706134999977,0.15703716500000908,0,0,0,0,0,0
1004,8,477,90,111.873276346,-30.496617442999998,181.0,0,0,-2.512594640000003,-0.3140743300000004,0,0,0,0,0,0
1004,8,480,93,111.684831748,-30.559432308999998,181.0,0,0,-2.355557475000012,-0.15703716500000908,0,0,0,0,0,0
1004,8,483,96,111.402164851,-30.528024876,181.0,0,0,-2.826668969999986,0.3140743300000004,0,0,0,0,0,0
1004,8,486,99,111.119497954,-30.496617442999998,181.0,0,0,-3.297780465000031,0.0,0,0,0,0,0,0
1004,8,489,102,110.74260875799999,-30.528024876,181.0,0,0,-3.1407433000000395,-0.3140743300000004,0,0,0,0,0,0
1004,8,492,105,110.49134929399999,-30.559432308999998,181.0,0,0,-2.826668969999986,-0.15703716499999132,0,0,0,0,0,0
1004,8,495,108,110.17727496399999,-30.559432308999998,181.0,0,0,-2.983706134999977,0.0,0,0,0,0,0,0
1004,8,498,111,109.894608067,-30.559432308999998,181.0,0,0,-3.1407432999999685,0.0,0,0,0,0,0,0
1004,8,500,113,109.549126304,-30.559432308999998,181.0,0,0,-3.768891960000005,0.15703716499999132,0,0,0,0,0,0
1004,8,503,116,109.14082967499999,-30.528024876,181.0,0,0,-3.768891960000005,-0.3140743300000004,0,0,0,0,0,0
1004,8,506,119,108.795347912,-30.622247175,181.0,0,0,-2.826668969999986,-0.7851858249999921,0,0,0,0,0,0
1004,8,509,122,108.575495881,-30.685062041,181.0,0,0,-2.826668969999986,-0.15703716500000908,0,0,0,0,0,0
1004,8,512,125,108.230014118,-30.653654608,181.0,0,0,-3.6118547950000135,0.15703716499999132,0,0,0,0,0,0
1004,8,515,128,107.85312492199999,-30.653654608,181.0,0,0,-5.025189280000006,0.0,0,0,0,0,0,0
1004,8,518,131,107.224976262,-30.653654608,181.0,0,0,-4.711114949999953,0.3140743300000004,0,0,0,0,0,0
1004,8,521,134,106.910901932,-30.590839742,181.0,0,0,-4.24000345500005,0.0,0,0,0,0,0,0
1004,8,524,137,106.37697557099999,-30.653654608,181.0,0,0,-4.711114950000024,-0.3140743300000004,0,0,0,0,0,0
1004,8,527,140,105.968678942,-30.653654608,181.0,0,0,-4.554077784999961,0.0,0,0,0,0,0,0
1004,8,530,143,105.466160014,-30.653654608,181.0,0,0,-4.711114950000024,-0.15703716499999132,0,0,0,0,0,0
1004,8,533,146,105.02645595199999,-30.685062041,181.0,0,0,-5.025189280000006,-0.15703716499999132,0,0,0,0,0,0
1004,8,536,149,104.461122158,-30.685062041,181.0,0,0,-5.339263609999989,0.0,0,0,0,0,0,0
1004,8,539,152,103.95860323,-30.685062041,181.0,0,0,-5.339263609999989,0.0,0,0,0,0,0,0
1004,8,542,155,103.393269436,-30.685062041,181.0,0,0,-5.653337939999972,0.0,0,0,0,0,0,0
1004,8,545,158,102.827935642,-30.685062041,181.0,0,0,-5.653337940000043,0.0,0,0,0,0,0,0
1004,8,548,161,102.26260184799999,-30.685062041,181.0,0,0,-4.868152115000015,-0.4711114950000095,0,0,0,0,0,0
1004,8,551,164,101.854305219,-30.77928434,181.0,0,0,-5.182226444999998,-0.6281486600000008,0,0,0,0,0,0
1004,8,554,167,101.22615655899999,-30.810691773,181.0,0,0,-5.339263609999989,-0.4711114949999917,0,0,0,0,0,0
1004,8,557,170,100.786452497,-30.873506639,181.0,0,0,-5.339263609999989,-0.4711114949999917,0,0,0,0,0,0
1004,8,560,173,100.15830383699999,-30.904914071999997,181.0,0,0,-6.281486600000008,-0.15703716499999132,0,0,0,0,0,0
1004,8,563,176,99.530155177,-30.904914071999997,181.0,0,0,-6.438523764999999,0.15703716499999132,0,0,0,0,0,0
1004,8,566,179,98.87059908399999,-30.873506639,181.0,0,0,-6.595560929999991,0.15703716499999132,0,0,0,0,0,0
1004,8,569,182,98.211042991,-30.873506639,181.0,0,0,-6.752598094999982,0.0,0,0,0,0,0,0
1004,8,572,185,97.520079465,-30.873506639,181.0,0,0,-7.066672425000036,0.0,0,0,0,0,0,0
1004,8,575,188,96.79770850599999,-30.873506639,181.0,0,0,-7.066672424999965,0.0,0,0,0,0,0,0
1004,8,578,191,96.10674498,-30.873506639,181.0,0,0,-6.752598094999982,-0.15703716499999132,0,0,0,0,0,0
1004,8,581,194,95.447188887,-30.904914071999997,181.0,0,0,-7.380746755000018,-0.15703716499999132,0,0,0,0,0,0
1004,8,584,197,94.630595629,-30.904914071999997,181.0,0,0,-7.851858249999992,-0.15703716500000908,0,0,0,0,0,0
1004,8,587,200,93.876817237,-30.936321505,181.0,0,0,-8.165932580000046,-0.3140743300000004,0,0,0,0,0,0
1004,8,590,203,92.99740911299999,-30.967728937999997,181.0,0,0,-8.165932579999975,-0.3140743300000004,0,0,0,0,0,0
1004,8,593,206,92.243630721,-30.999136371,181.0,0,0,-7.851858249999992,0.15703716499999132,0,0,0,0,0,0
1004,8,596,209,91.42703746299999,-30.936321505,181.5,0,0,-8.480006910000029,0.3140743300000004,0,0,0,0,0,0
1004,8,599,212,90.547629339,-30.936321505,181.5,0,0,-8.165932579999975,-0.3140743300000004,0,0,0,0,0,0
1004,8,602,215,89.793850947,-30.999136371,181.5,0,0,-7.851858249999992,-0.4711114949999917,0,0,0,0,0,0
1004,8,605,218,88.977257689,-31.030543803999997,181.5,0,0,-8.63704407500002,-0.15703716499999132,0,0,0,0,0,0
1004,8,608,221,88.06644213199999,-31.030543803999997,181.5,0,0,-9.265192734999985,-0.15703716500000908,0,0,0,0,0,0
1004,8,611,224,87.124219142,-31.061951237,181.5,0,0,-9.108155569999994,-0.15703716500000908,0,0,0,0,0,0
1004,8,614,227,86.244811018,-31.061951237,181.5,0,0,-8.63704407500002,0.0,0,0,0,0,0,0
1004,8,617,230,85.396810327,-31.061951237,181.5,0,0,-8.794081240000011,-0.15703716499999132,0,0,0,0,0,0
1004,8,620,233,84.48599476999999,-31.093358669999997,181.5,0,0,-9.108155569999994,-0.3140743300000004,0,0,0,0,0,0
1004,8,623,236,83.575179213,-31.124766103,181.5,0,0,-8.951118405000003,-0.3140743300000004,0,0,0,0,0,0
1004,8,626,239,82.69577108899999,-31.156173535999997,181.5,0,0,-9.108155569999994,0.0,0,0,0,0,0,0
1004,8,629,242,81.753548099,-31.124766103,181.5,0,0,-9.73630422999996,0.0,0,0,0,0,0,0
1004,8,632,245,80.748510243,-31.156173535999997,181.5,0,0,-9.893341395000022,-0.15703716499999132,0,0,0,0,0,0
1004,8,635,248,79.77487982,-31.156173535999997,181.5,0,0,-9.893341395000022,-0.15703716500000908,0,0,0,0,0,0
1004,8,638,251,78.769841964,-31.187580969,181.5,0,0,-9.73630423000003,-0.15703716500000908,0,0,0,0,0,0
1004,8,641,254,77.82761897399999,-31.187580969,181.5,0,0,-10.050378560000013,-0.15703716499999132,0,0,0,0,0,0
1004,8,644,257,76.75976625199999,-31.218988401999997,181.5,0,0,-10.678527219999978,-0.15703716499999132,0,0,0,0,0,0
1004,8,647,260,75.69191353,-31.218988401999997,181.5,0,0,-10.207415725000004,-0.4711114950000095,0,0,0,0,0,0
1004,8,650,263,74.71828310699999,-31.313210701,181.5,0,0,-9.73630422999996,-0.4711114950000095,0,0,0,0,0,0
1004,8,653,266,73.744652684,-31.313210701,181.5,0,0,-10.050378559999942,0.0,0,0,0,0,0,0
1004,8,656,269,72.708207395,-31.313210701,181.5,0,0,-10.521490055000058,0.0,0,0,0,0,0,0
1004,8,659,272,71.64035467299999,-31.313210701,181.5,0,0,-10.67852722000005,0.15703716500000908,0,0,0,0,0,0
1004,8,662,275,70.57250195099999,-31.281803267999997,181.5,0,0,-10.83556438499997,-0.15703716499999132,0,0,0,0,0,0
1004,8,665,278,69.473241796,-31.344618133999997,181.5,0,0,-11.071120132499956,-0.23555574750000474,0,0,0,0,0,0
1004,8,668,281,68.3582779245,-31.3289144175,181.5,0,0,-11.306675880000014,-0.03925929124999783,0,0,0,0,0,0
1004,8,671,284,67.21190662,-31.352469992249997,181.5,0,0,-11.38519446250001,-0.23555574750000474,0,0,0,0,0,0
1004,8,674,287,66.081239032,-31.376025567,182.5,0,0,-11.306675880000014,-0.11777787375001125,0,0,0,0,0,0
1004,8,677,290,64.95057144399999,-31.376025567,182.5,0,0,-11.463713045000006,-0.15703716499999132,0,0,0,0,0,0
1004,8,680,293,63.788496423,-31.407432999999997,182.5,0,0,-11.777787374999953,-0.4711114949999917,0,0,0,0,0,0
1004,8,683,296,62.595013969,-31.470247865999998,182.5,0,0,-11.424453753750008,-0.15703716500000908,0,0,0,0,0,0
1004,8,686,299,61.503605672249996,-31.438840433,182.5,0,0,-11.620750209999997,-0.15703716500000908,0,0,0,0,0,0
1004,8,689,302,60.270863927,-31.501655299,182.5,0,0,-12.131120996250004,-0.3140743300000004,0,0,0,0,0,0
1004,8,692,305,59.077381472999996,-31.501655299,182.5,0,0,-12.091861705000007,-0.3140743300000004,0,0,0,0,0,0
1004,8,695,308,57.852491586,-31.564470165,182.5,0,0,-12.248898869999998,-0.4711114949999917,0,0,0,0,0,0
1004,8,698,311,56.627601698999996,-31.595877597999998,182.5,0,0,-12.248898869999998,-0.15703716499999132,0,0,0,0,0,0
1004,8,701,314,55.402711812,-31.595877597999998,182.5,0,0,-12.40593603499999,-0.3140743300000004,0,0,0,0,0,0
1004,8,704,317,54.146414492,-31.658692463999998,182.5,0,0,-12.091861705000007,-0.5103707862500073,0,0,0,0,0,0
1004,8,707,320,52.984339471,-31.69795175525,181.5,0,0,-11.699268792499993,-0.07851858249999566,0,0,0,0,0,0
1004,8,710,323,51.8065607335,-31.674396180499997,181.5,0,0,-12.091861705000007,0.03925929124999783,0,0,0,0,0,0
1004,8,713,326,50.56596713,-31.690099897,181.5,0,0,-12.170380287500002,-0.07851858250001342,0,0,0,0,0,0
1004,8,716,329,49.372484676,-31.690099897,181.5,0,0,-11.93482453999998,0.0,0,0,0,0,0,0
1004,8,719,332,48.179002222,-31.690099897,181.5,0,0,-11.934824540000015,0.0,0,0,0,0,0,0
1004,8,722,335,46.985519767999996,-31.690099897,181.5,0,0,-12.248898870000033,0.0,0,0,0,0,0,0
1004,8,725,338,45.729222447999994,-31.690099897,181.5,0,0,-12.131120996250004,0.15703716500000908,0,0,0,0,0,0
1004,8,728,341,44.559295568749995,-31.658692463999998,180.5,0,0,-11.856305957499984,0.15703716500000908,0,0,0,0,0,0
1004,8,731,344,43.3579612565,-31.658692463999998,180.5,0,0,-12.131120996249969,0.0,0,0,0,0,0,0
1004,8,734,347,42.1330713695,-31.658692463999998,180.5,0,0,-12.091861705000007,0.0,0,0,0,0,0,0
1004,8,737,350,40.939588915499996,-31.658692463999998,180.5,0,0,-11.934824540000015,0.0,0,0,0,0,0,0
1004,8,740,353,39.7461064615,-31.658692463999998,180.5,0,0,-12.091861705000007,0.0,0,0,0,0,0,0
1004,8,743,356,38.521216574499995,-31.658692463999998,180.5,0,0,-11.934824540000015,0.0,0,0,0,0,0,0
1004,8,746,359,37.359141553499995,-31.658692463999998,180.5,0,0,-11.777787374999988,0.15703716499999132,0,0,0,0,0,0
1004,8,749,362,36.1656590995,-31.627285031,180.5,0,0,-11.777787374999988,0.15703716499999132,0,0,0,0,0,0
1004,8,752,365,35.0035840785,-31.627285031,180.5,0,0,-11.620750209999997,0.3140743300000004,0,0,0,0,0,0
1004,8,755,368,33.8415090575,-31.564470165,180.5,0,0,-11.463713045000006,0.3140743300000004,0,0,0,0,0,0
1004,8,758,371,32.7108414695,-31.564470165,180.5,0,0,-11.149638715000005,0.0,0,0,0,0,0,0
1004,8,761,374,31.611581314499997,-31.564470165,180.5,0,0,-11.149638714999988,0.15703716500000908,0,0,0,0,0,0
1004,8,764,377,30.4809137265,-31.533062731999998,180.5,0,0,-11.463713044999988,0.15703716500000908,0,0,0,0,0,0
1004,8,767,380,29.3188387055,-31.533062731999998,180.5,0,0,-11.149638715000005,0.0,0,0,0,0,0,0
1004,8,770,383,28.250985983499998,-31.533062731999998,180.5,0,0,-10.835564385000005,0.0,0,0,0,0,0,0
1004,8,773,386,27.1517258285,-31.533062731999998,180.5,0,0,-11.149638714999988,0.0,0,0,0,0,0,0
1004,8,776,389,26.0210582405,-31.533062731999998,180.5,0,0,-11.306675879999997,-0.15703716500000908,0,0,0,0,0,0
1004,8,779,392,24.8903906525,-31.564470165,180.5,0,0,-10.992601550000014,-0.15703716500000908,0,0,0,0,0,0
1004,8,782,395,23.822537930499998,-31.564470165,180.5,0,0,-10.992601549999996,0.0,0,0,0,0,0,0
1004,8,785,398,22.6918703425,-31.564470165,180.5,0,0,-11.149638714999988,-0.3140743300000004,0,0,0,0,0,0
1004,8,788,401,21.5926101875,-31.627285031,180.5,0,0,-11.149638715000005,-0.3140743300000004,0,0,0,0,0,0
1004,8,791,404,20.4619425995,-31.627285031,180.5,0,0,-10.835564385000005,0.0,0,0,0,0,0,0
1004,8,794,407,19.4254973105,-31.627285031,180.5,0,0,-11.306675879999997,0.0,0,0,0,0,0,0
1004,8,797,410,18.2006074235,-31.627285031,180.5,0,0,-11.463713045000006,-0.15703716499999132,0,0,0,0,0,0
1004,8,800,413,17.132754701499998,-31.658692463999998,180.5,0,0,-10.992601549999996,-0.4711114949999917,0,0,0,0,0,0
1004,8,803,416,16.0020871135,-31.721507329999998,180.5,0,0,-11.306675879999997,-0.3140743300000004,0,0,0,0,0,0
1004,8,806,419,14.871419525499999,-31.721507329999998,180.5,0,0,-11.149638715000005,-0.15703716500000908,0,0,0,0,0,0
1004,8,809,422,13.772159370499999,-31.752914763,180.5,0,0,-11.149638714999996,-0.3140743300000004,0,0,0,0,0,0
1004,8,812,425,12.6414917825,-31.784322195999998,180.5,0,0,-11.306675879999997,-0.15703716499999132,0,0,0,0,0,0
1004,8,815,428,11.5108241945,-31.784322195999998,180.5,0,0,-11.306675879999997,-0.3140743300000004,0,0,0,0,0,0
1004,8,818,431,10.3801566065,-31.847137061999998,180.5,0,0,-11.306675879999997,-0.6281486600000008,0,0,0,0,0,0
1004,8,821,434,9.2494890185,-31.909951927999998,180.5,0,0,-11.463713045000006,-0.3140743300000004,0,0,0,0,0,0
1004,8,824,437,8.087413997499999,-31.909951927999998,180.5,0,0,-11.777787375000003,-0.15703716500000908,0,0,0,0,0,0
1004,8,827,440,6.8939315435,-31.941359361,180.5,0,0,-11.463713044999997,-0.3140743300000004,0,0,0,0,0,0
1004,8,830,443,5.794671388499999,-31.972766793999998,180.5,0,0,-11.463713045000002,-0.3140743300000004,0,0,0,0,0,0
1004,8,833,446,4.6011889345,-32.004174227,180.5,0,0,-11.934824539999997,-0.15703716500000908,0,0,0,0,0,0
1004,8,836,449,3.4077064805,-32.004174227,180.5,0,0,-11.934824539999997,0.0,0,0,0,0,0,0
1004,5,420,0,117.90350348199999,-27.66209661475,181.5,0,0,-15.23260500500001,-0.7066672424999965,0,0,0,0,0,0
1004,5,423,3,116.38024298149999,-27.732763338999998,180.5,0,0,-14.840012092499961,-0.5103707862500073,0,0,0,0,0,0
1004,5,426,6,114.9355010635,-27.764170772,180.5,0,0,-14.761493509999966,-0.6281486600000008,0,0,0,0,0,0
1004,5,429,9,113.4279442795,-27.858393071,180.5,0,0,-14.918530675000028,-0.6281486600000008,0,0,0,0,0,0
1004,5,432,12,111.9517949285,-27.889800504,180.5,0,0,-15.23260500500001,-0.4711114950000095,0,0,0,0,0,0
1004,5,435,15,110.3814232785,-27.95261537,180.5,0,0,-15.23260500500001,-0.7851858249999921,0,0,0,0,0,0
1004,5,438,18,108.90527392749999,-28.046837669,180.5,0,0,-15.07556784000002,-0.6281486600000008,0,0,0,0,0,0
1004,5,441,21,107.36630971049999,-28.078245102,180.5,0,0,-14.761493509999966,-0.4711114950000095,0,0,0,0,0,0
1004,5,444,24,105.9529752255,-28.141059968,180.5,0,0,-14.604456344999974,-0.4711114949999917,0,0,0,0,0,0
1004,5,447,27,104.4454184415,-28.172467401,180.5,0,0,-15.389642170000002,-0.4711114949999917,0,0,0,0,0,0
1004,5,450,30,102.8750467915,-28.235282267,180.5,0,0,-15.389642170000002,-0.4711114949999917,0,0,0,0,0,0
1004,5,453,33,101.3674900075,-28.266689699999997,180.5,0,0,-14.918530675000028,-0.15703716499999132,0,0,0,0,0,0
1004,5,456,36,99.89134065649999,-28.266689699999997,180.5,0,0,-14.918530675000028,0.0,0,0,0,0,0,0
1004,5,459,39,98.38378387249999,-28.266689699999997,180.5,0,0,-15.389642170000002,0.0,0,0,0,0,0,0
1004,5,462,42,96.81341222249999,-28.266689699999997,180.5,0,0,-15.703716499999985,-0.15703716500000908,0,0,0,0,0,0
1004,5,465,45,95.24304057249999,-28.298097133,180.5,0,0,-15.703716499999985,-0.15703716500000908,0,0,0,0,0,0
1004,5,468,48,93.6726689225,-28.298097133,180.5,0,0,-15.703716499999985,0.0,0,0,0,0,0,0
1004,5,471,51,92.1022972725,-28.298097133,179.5,0,0,-15.625197917499989,0.0,0,0,0,0,0,0
1004,5,474,54,90.547629339,-28.298097133,181.0,0,0,-15.625197917499989,0.0,0,0,0,0,0,0
1004,5,477,57,88.977257689,-28.298097133,181.0,0,0,-15.703716499999985,0.0,0,0,0,0,0,0
1004,5,480,60,87.406886039,-28.298097133,181.0,0,0,-15.860753665000047,0.0,0,0,0,0,0,0
1004,5,483,63,85.80510695599999,-28.298097133,181.0,0,0,-16.01779083000004,-0.15703716499999132,0,0,0,0,0,0
1004,5,486,66,84.20332787299999,-28.329504565999997,181.0,0,0,-15.703716499999985,-0.3140743300000004,0,0,0,0,0,0
1004,5,489,69,82.66436365599999,-28.360911999,181.0,0,0,-15.546679334999993,-0.15703716500000908,0,0,0,0,0,0
1004,5,492,72,81.093992006,-28.360911999,181.0,0,0,-16.017790829999967,0.0,0,0,0,0,0,0
1004,5,495,75,79.46080549,-28.360911999,181.0,0,0,-16.017790829999967,0.0,0,0,0,0,0,0
1004,5,498,78,77.89043384,-28.360911999,181.0,0,0,-13.03408469499999,0.15703716500000908,0,0,0,0,0,0
1004,5,500,80,76.853988551,-28.329504565999997,181.0,0,0,-13.03408469499999,0.0,0,0,0,0,0,0
1004,5,503,83,75.283616901,-28.360911999,181.0,0,0,-16.01779083000004,-0.3140743300000004,0,0,0,0,0,0
1004,5,506,86,73.65043038499999,-28.392319431999997,181.0,0,0,-15.703716500000056,-0.3140743300000004,0,0,0,0,0,0
1004,5,509,89,72.14287360099999,-28.423726865,181.0,0,0,-14.918530674999957,-0.4711114950000095,0,0,0,0,0,0
1004,5,512,92,70.66672425,-28.486541731,181.0,0,0,-15.23260500499994,-0.3140743300000004,0,0,0,0,0,0
1004,5,515,95,69.0963526,-28.486541731,181.0,0,0,-15.625197917499989,-0.27481503875000257,0,0,0,0,0,0
1004,5,518,98,67.5416846665,-28.54150473875,181.0,0,0,-15.62519791750006,-0.39259291249999606,0,0,0,0,0,0
1004,5,521,101,65.97131301649999,-28.5650603135,182.5,0,0,-15.389642170000002,-0.4318522037499939,0,0,0,0,0,0
1004,5,524,104,64.4637562325,-28.6278751795,182.5,0,0,-14.918530674999957,-0.4711114950000095,0,0,0,0,0,0
1004,5,527,107,62.9876068815,-28.6592826125,182.5,0,0,-15.07556784000002,-1.177778737500006,0,0,0,0,0,0
1004,5,530,110,61.4486426645,-28.863430927,180.5,0,0,-14.918530675000028,-0.9422229899999834,0,0,0,0,0,0
1004,5,533,113,60.003900746499994,-28.847727210499997,182.5,0,0,-14.447419180000018,-0.39259291249999606,0,0,0,0,0,0
1004,5,536,116,58.559158828499996,-28.9419495095,182.5,0,0,-14.918530674999992,-1.0992601550000103,0,0,0,0,0,0
1004,5,539,119,57.020194611499996,-29.0675792415,182.5,0,0,-15.232605004999975,-1.0992601549999925,0,0,0,0,0,0
1004,5,542,122,55.5126378275,-29.161801540499997,182.5,0,0,-14.447419179999983,-1.0207415724999969,0,0,0,0,0,0
1004,5,545,125,54.1307107755,-29.271727556,183.0,0,0,-13.819270520000018,-1.177778737500006,0,0,0,0,0,0
1004,5,548,128,52.7487837235,-29.397357288,183.0,0,0,-13.66223335499999,-1.570371650000002,0,0,0,0,0,0
1004,5,551,131,51.3982641045,-29.585801886,183.0,0,0,-13.819270519999982,-1.413334484999993,0,0,0,0,0,0
1004,5,554,134,49.9849296195,-29.680024184999997,183.5,0,0,-14.13334485,-1.2562973200000016,0,0,0,0,0,0
1004,5,557,137,48.5715951345,-29.83706135,183.5,0,0,-13.662233355000026,-1.2562973200000016,0,0,0,0,0,0
1004,5,560,140,47.252482948499996,-29.931283648999997,183.5,0,0,-13.269640442500013,-1.2562973200000016,0,0,0,0,0,0
1004,5,563,143,45.917667046,-30.088320814,185.0,0,0,-13.191121859999981,-1.4133344850000107,0,0,0,0,0,0
1004,5,566,146,44.6142585765,-30.213950546,183.5,0,0,-13.426677607500004,-1.413334484999993,0,0,0,0,0,0
1004,5,569,149,43.2323315245,-30.370987710999998,183.5,0,0,-13.191121860000017,-1.0992601549999925,0,0,0,0,0,0
1004,5,572,152,41.976034204499996,-30.433802576999998,183.5,0,0,-12.40593603499999,-0.9422229900000012,0,0,0,0,0,0
1004,5,575,155,40.7511443175,-30.559432308999998,180.5,0,0,-12.877047529999999,-1.177778737500006,0,0,0,0,0,0
1004,5,578,158,39.400624698499996,-30.6693583245,184.0,0,0,-12.68075107375001,-1.177778737500006,0,0,0,0,0,0
1004,5,581,161,38.21499410275,-30.7949880565,181.5,0,0,-12.327417452499994,-1.0207415724999969,0,0,0,0,0,0
1004,5,584,164,36.935141208,-30.873506639,183.5,0,0,-11.73852808374999,-1.0207415724999969,0,0,0,0,0,0
1004,5,587,167,35.867288486,-30.999136371,183.5,0,0,-10.992601549999996,-1.0992601549999925,0,0,0,0,0,0
1004,5,590,170,34.736620898,-31.093358669999997,183.5,0,0,-11.463713045000006,-1.0992601549999925,0,0,0,0,0,0
1004,5,593,173,33.574545877,-31.218988401999997,183.5,0,0,-11.463713045000006,-1.0992601550000103,0,0,0,0,0,0
1004,5,596,176,32.443878289,-31.313210701,183.5,0,0,-10.364452889999995,-0.7851858250000099,0,0,0,0,0,0
1004,5,599,179,31.501655299,-31.376025567,183.5,0,0,-10.678527219999996,-0.9422229900000012,0,0,0,0,0,0
1004,5,602,182,30.308172844999998,-31.501655299,183.5,0,0,-11.463713045000006,-0.9422229900000012,0,0,0,0,0,0
1004,5,605,185,29.20891269,-31.564470165,183.5,0,0,-10.992601549999996,-0.9422229900000012,0,0,0,0,0,0
1004,5,608,188,28.109652535,-31.690099897,183.5,0,0,-10.992601549999996,-1.0992601549999925,0,0,0,0,0,0
1004,5,611,191,27.01039238,-31.784322195999998,183.5,0,0,-10.835564385000005,-0.7851858249999921,0,0,0,0,0,0
1004,5,614,194,25.942539657999998,-31.847137061999998,183.5,0,0,-10.521490055000005,-0.6281486600000008,0,0,0,0,0,0
1004,5,617,197,24.906094368999998,-31.909951927999998,183.5,0,0,-10.364452889999995,-0.7851858250000099,0,0,0,0,0,0
1004,5,620,200,23.86964908,-32.004174227,183.5,0,0,-10.835564384999987,-1.0992601550000103,0,0,0,0,0,0
1004,5,623,203,22.738981492,-32.129803959,183.5,0,0,-10.521490055000005,-0.9422229899999834,0,0,0,0,0,0
1004,5,626,206,21.765351068999998,-32.192618825,183.5,0,0,-10.364452890000013,-0.6281486600000008,0,0,0,0,0,0
1004,5,629,209,20.666090913999998,-32.255433691,183.5,0,0,-10.521490054999987,-0.6281486600000008,0,0,0,0,0,0
1004,5,632,212,19.661053058,-32.318248557,183.5,0,0,-10.442971472499991,-0.6281486600000008,0,0,0,0,0,0
1004,5,635,215,18.5774966195,-32.381063423,182.0,0,0,-10.6000086375,-0.7851858249999921,0,0,0,0,0,0
1004,5,638,218,17.5410513305,-32.475285721999995,182.0,0,0,-10.678527219999996,-0.7851858249999921,0,0,0,0,0,0
1004,5,641,221,16.4417911755,-32.538100588,182.0,0,0,-10.678527220000005,-0.4711114950000095,0,0,0,0,0,0
1004,5,644,224,15.4053458865,-32.569508021,182.0,0,0,-10.050378560000004,-0.31407432999998264,0,0,0,0,0,0
1004,5,647,227,14.4317154635,-32.600915453999995,182.0,0,0,-9.736304230000004,-0.31407433000001816,0,0,0,0,0,0
1004,5,650,230,13.458085040499999,-32.632322887,182.0,0,0,-10.050378560000004,-0.31407433000001816,0,0,0,0,0,0
1004,5,653,233,12.421639751499999,-32.66373032,182.0,0,0,-10.050378559999995,-0.15703716499999132,0,0,0,0,0,0
1004,5,656,236,11.4480093285,-32.66373032,182.0,0,0,-9.736304229999995,-0.15703716499999132,0,0,0,0,0,0
1004,5,659,239,10.4743789055,-32.695137753,182.0,0,0,-10.521490054999996,-0.4711114950000095,0,0,0,0,0,0
1004,5,662,242,9.3437113175,-32.757952619,182.0,0,0,-11.149638715000005,-0.31407433000001816,0,0,0,0,0,0
1004,5,665,245,8.244451162499999,-32.757952619,181.0,0,0,-10.835564385000005,0.15703716500002685,0,0,0,0,0,0
1004,5,668,248,7.176598440499999,-32.726545185999996,181.0,0,0,-10.521490054999996,-0.15703716499999132,0,0,0,0,0,0
1004,5,671,251,6.1401531515,-32.789360052,181.0,0,0,-10.207415725,-0.31407433000001816,0,0,0,0,0,0
1004,5,674,254,5.1351152954999995,-32.789360052,181.0,0,0,-10.67852722,-0.15703716499999132,0,0,0,0,0,0
1004,5,677,257,4.0044477075,-32.820767485,181.0,0,0,-11.306675879999998,0.0,0,0,0,0,0,0
1004,5,680,260,2.8737801194999997,-32.789360052,181.0,0,0,-10.521490054999997,0.31407432999998264,0,0,0,0,0,0
1004,5,683,263,1.9001496965,-32.757952619,181.0,0,0,-9.736304229999996,0.31407432999998264,0,0,0,0,0,0
1004,10,548,0,117.38528083749999,-29.962691082,181.5,0,0,-3.7688919599999338,-0.6281486600000008,0,0,0,0,0,0
1004,10,551,3,117.0083916415,-30.025505948,181.5,0,0,-4.711114949999953,-0.4711114949999917,0,0,0,0,0,0
1004,10,554,6,116.4430578475,-30.056913380999998,181.5,0,0,-4.868152115000015,-0.15703716499999132,0,0,0,0,0,0
1004,10,557,9,116.0347612185,-30.056913380999998,181.5,0,0,-4.397040620000041,-0.15703716500000908,0,0,0,0,0,0
1004,10,560,12,115.56364972349999,-30.088320814,181.5,0,0,-4.0829662899999875,-0.15703716500000908,0,0,0,0,0,0
1004,10,563,15,115.2181679605,-30.088320814,181.5,0,0,-4.868152115000015,0.0,0,0,0,0,0,0
1004,10,566,18,114.59001930049999,-30.088320814,181.5,0,0,-6.281486600000008,0.0,0,0,0,0,0,0
1004,10,569,21,113.9618706405,-30.088320814,181.5,0,0,-4.711114949999953,-0.15703716499999132,0,0,0,0,0,0
1004,10,572,24,113.6477963105,-30.119728246999998,181.5,0,0,-4.711114950000024,-0.3140743300000004,0,0,0,0,0,0
1004,10,575,27,113.01964765049999,-30.15113568,181.5,0,0,-6.281486600000008,-0.15703716500000908,0,0,0,0,0,0
1004,10,578,30,112.3914989905,-30.15113568,181.5,0,0,-6.281486600000008,0.0,0,0,0,0,0,0
1004,10,581,33,111.76335033049999,-30.15113568,181.5,0,0,-5.182226444999998,0.0,0,0,0,0,0,0
1004,10,584,36,111.3550537015,-30.15113568,181.5,0,0,-5.182226444999998,0.0,0,0,0,0,0,0
1004,10,587,39,110.72690504149999,-30.15113568,181.5,0,0,-6.595560929999991,0.0,0,0,0,0,0,0
1004,10,590,42,110.0359415155,-30.15113568,181.5,0,0,-6.595560929999991,-0.4711114949999917,0,0,0,0,0,0
1004,10,593,45,109.40779285549999,-30.245357978999998,181.5,0,0,-6.281486600000008,-0.4711114949999917,0,0,0,0,0,0
1004,10,596,48,108.7796441955,-30.245357978999998,181.5,0,0,-6.909635259999973,0.0,0,0,0,0,0,0
1004,10,599,51,108.0258658035,-30.245357978999998,181.5,0,0,-6.752598094999982,0.0,0,0,0,0,0,0
1004,10,602,54,107.4291245765,-30.245357978999998,181.5,0,0,-6.438523764999999,-0.15703716500000908,0,0,0,0,0,0
1004,10,605,57,106.7381610505,-30.276765412,181.5,0,0,-7.223709590000027,-0.3140743300000004,0,0,0,0,0,0
1004,10,608,60,105.9843826585,-30.308172844999998,181.5,0,0,-6.909635260000044,-0.3140743300000004,0,0,0,0,0,0
1004,10,611,63,105.35623399849999,-30.339580278,181.5,0,0,-6.909635259999973,-0.4711114950000095,0,0,0,0,0,0
1004,10,614,66,104.6024556065,-30.402395144,181.5,0,0,-7.69482108499993,-0.3140743300000004,0,0,0,0,0,0
1004,10,617,69,103.8172697815,-30.402395144,181.5,0,0,-8.165932580000046,-0.15703716499999132,0,0,0,0,0,0
1004,10,620,72,102.96926909049999,-30.433802576999998,181.5,0,0,-8.008895415000055,-0.15703716499999132,0,0,0,0,0,0
1004,10,623,75,102.21549069849999,-30.433802576999998,181.5,0,0,-7.380746755000018,0.0,0,0,0,0,0,0
1004,10,626,78,101.49311973949999,-30.433802576999998,181.5,0,0,-8.322969744999966,-0.15703716500000908,0,0,0,0,0,0
1004,10,629,81,100.5508967495,-30.46521001,181.5,0,0,-9.108155569999994,-0.3140743300000004,0,0,0,0,0,0
1004,10,632,84,99.67148862549999,-30.496617442999998,181.5,0,0,-8.480006910000029,-0.15703716499999132,0,0,0,0,0,0
1004,10,635,87,98.85489536749999,-30.496617442999998,181.5,0,0,-8.79408123999994,0.0,0,0,0,0,0,0
1004,10,638,90,97.9126723775,-30.496617442999998,181.5,0,0,-9.422229899999977,0.0,0,0,0,0,0,0
1004,10,641,93,96.9704493875,-30.496617442999998,181.5,0,0,-8.951118405000003,-0.15703716500000908,0,0,0,0,0,0
1004,10,644,96,96.1224486965,-30.528024876,181.5,0,0,-8.951118405000003,-0.4711114950000095,0,0,0,0,0,0
1004,10,647,99,95.1802257065,-30.590839742,181.5,0,0,-8.951118405000003,-0.3140743300000004,0,0,0,0,0,0
1004,10,650,102,94.3322250155,-30.590839742,181.5,0,0,-8.951118405000003,0.0,0,0,0,0,0,0
1004,10,653,105,93.3900020255,-30.590839742,181.5,0,0,-9.422229900000048,-0.15703716499999132,0,0,0,0,0,0
1004,10,656,108,92.44777903549999,-30.622247175,181.5,0,0,-9.422229899999977,-0.3140743300000004,0,0,0,0,0,0
1004,10,659,111,91.5055560455,-30.653654608,181.5,0,0,-10.207415725000004,-0.3140743300000004,0,0,0,0,0,0
1004,10,662,114,90.40629589049999,-30.685062041,181.5,0,0,-10.207415725000004,-0.3140743300000004,0,0,0,0,0,0
1004,10,665,117,89.4640729005,-30.716469474,181.5,0,0,-10.050378559999942,-0.15703716500000908,0,0,0,0,0,0
1004,10,668,120,88.3962201785,-30.716469474,181.5,0,0,-10.364452889999995,0.0,0,0,0,0,0,0
1004,10,671,123,87.3911823225,-30.716469474,181.5,0,0,-10.83556438500004,0.0,0,0,0,0,0,0
1004,10,674,126,86.2291073015,-30.716469474,181.5,0,0,-11.306675880000014,-0.15703716499999132,0,0,0,0,0,0
1004,10,677,129,85.1298471465,-30.747876907,181.5,0,0,-10.678527219999978,-0.3140743300000004,0,0,0,0,0,0
1004,10,680,132,84.0934018575,-30.77928434,181.5,0,0,-11.149638715000023,-0.15703716500000908,0,0,0,0,0,0
1004,10,683,135,82.8999194035,-30.77928434,181.5,0,0,-11.149638715000023,0.0,0,0,0,0,0,0
1004,10,686,138,81.8634741145,-30.77928434,181.5,0,0,-10.99260154999996,-0.31407432999998264,0,0,0,0,0,0
1004,10,689,141,80.7013990935,-30.842099205999997,181.5,0,0,-11.306675880000014,-0.4711114949999917,0,0,0,0,0,0
1004,10,692,144,79.60213893849999,-30.873506639,181.5,0,0,-11.306675880000014,-0.15703716500000908,0,0,0,0,0,0
1004,10,695,147,78.4400639175,-30.873506639,181.5,0,0,-11.777787374999988,-0.15703716499999132,0,0,0,0,0,0
1004,10,698,150,77.2465814635,-30.904914071999997,181.5,0,0,-11.620750209999997,-0.15703716499999132,0,0,0,0,0,0
1004,10,701,153,76.1159138755,-30.904914071999997,181.5,0,0,-11.149638714999952,0.0,0,0,0,0,0,0
1004,10,704,156,75.0166537205,-30.904914071999997,181.5,0,0,-11.777787374999988,0.0,0,0,0,0,0,0
1004,10,707,159,73.7603564005,-30.904914071999997,181.5,0,0,-11.77778737500006,0.0,0,0,0,0,0,0
1004,10,710,162,72.66109624549999,-30.904914071999997,181.5,0,0,-11.463713045000006,-0.3140743300000004,0,0,0,0,0,0
1004,10,713,165,71.4676137915,-30.967728937999997,181.5,0,0,-11.93482453999998,-0.4711114950000095,0,0,0,0,0,0
1004,10,716,168,70.2741313375,-30.999136371,181.5,0,0,-11.620750209999997,-0.3140743300000004,0,0,0,0,0,0
1004,10,719,171,69.1434637495,-31.030543803999997,181.5,0,0,-11.620750209999997,-0.15703716499999132,0,0,0,0,0,0
1004,10,722,174,67.9499812955,-31.030543803999997,181.5,0,0,-11.620750209999997,0.15703716499999132,0,0,0,0,0,0
1004,10,725,177,66.8193137075,-30.999136371,181.5,0,0,-11.306675880000014,0.0,0,0,0,0,0,0
1004,10,728,180,65.68864611949999,-31.030543803999997,181.5,0,0,-11.620750209999997,-0.3140743300000004,0,0,0,0,0,0
1004,10,731,183,64.4951636655,-31.061951237,181.5,0,0,-11.620750209999962,-0.15703716500000908,0,0,0,0,0,0
1004,10,734,186,63.3644960775,-31.061951237,181.5,0,0,-11.306675880000014,-0.15703716499999132,0,0,0,0,0,0
1004,10,737,189,62.2338284895,-31.093358669999997,181.5,0,0,-11.149638715000023,-0.3140743300000004,0,0,0,0,0,0
1004,10,740,192,61.134568334499996,-31.124766103,181.5,0,0,-11.149638715000023,-0.3140743300000004,0,0,0,0,0,0
1004,10,743,195,60.003900746499994,-31.156173535999997,181.5,0,0,-11.463713045000006,-0.15703716499999132,0,0,0,0,0,0
1004,10,746,198,58.841825725499994,-31.156173535999997,181.5,0,0,-11.149638714999988,-0.15703716500000908,0,0,0,0,0,0
1004,10,749,201,57.7739730035,-31.187580969,181.5,0,0,-11.149638714999988,-0.3140743300000004,0,0,0,0,0,0
1004,10,752,204,56.6118979825,-31.218988401999997,181.5,0,0,-11.463713045000006,-0.4711114949999917,0,0,0,0,0,0
1004,10,755,207,55.481230394499995,-31.281803267999997,181.5,0,0,-10.835564385000005,-0.3140743300000004,0,0,0,0,0,0
1004,10,758,210,54.444785105499996,-31.281803267999997,181.5,0,0,-10.678527219999978,0.0,0,0,0,0,0,0
1004,10,761,213,53.3455249505,-31.281803267999997,181.5,0,0,-11.149638714999988,-0.15703716500000908,0,0,0,0,0,0
1004,10,764,216,52.2148573625,-31.313210701,181.5,0,0,-10.992601549999996,-0.15703716500000908,0,0,0,0,0,0
1004,10,767,219,51.1470046405,-31.313210701,181.5,0,0,-11.149638714999988,0.15703716500000908,0,0,0,0,0,0
1004,10,770,222,49.9849296195,-31.281803267999997,181.5,0,0,-11.306675880000014,0.0,0,0,0,0,0,0
1004,10,773,225,48.8856694645,-31.313210701,181.5,0,0,-11.149638715000023,-0.3140743300000004,0,0,0,0,0,0
1004,10,776,228,47.755001876499996,-31.344618133999997,181.5,0,0,-10.835564385000005,-0.3140743300000004,0,0,0,0,0,0
1004,10,779,231,46.7185565875,-31.376025567,181.5,0,0,-10.992601549999996,-0.15703716500000908,0,0,0,0,0,0
1004,10,782,234,45.5564815665,-31.376025567,181.5,0,0,-11.620750209999997,0.0,0,0,0,0,0,0
1004,10,785,237,44.3944065455,-31.376025567,181.5,0,0,-11.463713045000006,0.0,0,0,0,0,0,0
1004,10,788,240,43.263738957499996,-31.376025567,181.5,0,0,-11.463713045000006,0.0,0,0,0,0,0,0
1004,10,791,243,42.101663936499996,-31.376025567,181.5,0,0,-11.777787374999988,-0.15703716499999132,0,0,0,0,0,0
1004,10,794,246,40.9081814825,-31.407432999999997,181.5,0,0,-11.777787374999988,-0.15703716499999132,0,0,0,0,0,0
1004,10,797,249,39.7461064615,-31.407432999999997,181.5,0,0,-12.091861705000007,0.0,0,0,0,0,0,0
1004,10,800,252,38.4898091415,-31.407432999999997,181.5,0,0,-12.40593603499999,-0.15703716500000908,0,0,0,0,0,0
1004,10,803,255,37.2649192545,-31.438840433,181.5,0,0,-12.248898869999998,-0.3140743300000004,0,0,0,0,0,0
1004,10,806,258,36.0400293675,-31.470247865999998,181.5,0,0,-11.934824540000015,0.0,0,0,0,0,0,0
1004,10,809,261,34.8779543465,-31.438840433,181.5,0,0,-12.091861705000007,0.15703716499999132,0,0,0,0,0,0
1004,10,812,264,33.621657026499996,-31.438840433,181.5,0,0,-12.56297319999998,0.0,0,0,0,0,0,0
1004,10,815,267,32.3653597065,-31.438840433,181.5,0,0,-12.56297319999998,0.0,0,0,0,0,0,0
1004,10,818,270,31.1090623865,-31.438840433,181.5,0,0,-12.562973200000016,0.0,0,0,0,0,0,0
1004,10,821,273,29.852765066499998,-31.438840433,181.5,0,0,-12.720010365000007,0.0,0,0,0,0,0,0
1004,10,824,276,28.5650603135,-31.438840433,181.5,0,0,-12.877047529999999,0.0,0,0,0,0,0,0
1004,10,827,279,27.2773555605,-31.438840433,181.5,0,0,-13.191121859999999,0.0,0,0,0,0,0,0
1004,10,830,282,25.9268359415,-31.438840433,181.5,0,0,-13.50519619,-0.15703716499999132,0,0,0,0,0,0
1004,10,833,285,24.5763163225,-31.470247865999998,181.5,0,0,-13.34815902499999,-0.15703716499999132,0,0,0,0,0,0
1004,10,836,288,23.2572041365,-31.470247865999998,181.5,0,0,-13.03408469499999,-0.15703716500000908,0,0,0,0,0,0
1004,10,839,291,21.9694993835,-31.501655299,181.5,0,0,-13.034084695000008,-0.4711114950000095,0,0,0,0,0,0
1004,10,842,294,20.6503871975,-31.564470165,181.5,0,0,-13.034084695000008,-0.4711114949999917,0,0,0,0,0,0
1004,10,845,297,19.3626824445,-31.595877597999998,181.5,0,0,-12.720010365000007,-0.15703716499999132,0,0,0,0,0,0
1004,10,848,300,18.106385124499997,-31.595877597999998,181.5,0,0,-12.562973199999998,-0.15703716500000908,0,0,0,0,0,0
1004,10,851,303,16.8500878045,-31.627285031,181.5,0,0,-12.248898869999989,-0.15703716500000908,0,0,0,0,0,0
1004,10,854,306,15.6566053505,-31.627285031,181.5,0,0,-12.091861704999998,0.0,0,0,0,0,0,0
1004,10,857,309,14.4317154635,-31.627285031,181.5,0,0,-12.405936034999998,-0.4711114949999917,0,0,0,0,0,0
1004,10,860,312,13.1754181435,-31.721507329999998,181.5,0,0,-12.091861704999998,-0.4711114949999917,0,0,0,0,0,0
1004,10,863,315,12.0133431225,-31.721507329999998,181.5,0,0,-11.463713045000006,-0.15703716500000908,0,0,0,0,0,0
1004,10,866,318,10.882675534499999,-31.752914763,181.5,0,0,-11.777787375000006,-0.3140743300000004,0,0,0,0,0,0
1004,10,869,321,9.657785647499999,-31.784322195999998,181.5,0,0,-12.248898869999998,-0.3140743300000004,0,0,0,0,0,0
1004,10,872,324,8.4328957605,-31.815729629,180.5,0,0,-11.699268792499996,-0.07851858249999566,0,0,0,0,0,0
1004,10,875,327,7.317931889,-31.800025912499997,180.5,0,0,-11.699268792499996,0.07851858250001342,0,0,0,0,0,0
1004,10,878,330,6.093042002,-31.800025912499997,180.5,0,0,-12.091861704999998,0.0,0,0,0,0,0,0
1004,10,881,333,4.899559548,-31.800025912499997,180.5,0,0,-11.934824539999997,0.0,0,0,0,0,0,0
1004,11,659,0,117.68365145099999,-30.276765412,180.5,0,0,-7.223709589999885,0.0,0,0,0,0,0,0
1004,11,662,3,116.961280492,-30.276765412,180.5,0,0,-7.380746754999947,0.0,0,0,0,0,0,0
1004,11,665,6,116.2075021,-30.276765412,180.5,0,0,-7.223709590000027,0.0,0,0,0,0,0,0
1004,11,668,9,115.516538574,-30.276765412,180.5,0,0,-7.223709590000027,0.0,0,0,0,0,0,0
1004,11,671,12,114.762760182,-30.276765412,180.5,0,0,-7.380746755000018,-0.15703716499999132,0,0,0,0,0,0
1004,11,674,15,114.04038922299999,-30.308172844999998,180.5,0,0,-7.53778392000001,0.0,0,0,0,0,0,0
1004,11,677,18,113.25520339799999,-30.276765412,180.5,0,0,-8.008895414999984,0.0,0,0,0,0,0,0
1004,11,680,21,112.43861014,-30.308172844999998,180.5,0,0,-8.322969744999966,-0.3140743300000004,0,0,0,0,0,0
1004,11,683,24,111.590609449,-30.339580278,180.5,0,0,-8.165932579999975,-0.15703716500000908,0,0,0,0,0,0
1004,11,686,27,110.805423624,-30.339580278,180.5,0,0,-8.322969745000037,-0.15703716499999132,0,0,0,0,0,0
1004,11,689,30,109.92601549999999,-30.370987710999998,180.5,0,0,-8.480006910000029,-0.15703716499999132,0,0,0,0,0,0
1004,11,692,33,109.109422242,-30.370987710999998,180.5,0,0,-8.637044074999949,0.0,0,0,0,0,0,0
1004,11,695,36,108.198606685,-30.370987710999998,180.5,0,0,-8.951118405000003,0.0,0,0,0,0,0,0
1004,11,698,39,107.319198561,-30.370987710999998,180.5,0,0,-8.794081240000011,0.0,0,0,0,0,0,0
1004,11,701,42,106.439790437,-30.370987710999998,180.5,0,0,-8.951118405000003,0.0,0,0,0,0,0,0
1004,11,704,45,105.52897487999999,-30.370987710999998,180.5,0,0,-9.108155569999994,0.0,0,0,0,0,0,0
1004,11,707,48,104.618159323,-30.370987710999998,180.5,0,0,-9.265192734999985,0.0,0,0,0,0,0,0
1004,11,710,51,103.675936333,-30.370987710999998,180.5,0,0,-9.422229900000048,-0.15703716500000908,0,0,0,0,0,0
1004,11,713,54,102.73371334299999,-30.402395144,180.5,0,0,-9.422229899999977,-0.15703716500000908,0,0,0,0,0,0
1004,11,716,57,101.791490353,-30.402395144,180.5,0,0,-9.422229899999977,0.0,0,0,0,0,0,0
1004,11,719,60,100.849267363,-30.402395144,180.5,0,0,-9.422229900000048,0.0,0,0,0,0,0,0
1004,11,722,63,99.90704437299999,-30.402395144,180.5,0,0,-9.893341395000022,0.0,0,0,0,0,0,0
1004,11,725,66,98.87059908399999,-30.402395144,180.5,0,0,-9.89334139499995,0.0,0,0,0,0,0,0
1004,11,728,69,97.928376094,-30.402395144,180.5,0,0,-9.73630422999996,0.0,0,0,0,0,0,0
1004,11,731,72,96.923338238,-30.402395144,180.5,0,0,-10.050378560000013,-0.15703716499999132,0,0,0,0,0,0
1004,11,734,75,95.918300382,-30.433802576999998,180.5,0,0,-9.73630423000003,-0.15703716499999132,0,0,0,0,0,0
1004,11,737,78,94.976077392,-30.433802576999998,180.5,0,0,-9.73630423000003,0.0,0,0,0,0,0,0
1004,11,740,81,93.97103953599999,-30.433802576999998,180.5,0,0,-10.364452889999995,-0.15703716500000908,0,0,0,0,0,0
1004,11,743,84,92.903186814,-30.46521001,180.5,0,0,-10.207415725000004,-0.15703716500000908,0,0,0,0,0,0
1004,11,746,87,91.92955639099999,-30.46521001,180.5,0,0,-10.050378560000013,0.0,0,0,0,0,0,0
1004,11,749,90,90.89311110199999,-30.46521001,180.5,0,0,-10.207415725000004,-0.15703716499999132,0,0,0,0,0,0
1004,11,752,93,89.88807324599999,-30.496617442999998,180.5,0,0,-10.364452889999995,-0.3140743300000004,0,0,0,0,0,0
1004,11,755,96,88.82022052399999,-30.528024876,180.5,0,0,-10.050378559999942,-0.15703716500000908,0,0,0,0,0,0
1004,11,758,99,87.877997534,-30.528024876,180.5,0,0,-9.89334139499995,0.0,0,0,0,0,0,0
1004,11,761,102,86.841552245,-30.528024876,180.5,0,0,-10.521490055000058,0.0,0,0,0,0,0,0
1004,11,764,105,85.77369952299999,-30.528024876,180.5,0,0,-10.364452890000067,-0.15703716499999132,0,0,0,0,0,0
1004,11,767,108,84.76866166699999,-30.559432308999998,180.5,0,0,-10.050378559999942,-0.15703716499999132,0,0,0,0,0,0
1004,11,770,111,83.763623811,-30.559432308999998,180.5,0,0,-10.521490054999987,-0.15703716500000908,0,0,0,0,0,0
1004,11,773,114,82.66436365599999,-30.590839742,180.5,0,0,-10.521490055000058,-0.3140743300000004,0,0,0,0,0,0
1004,11,776,117,81.65932579999999,-30.622247175,180.5,0,0,-10.678527219999978,-0.3140743300000004,0,0,0,0,0,0
1004,11,779,120,80.528658212,-30.653654608,180.5,0,0,-10.83556438499997,-0.3140743300000004,0,0,0,0,0,0
1004,11,782,123,79.492212923,-30.685062041,180.5,0,0,-10.364452889999995,-0.15703716499999132,0,0,0,0,0,0
1004,11,785,126,78.455767634,-30.685062041,180.5,0,0,-10.83556438499997,0.0,0,0,0,0,0,0
1004,11,788,129,77.325100046,-30.685062041,180.5,0,0,-10.992601550000032,0.0,0,0,0,0,0,0
1004,11,791,132,76.25724732399999,-30.685062041,180.5,0,0,-10.992601550000032,0.0,0,0,0,0,0,0
1004,11,794,135,75.126579736,-30.685062041,180.5,0,0,-11.306675879999943,0.0,0,0,0,0,0,0
1004,11,797,138,73.995912148,-30.685062041,180.5,0,0,-10.992601550000032,0.0,0,0,0,0,0,0
1004,11,800,141,72.92805942599999,-30.685062041,180.5,0,0,-11.463713045000006,0.0,0,0,0,0,0,0
1004,11,803,144,71.703169539,-30.685062041,180.5,0,0,-11.463713044999935,-0.3140743300000004,0,0,0,0,0,0
1004,11,806,147,70.635316817,-30.747876907,180.5,0,0,-10.83556438500004,-0.4711114950000095,0,0,0,0,0,0
1004,11,809,150,69.536056662,-30.77928434,180.5,0,0,-10.992601550000032,-0.15703716500000908,0,0,0,0,0,0
1004,11,812,153,68.436796507,-30.77928434,180.5,0,0,-11.777787374999988,0.0,0,0,0,0,0,0
1004,11,815,156,67.180499187,-30.77928434,180.5,0,0,-11.777787374999988,0.0,0,0,0,0,0,0
1004,11,818,159,66.081239032,-30.77928434,180.5,0,0,-11.777787374999988,0.0,0,0,0,0,0,0
1004,11,821,162,64.824941712,-30.77928434,180.5,0,0,-12.013343122500011,-0.07851858249999566,0,0,0,0,0,0
1004,11,824,165,63.6785704075,-30.7949880565,180.5,0,0,-11.58149091875,-0.23555574749998698,0,0,0,0,0,0
1004,11,827,168,62.50864352825,-30.826395489499998,180.5,0,0,-12.013343122500011,-0.39259291249999606,0,0,0,0,0,0
1004,11,830,171,61.275901782999995,-30.873506639,180.5,0,0,-12.445195326249987,-0.23555574750000474,0,0,0,0,0,0
1004,11,833,174,60.019604463,-30.873506639,180.5,0,0,-12.56297319999998,0.0,0,0,0,0,0,0
1004,11,836,177,58.763307143,-30.873506639,180.5,0,0,-12.562973200000016,0.0,0,0,0,0,0,0
1004,11,839,180,57.507009823,-30.873506639,180.5,0,0,-12.562973200000016,0.0,0,0,0,0,0,0
1004,11,842,183,56.250712502999995,-30.873506639,180.5,0,0,-12.562973200000016,-0.15703716499999132,0,0,0,0,0,0
1004,11,845,186,54.994415182999994,-30.904914071999997,180.5,0,0,-12.56297319999998,-0.3140743300000004,0,0,0,0,0,0
1004,11,848,189,53.738117863,-30.936321505,180.5,0,0,-12.56297319999998,-0.15703716500000908,0,0,0,0,0,0
1004,11,851,192,52.481820543,-30.936321505,180.5,0,0,-12.562973200000016,-0.15703716499999132,0,0,0,0,0,0
1004,11,854,195,51.225523222999996,-30.967728937999997,180.5,0,0,-12.562973200000016,-0.3140743300000004,0,0,0,0,0,0
1004,11,857,198,49.969225902999995,-30.999136371,180.5,0,0,-12.56297319999998,-0.3140743300000004,0,0,0,0,0,0
1004,11,860,201,48.712928583,-31.030543803999997,180.5,0,0,-12.56297319999998,-0.3140743300000004,0,0,0,0,0,0
1004,11,863,204,47.456631263,-31.061951237,180.5,0,0,-12.877047529999999,-0.3140743300000004,0,0,0,0,0,0
1004,11,866,207,46.137519077,-31.093358669999997,180.5,0,0,-13.191121860000017,-0.3140743300000004,0,0,0,0,0,0
1004,11,869,210,44.818406890999995,-31.124766103,180.5,0,0,-13.034084695000026,-0.15703716500000908,0,0,0,0,0,0
1004,11,872,213,43.530702137999995,-31.124766103,180.5,0,0,-12.877047529999999,-0.3140743300000004,0,0,0,0,0,0
1004,11,875,216,42.242997384999995,-31.187580969,180.5,0,0,-13.191121859999981,-0.4711114949999917,0,0,0,0,0,0
1004,11,878,219,40.892477766,-31.218988401999997,180.5,0,0,-13.50519619,-0.3140743300000004,0,0,0,0,0,0
1004,11,881,222,39.541958146999995,-31.250395835,180.5,0,0,-13.66223335499999,-0.15703716500000908,0,0,0,0,0,0
1004,11,884,225,38.160031095,-31.250395835,180.5,0,0,-13.66223335499999,-0.15703716499999132,0,0,0,0,0,0
1004,11,887,228,36.809511476,-31.281803267999997,180.5,0,0,-13.348159025000008,-0.15703716499999132,0,0,0,0,0,0
1004,11,890,231,35.49039929,-31.281803267999997,180.5,0,0,-13.191121859999981,-0.4711114950000095,0,0,0,0,0,0
1004,11,893,234,34.171287104,-31.376025567,180.5,0,0,-13.819270520000018,-0.6281486600000008,0,0,0,0,0,0
1004,11,896,237,32.726545185999996,-31.407432999999997,180.5,0,0,-14.29038201500001,-0.15703716499999132,0,0,0,0,0,0
1004,11,899,240,31.313210701,-31.407432999999997,180.5,0,0,-14.133344849999983,-0.15703716500000908,0,0,0,0,0,0
1004,11,902,243,29.899876216,-31.438840433,180.5,0,0,-14.13334485,-0.3140743300000004,0,0,0,0,0,0
1004,11,905,246,28.486541731,-31.470247865999998,180.5,0,0,-14.13334485,-0.3140743300000004,0,0,0,0,0,0
1004,11,908,249,27.073207246,-31.501655299,180.5,0,0,-14.13334485,-0.15703716500000908,0,0,0,0,0,0
1004,11,911,252,25.659872761,-31.501655299,180.5,0,0,-14.60445634500001,-0.15703716499999132,0,0,0,0,0,0
1004,11,914,255,24.152315976999997,-31.533062731999998,180.5,0,0,-14.44741918,-0.4711114949999917,0,0,0,0,0,0
1004,11,917,258,22.770388925,-31.595877597999998,180.5,0,0,-14.133344849999983,-0.3140743300000004,0,0,0,0,0,0
1004,11,920,261,21.325647007,-31.595877597999998,180.5,0,0,-14.44741918,-0.3140743300000004,0,0,0,0,0,0
1004,11,923,264,19.880905089,-31.658692463999998,180.5,0,0,-14.29038201500001,-0.6281486600000008,0,0,0,0,0,0
1004,11,926,267,18.467570604,-31.721507329999998,180.5,0,0,-14.44741918,-0.3140743300000004,0,0,0,0,0,0
1004,11,929,270,16.991421253,-31.721507329999998,180.5,0,0,-14.604456345000001,0.0,0,0,0,0,0,0
1004,11,932,273,15.546679334999999,-31.721507329999998,180.5,0,0,-15.075567839999993,-0.7851858250000099,0,0,0,0,0,0
1004,11,935,276,13.976307685,-31.878544495,180.5,0,0,-14.761493509999992,-0.6281486600000008,0,0,0,0,0,0
1004,11,938,279,12.594380633,-31.847137061999998,180.5,0,0,-14.290382015,0.0,0,0,0,0,0,0
1004,11,941,282,11.118231282,-31.878544495,180.5,0,0,-14.761493510000001,-0.4711114950000095,0,0,0,0,0,0
1004,11,944,285,9.642081931,-31.941359361,180.5,0,0,-14.918530675000001,-0.3140743300000004,0,0,0,0,0,0
1004,11,947,288,8.134525147,-31.941359361,180.5,0,0,-14.761493510000001,-0.15703716499999132,0,0,0,0,0,0
1004,11,950,291,6.689783229,-31.972766793999998,180.5,0,0,-13.976307685,-0.15703716499999132,0,0,0,0,0,0
1004,11,953,294,5.33926361,-31.972766793999998,180.5,0,0,-13.976307685,-0.15703716500000908,0,0,0,0,0,0
1004,11,956,297,3.8945216919999996,-32.004174227,180.5,0,0,-14.13334485,-0.15703716500000908,0,0,0,0,0,0
1004,11,959,300,2.5125946399999997,-32.004174227,180.5,0,0,-13.81927052,0.0,0,0,0,0,0,0
1004,24,704,0,2.9051875524999997,-38.097216229,0.5,2.6068169389999998,5.527708208,8.794081240000002,0.0,0,0,0,0,0,0
1004,24,707,3,3.7845956765,-38.097216229,0.5,2.6068169389999998,5.527708208,8.79408124,0.0,0,0,0,0,0,0
1004,24,710,6,4.6640038005,-38.097216229,0.5,2.6068169389999998,5.527708208,8.637044074999999,0.15703716499999132,0,0,0,0,0,0
1004,24,713,9,5.5120044915,-38.065808796,0.5,2.6068169389999998,5.527708208,8.637044074999999,-0.15703716499999132,0,0,0,0,0,0
1004,24,716,12,6.391412615499999,-38.128623661999995,0.5,2.6068169389999998,5.527708208,8.794081239999997,0.15703716499999132,0,0,0,0,0,0
1004,24,719,15,7.2708207394999995,-38.034401363,0.5,2.6068169389999998,5.527708208,8.637044074999999,0.47111149499997396,0,0,0,0,0,0
1004,24,722,18,8.118821430499999,-38.034401363,0.5,2.6068169389999998,5.527708208,8.322969745000002,0.0,0,0,0,0,0,0
1004,24,725,21,8.9354146885,-38.034401363,0.5,2.6068169389999998,5.527708208,8.637044075000002,0.15703716500002685,0,0,0,0,0,0
1004,24,728,24,9.8462302455,-38.002993929999995,0.5,2.6068169389999998,5.527708208,8.794081240000002,0.15703716500002685,0,0,0,0,0,0
1004,24,731,27,10.6942309365,-38.002993929999995,0.5,2.6068169389999998,5.527708208,8.637044075000002,0.0,0,0,0,0,0,0
1004,24,734,30,11.5736390605,-38.002993929999995,0.5,2.6068169389999998,5.527708208,8.794081239999993,0.0,0,0,0,0,0,0
1004,24,737,33,12.453047184499999,-38.002993929999995,0.5,2.6068169389999998,5.527708208,8.794081240000002,0.0,0,0,0,0,0,0
1004,24,740,36,13.3324553085,-38.002993929999995,0.5,2.6068169389999998,5.527708208,9.108155570000003,-0.15703716500002685,0,0,0,0,0,0
1004,24,743,39,14.2746782985,-38.034401363,0.5,2.6068169389999998,5.527708208,8.794081239999993,-0.15703716500002685,0,0,0,0,0,0
1004,24,746,42,15.091271556499999,-38.034401363,0.5,2.6068169389999998,5.527708208,8.480006910000002,-0.15703716499999132,0,0,0,0,0,0
1004,24,749,45,15.9706796805,-38.065808796,0.5,2.6068169389999998,5.527708208,9.265192734999994,-0.31407432999998264,0,0,0,0,0,0
1004,24,752,48,16.944310103499998,-38.097216229,0.5,2.6068169389999998,5.527708208,9.422229900000003,0.0,0,0,0,0,0,0
1004,24,755,51,17.8551256605,-38.065808796,0.5,2.6068169389999998,5.527708208,9.422229900000012,0.15703716499999132,0,0,0,0,0,0
1004,24,758,54,18.8287560835,-38.065808796,0.5,2.6068169389999998,5.527708208,9.736304229999995,0.0,0,0,0,0,0,0
1004,24,761,57,19.8023865065,-38.065808796,0.5,2.6068169389999998,5.527708208,9.422229899999994,0.0,0,0,0,0,0,0
1004,24,764,60,20.7132020635,-38.065808796,0.5,2.6068169389999998,5.527708208,9.265192735000003,0.0,0,0,0,0,0,0
1004,24,767,63,21.6554250535,-38.065808796,0.5,2.6068169389999998,5.527708208,9.422229899999994,0.15703716499999132,0,0,0,0,0,0
1004,24,770,66,22.597648043499998,-38.034401363,0.5,2.6068169389999998,5.527708208,9.422229899999994,0.0,0,0,0,0,0,0
1004,24,773,69,23.5398710335,-38.065808796,0.5,2.6068169389999998,5.527708208,9.579267065000003,-0.15703716499999132,0,0,0,0,0,0
1004,24,776,72,24.5135014565,-38.065808796,0.5,2.6068169389999998,5.527708208,9.579267065000003,0.0,0,0,0,0,0,0
1004,24,779,75,25.4557244465,-38.065808796,0.5,2.6068169389999998,5.527708208,9.422229899999994,-0.15703716499999132,0,0,0,0,0,0
1004,24,782,78,26.397947436499997,-38.097216229,0.5,2.6068169389999998,5.527708208,9.422229899999994,0.0,0,0,0,0,0,0
1004,24,785,81,27.3401704265,-38.065808796,0.5,2.6068169389999998,5.527708208,9.422229900000012,0.0,0,0,0,0,0,0
1004,24,788,84,28.2823934165,-38.097216229,0.5,2.6068169389999998,5.527708208,9.265192735000003,-0.31407432999998264,0,0,0,0,0,0
1004,24,791,87,29.1932089735,-38.128623661999995,0.5,2.6068169389999998,5.527708208,9.265192735000003,-0.15703716499999132,0,0,0,0,0,0
1004,24,794,90,30.1354319635,-38.128623661999995,0.5,2.6068169389999998,5.527708208,9.108155569999994,0.0,0,0,0,0,0,0
1004,24,797,93,31.014840087499998,-38.128623661999995,0.5,2.6068169389999998,5.527708208,8.794081239999993,0.0,0,0,0,0,0,0
1004,24,800,96,31.8942482115,-38.128623661999995,0.5,2.6068169389999998,5.527708208,8.951118405000003,0.0,0,0,0,0,0,0
1004,24,803,99,32.8050637685,-38.128623661999995,0.5,2.6068169389999998,5.527708208,8.951118405000003,0.0,0,0,0,0,0,0
1004,24,806,102,33.6844718925,-38.128623661999995,0.5,2.6068169389999998,5.527708208,8.794081240000011,0.0,0,0,0,0,0,0
1004,24,809,105,34.5638800165,-38.128623661999995,0.5,2.6068169389999998,5.527708208,8.951118405000003,0.0,0,0,0,0,0,0
1004,24,812,108,35.4746955735,-38.128623661999995,0.5,2.6068169389999998,5.527708208,9.108155569999994,-0.15703716500002685,0,0,0,0,0,0
1004,24,815,111,36.3855111305,-38.160031095,0.5,2.6068169389999998,5.527708208,8.794081239999976,-0.31407433000001816,0,0,0,0,0,0
1004,24,818,114,37.233511821499995,-38.191438528,0.5,2.6068169389999998,5.527708208,8.794081240000011,-0.15703716499999132,0,0,0,0,0,0
1004,24,821,117,38.1443273785,-38.191438528,0.5,2.6068169389999998,5.527708208,8.794081240000011,0.0,0,0,0,0,0,0
1004,24,824,120,38.9923280695,-38.191438528,0.5,2.6068169389999998,5.527708208,8.951118404999967,0.0,0,0,0,0,0,0
1004,24,827,123,39.934551059499995,-38.191438528,0.5,2.6068169389999998,5.527708208,8.794081240000011,0.15703716499999132,0,0,0,0,0,0
1004,24,830,126,40.7511443175,-38.160031095,0.5,2.6068169389999998,5.527708208,8.63704407500002,0.15703716499999132,0,0,0,0,0,0
1004,24,833,129,41.6619598745,-38.160031095,0.5,2.6068169389999998,5.527708208,8.951118405000003,0.0,0,0,0,0,0,0
1004,24,836,132,42.5413679985,-38.160031095,0.5,2.6068169389999998,5.527708208,8.951118405000003,0.0,0,0,0,0,0,0
1004,24,839,135,43.4521835555,-38.160031095,0.5,2.6068169389999998,5.527708208,8.951118405000003,-0.15703716499999132,0,0,0,0,0,0
1004,24,842,138,44.3315916795,-38.191438528,0.5,2.6068169389999998,5.527708208,9.108155569999994,-0.15703716499999132,0,0,0,0,0,0
1004,24,845,141,45.2738146695,-38.191438528,0.5,2.6068169389999998,5.527708208,9.422229899999977,0.0,0,0,0,0,0,0
1004,24,848,144,46.216037659499996,-38.191438528,0.5,2.6068169389999998,5.527708208,9.422229900000012,0.0,0,0,0,0,0,0
1004,24,851,147,47.1582606495,-38.191438528,0.5,2.6068169389999998,5.527708208,9.422229900000012,0.0,0,0,0,0,0,0
1004,24,854,150,48.1004836395,-38.191438528,0.5,2.6068169389999998,5.527708208,9.422229899999977,0.0,0,0,0,0,0,0
1004,24,857,153,49.042706629499996,-38.191438528,0.5,2.6068169389999998,5.527708208,9.422229900000012,0.15703716499999132,0,0,0,0,0,0
1004,24,860,156,49.9849296195,-38.160031095,0.5,2.6068169389999998,5.527708208,9.736304229999995,0.15703716499999132,0,0,0,0,0,0
1004,24,863,159,50.989967475499995,-38.160031095,0.5,2.6068169389999998,5.527708208,9.893341394999986,0.0,0,0,0,0,0,0
1004,24,866,162,51.9635978985,-38.160031095,0.5,2.6068169389999998,5.527708208,9.893341395000022,0.0,0,0,0,0,0,0
1004,24,869,165,52.9686357545,-38.160031095,0.5,2.6068169389999998,5.527708208,9.893341394999986,0.0,0,0,0,0,0,0
1004,24,872,168,53.942266177499995,-38.160031095,0.5,2.6068169389999998,5.527708208,10.050378559999977,0.15703716500002685,0,0,0,0,0,0
1004,24,875,171,54.978711466499995,-38.128623661999995,0.5,2.6068169389999998,5.527708208,10.207415725000004,0.15703716500002685,0,0,0,0,0,0
1004,24,878,174,55.983749322499996,-38.128623661999995,0.5,2.6068169389999998,5.527708208,10.364452889999995,0.0,0,0,0,0,0,0
1004,24,881,177,57.051602044499994,-38.128623661999995,0.5,2.6068169389999998,5.527708208,10.521490055000022,0.15703716499999132,0,0,0,0,0,0
1004,24,884,180,58.0880473335,-38.097216229,0.5,2.6068169389999998,5.527708208,10.207415725000004,0.31407432999998264,0,0,0,0,0,0
1004,24,887,183,59.093085189499995,-38.065808796,0.5,2.6068169389999998,5.527708208,10.364452889999995,0.31407432999998264,0,0,0,0,0,0
1004,24,890,186,60.1609379115,-38.034401363,0.5,2.6068169389999998,5.527708208,10.600008637500018,-0.07851858249999566,0,0,0,0,0,0
1004,24,893,189,61.213086917,-38.0815125125,0.5,2.6068169389999998,5.527708208,10.442971472499991,0.07851858249999566,0,0,0,0,0,0
1004,24,896,192,62.249532206,-38.0186976465,0.0,2.6068169389999998,5.527708208,10.364452889999995,0.15703716499999132,0,0,0,0,0,0
1004,24,899,195,63.285977495,-38.0501050795,0.0,2.6068169389999998,5.527708208,10.364452889999995,0.15703716500002685,0,0,0,0,0,0
1004,24,902,198,64.322422784,-37.987290213499996,0.0,2.6068169389999998,5.527708208,10.364452889999995,0.31407433000001816,0,0,0,0,0,0
1004,24,905,201,65.358868073,-37.987290213499996,0.0,2.6068169389999998,5.527708208,10.364452889999995,0.15703716499999132,0,0,0,0,0,0
1004,24,908,204,66.395313362,-37.9558827805,0.0,2.6068169389999998,5.527708208,10.364452889999995,0.31407432999998264,0,0,0,0,0,0
1004,24,911,207,67.431758651,-37.9244753475,0.0,2.6068169389999998,5.527708208,10.364452889999995,0.15703716499999132,0,0,0,0,0,0
1004,24,914,210,68.46820394,-37.9244753475,0.0,2.6068169389999998,5.527708208,10.678527219999978,0.0,0,0,0,0,0,0
1004,24,917,213,69.56746409499999,-37.9244753475,0.0,2.6068169389999998,5.527708208,10.83556438500004,0.15703716499999132,0,0,0,0,0,0
1004,24,920,216,70.635316817,-37.8930679145,0.0,2.6068169389999998,5.527708208,10.83556438500004,0.15703716499999132,0,0,0,0,0,0
1004,24,923,219,71.734576972,-37.8930679145,0.0,2.6068169389999998,5.527708208,10.83556438499997,0.15703716500002685,0,0,0,0,0,0
1004,24,926,222,72.802429694,-37.861660481499996,0.0,2.6068169389999998,5.527708208,10.99260154999996,0.31407433000001816,0,0,0,0,0,0
1004,24,929,225,73.93309728199999,-37.8302530485,0.0,2.6068169389999998,5.527708208,10.992601550000032,0.15703716499999132,0,0,0,0,0,0
1004,24,932,228,75.000950004,-37.8302530485,0.0,2.6068169389999998,5.527708208,11.149638715000023,0.15703716499999132,0,0,0,0,0,0
1004,24,935,231,76.163025025,-37.7988456155,0.0,2.6068169389999998,5.527708208,10.99260154999996,0.15703716499999132,0,0,0,0,0,0
1004,24,938,234,77.199470314,-37.7988456155,0.0,2.6068169389999998,5.527708208,10.83556438499997,0.0,0,0,0,0,0,0
1004,24,941,237,78.33013790199999,-37.7988456155,0.0,2.6068169389999998,5.527708208,11.306675880000014,0.15703716499999132,0,0,0,0,0,0
1004,24,944,240,79.46080549,-37.7674381825,0.0,2.6068169389999998,5.527708208,11.306675880000014,0.0,0,0,0,0,0,0
1004,24,947,243,80.59147307799999,-37.7988456155,0.0,2.6068169389999998,5.527708208,11.463713045000006,0.4711114950000095,0,0,0,0,0,0
1004,24,950,246,81.753548099,-37.6732158835,0.0,2.6068169389999998,5.527708208,11.463713045000006,0.7851858249999921,0,0,0,0,0,0
1004,24,953,249,82.884215687,-37.6418084505,0.0,2.6068169389999998,5.527708208,11.306675880000014,0.15703716499999132,0,0,0,0,0,0
1004,24,956,252,84.014883275,-37.6418084505,0.0,2.6068169389999998,5.527708208,11.620750209999997,0.31407433000001816,0,0,0,0,0,0
1004,24,959,255,85.208365729,-37.5789935845,0.0,2.6068169389999998,5.527708208,11.777787374999988,0.31407433000001816,0,0,0,0,0,0
1004,24,962,258,86.37044075,-37.5789935845,0.0,2.6068169389999998,5.527708208,11.620750209999997,0.15703716499999132,0,0,0,0,0,0
1004,24,965,261,87.53251577099999,-37.5475861515,0.0,2.6068169389999998,5.527708208,11.777787374999988,0.4711114950000095,0,0,0,0,0,0
1004,24,968,264,88.725998225,-37.484771285499995,0.0,2.6068169389999998,5.527708208,11.620750209999997,0.31407433000001816,0,0,0,0,0,0
1004,24,971,267,89.85666581299999,-37.484771285499995,0.0,2.6068169389999998,5.527708208,11.620750209999997,0.31407432999998264,0,0,0,0,0,0
1004,24,974,270,91.050148267,-37.4219564195,0.0,2.6068169389999998,5.527708208,11.93482454000005,0.15703716499999132,0,0,0,0,0,0
1004,24,977,273,92.243630721,-37.4533638525,0.0,2.6068169389999998,5.527708208,11.777787374999988,0.15703716499999132,0,0,0,0,0,0
1004,24,980,276,93.405705742,-37.3905489865,0.0,2.6068169389999998,5.527708208,11.620750209999997,0.6281486600000008,0,0,0,0,0,0
1004,24,983,279,94.567780763,-37.3277341205,0.0,2.6068169389999998,5.527708208,11.620750209999997,0.31407433000001816,0,0,0,0,0,0
1004,24,986,282,95.729855784,-37.3277341205,0.0,2.6068169389999998,5.527708208,11.777787374999988,0.15703716499999132,0,0,0,0,0,0
1004,24,989,285,96.923338238,-37.2963266875,0.0,2.6068169389999998,5.527708208,11.93482453999998,0.15703716499999132,0,0,0,0,0,0
1004,24,992,288,98.11682069199999,-37.2963266875,0.0,2.6068169389999998,5.527708208,11.93482453999998,0.31407433000001816,0,0,0,0,0,0
1004,24,995,291,99.310303146,-37.233511821499995,0.0,2.6068169389999998,5.527708208,11.93482454000005,0.4711114950000095,0,0,0,0,0,0
1004,24,998,294,100.5037856,-37.2021043885,0.0,2.6068169389999998,5.527708208,12.091861704999971,0.31407432999998264,0,0,0,0,0,0
1004,24,1001,297,101.72867548699999,-37.1706969555,0.0,2.6068169389999998,5.527708208,12.091861704999971,0.15703716499999132,0,0,0,0,0,0
1004,24,1004,300,102.922157941,-37.1706969555,0.0,2.6068169389999998,5.527708208,12.091861705000042,0.15703716499999132,0,0,0,0,0,0
1004,24,1007,303,104.147047828,-37.1392895225,0.0,2.6068169389999998,5.527708208,12.405936035000025,0.4711114950000095,0,0,0,0,0,0
1004,24,1010,306,105.403345148,-37.0764746565,0.0,2.6068169389999998,5.527708208,12.091861704999971,0.15703716500002685,0,0,0,0,0,0
1004,24,1013,309,106.56542016899999,-37.107882089499995,0.0,2.6068169389999998,5.527708208,12.091861704999971,0.0,0,0,0,0,0,0
1004,24,1016,312,107.821717489,-37.0764746565,0.0,2.6068169389999998,5.527708208,12.405936035000025,0.47111149499997396,0,0,0,0,0,0
1004,24,1019,315,109.046607376,-37.0136597905,0.0,2.6068169389999998,5.527708208,12.405936035000025,0.4711114950000095,0,0,0,0,0,0
1004,24,1022,318,110.302904696,-36.982252357499995,0.0,2.6068169389999998,5.527708208,12.405936034999954,0.31407433000001816,0,0,0,0,0,0
1004,24,1025,321,111.52779458299999,-36.9508449245,0.0,2.6068169389999998,5.527708208,12.248898869999962,0.15703716499999132,0,0,0,0,0,0
1004,24,1028,324,112.75268446999999,-36.9508449245,0.0,2.6068169389999998,5.527708208,12.405936035000025,0.0,0,0,0,0,0,0
1004,24,1031,327,114.00898178999999,-36.9508449245,0.0,2.6068169389999998,5.527708208,12.248898870000033,0.0,0,0,0,0,0,0
1004,24,1034,330,115.202464244,-36.9508449245,0.0,2.6068169389999998,5.527708208,11.93482453999998,0.15703716499999132,0,0,0,0,0,0
1004,24,1037,333,116.39594669799999,-36.9194374915,0.0,2.6068169389999998,5.527708208,12.248898869999962,0.31407432999998264,0,0,0,0,0,0
1004,24,1040,336,117.65224401799999,-36.8880300585,0.0,2.6068169389999998,5.527708208,12.562973200000016,0.31407432999998264,0,0,0,0,0,0
1004,25,752,0,2.8580764029999997,-35.333362125,0.5,2.421633252430312,5.086937732505583,8.165932580000002,0.0,0,0,0,0,0,0
1004,25,755,3,3.674669661,-35.333362125,0.5,2.421633252430312,5.086937732505583,8.637044074999999,0.0,0,0,0,0,0,0
1004,25,758,6,4.585485218,-35.333362125,0.5,2.421633252430312,5.086937732505583,8.79408124,0.0,0,0,0,0,0,0
1004,25,761,9,5.433485909,-35.333362125,0.5,2.421633252430312,5.086937732505583,8.480006910000002,0.0,0,0,0,0,0,0
1004,25,764,12,6.2814866,-35.333362125,0.5,2.421633252430312,5.086937732505583,8.165932579999996,-0.15703716499999132,0,0,0,0,0,0
1004,25,767,15,7.066672424999999,-35.364769558,0.5,2.421633252430312,5.086937732505583,8.165932579999996,-0.15703716499999132,0,0,0,0,0,0
1004,25,770,18,7.9146731159999995,-35.364769558,0.5,2.421633252430312,5.086937732505583,8.322969744999998,0.0,0,0,0,0,0,0
1004,25,773,21,8.731266373999999,-35.364769558,0.5,2.421633252430312,5.086937732505583,8.322969745000002,0.0,0,0,0,0,0,0
1004,25,776,24,9.579267065,-35.364769558,0.5,2.421633252430312,5.086937732505583,8.322969745000002,0.0,0,0,0,0,0,0
1004,25,779,27,10.395860322999999,-35.364769558,0.5,2.421633252430312,5.086937732505583,8.165932580000002,0.0,0,0,0,0,0,0
1004,25,782,30,11.212453581,-35.364769558,0.5,2.421633252430312,5.086937732505583,7.851858250000001,0.0,0,0,0,0,0,0
1004,25,785,33,11.966231973,-35.364769558,0.5,2.421633252430312,5.086937732505583,7.851858249999992,0.0,0,0,0,0,0,0
1004,25,788,36,12.782825230999999,-35.364769558,0.5,2.421633252430312,5.086937732505583,7.694821085000001,0.0,0,0,0,0,0,0
1004,25,791,39,13.50519619,-35.364769558,0.5,2.421633252430312,5.086937732505583,7.3807467550000005,0.0,0,0,0,0,0,0
1004,25,794,42,14.258974581999999,-35.364769558,0.5,2.421633252430312,5.086937732505583,7.3807467550000005,0.0,0,0,0,0,0,0
1004,25,797,45,14.981345541,-35.364769558,0.5,2.421633252430312,5.086937732505583,7.22370959,0.0,0,0,0,0,0,0
1004,25,800,48,15.703716499999999,-35.364769558,0.5,2.421633252430312,5.086937732505583,7.066672425,0.0,0,0,0,0,0,0
1004,25,803,51,16.394680026,-35.364769558,0.5,2.421633252430312,5.086937732505583,6.752598095,0.0,0,0,0,0,0,0
1004,25,806,54,17.054236119,-35.364769558,0.5,2.421633252430312,5.086937732505583,6.752598095,-0.15703716499999132,0,0,0,0,0,0
1004,25,809,57,17.745199645,-35.396176991,0.5,2.421633252430312,5.086937732505583,6.595560930000008,-0.31407432999998264,0,0,0,0,0,0
1004,25,812,60,18.373348305,-35.427584423999996,0.5,2.421633252430312,5.086937732505583,6.124449434999999,-0.15703716499999132,0,0,0,0,0,0
1004,25,815,63,18.970089532,-35.427584423999996,0.5,2.421633252430312,5.086937732505583,6.28148659999999,0.0,0,0,0,0,0,0
1004,25,818,66,19.629645625,-35.427584423999996,0.5,2.421633252430312,5.086937732505583,6.28148659999999,0.0,0,0,0,0,0,0
1004,25,821,69,20.226386851999997,-35.427584423999996,0.5,2.421633252430312,5.086937732505583,5.8103751049999985,0.0,0,0,0,0,0,0
1004,25,824,72,20.791720645999998,-35.427584423999996,0.5,2.421633252430312,5.086937732505583,5.653337940000007,0.0,0,0,0,0,0,0
1004,25,827,75,21.35705444,-35.427584423999996,0.5,2.421633252430312,5.086937732505583,5.496300774999998,0.0,0,0,0,0,0,0
1004,25,830,78,21.890980800999998,-35.427584423999996,0.5,2.421633252430312,5.086937732505583,5.496300774999998,0.0,0,0,0,0,0,0
1004,25,833,81,22.456314595,-35.427584423999996,0.5,2.421633252430312,5.086937732505583,5.339263610000007,0.0,0,0,0,0,0,0
1004,25,836,84,22.958833523,-35.427584423999996,0.5,2.421633252430312,5.086937732505583,5.025189280000006,0.0,0,0,0,0,0,0
1004,25,839,87,23.461352451,-35.427584423999996,0.5,2.421633252430312,5.086937732505583,4.868152114999997,0.0,0,0,0,0,0,0
1004,25,842,90,23.932463946,-35.427584423999996,0.5,2.421633252430312,5.086937732505583,4.711114949999988,0.0,0,0,0,0,0,0
1004,25,845,93,24.403575440999997,-35.427584423999996,0.5,2.421633252430312,5.086937732505583,4.554077784999997,0.0,0,0,0,0,0,0
1004,25,848,96,24.843279502999998,-35.427584423999996,0.5,2.421633252430312,5.086937732505583,4.397040620000006,0.0,0,0,0,0,0,0
1004,25,851,99,25.282983565,-35.427584423999996,0.5,2.421633252430312,5.086937732505583,4.397040620000006,0.0,0,0,0,0,0,0
1004,25,854,102,25.722687627,-35.427584423999996,0.5,2.421633252430312,5.086937732505583,4.2400034549999965,0.0,0,0,0,0,0,0
1004,25,857,105,26.130984255999998,-35.427584423999996,0.5,2.421633252430312,5.086937732505583,3.925929124999996,0.0,0,0,0,0,0,0
1004,25,860,108,26.507873452,-35.427584423999996,0.5,2.421633252430312,5.086937732505583,4.082966290000005,0.0,0,0,0,0,0,0
1004,25,863,111,26.947577514,-35.427584423999996,0.5,2.421633252430312,5.086937732505583,3.925929124999996,0.0,0,0,0,0,0,0
1004,25,866,114,27.293059276999998,-35.427584423999996,0.5,2.421633252430312,5.086937732505583,3.6118547949999957,0.0,0,0,0,0,0,0
1004,25,869,117,27.669948472999998,-35.427584423999996,0.5,2.421633252430312,5.086937732505583,3.6118547950000135,0.0,0,0,0,0,0,0
1004,25,872,120,28.015430236,-35.427584423999996,0.5,2.421633252430312,5.086937732505583,3.2977804649999953,0.0,0,0,0,0,0,0
1004,25,875,123,28.329504565999997,-35.427584423999996,0.5,2.421633252430312,5.086937732505583,3.1407432999999862,0.0,0,0,0,0,0,0
1004,25,878,126,28.643578895999998,-35.427584423999996,0.5,2.421633252430312,5.086937732505583,2.9837061350000127,0.0,0,0,0,0,0,0
1004,25,881,129,28.926245793,-35.427584423999996,0.5,2.421633252430312,5.086937732505583,2.512594640000003,0.0,0,0,0,0,0,0
1004,25,884,132,29.146097823999998,-35.427584423999996,0.5,2.421633252430312,5.086937732505583,2.6696318049999945,0.0,0,0,0,0,0,0
1004,25,887,135,29.460172154,-35.427584423999996,0.5,2.421633252430312,5.086937732505583,2.512594640000003,0.0,0,0,0,0,0,0
1004,25,890,138,29.648616752,-35.427584423999996,0.5,2.421633252430312,5.086937732505583,2.198520310000003,0.0,0,0,0,0,0,0
1004,25,893,141,29.899876216,-35.427584423999996,0.5,2.421633252430312,5.086937732505583,2.355557474999994,0.0,0,0,0,0,0,0
1004,25,896,144,30.119728246999998,-35.427584423999996,0.5,2.421633252430312,5.086937732505583,2.0414831449999937,0.0,0,0,0,0,0,0
1004,25,899,147,30.308172844999998,-35.427584423999996,0.5,2.421633252430312,5.086937732505583,1.8844459800000024,0.0,0,0,0,0,0,0
1004,25,902,150,30.496617442999998,-35.427584423999996,0.5,2.421633252430312,5.086937732505583,1.727408815000011,0.0,0,0,0,0,0,0
1004,25,905,153,30.653654608,-35.427584423999996,0.5,2.421633252430312,5.086937732505583,1.570371650000002,0.0,0,0,0,0,0,0
1004,25,908,156,30.810691773,-35.427584423999996,0.5,2.421633252430312,5.086937732505583,1.5703716499999842,0.0,0,0,0,0,0,0
1004,25,911,159,30.967728937999997,-35.427584423999996,0.5,2.421633252430312,5.086937732505583,1.413334484999993,0.0,0,0,0,0,0,0
1004,25,914,162,31.093358669999997,-35.427584423999996,0.5,2.421633252430312,5.086937732505583,1.4133344850000107,0.0,0,0,0,0,0,0
1004,25,917,165,31.250395835,-35.427584423999996,0.5,2.421633252430312,5.086937732505583,1.727408815000011,0.0,0,0,0,0,0,0
1004,25,920,168,31.438840433,-35.427584423999996,0.5,2.421633252430312,5.086937732505583,1.570371650000002,0.0,0,0,0,0,0,0
1004,25,923,171,31.564470165,-35.427584423999996,0.5,2.421633252430312,5.086937732505583,1.413334484999993,0.0,0,0,0,0,0,0
1004,25,926,174,31.721507329999998,-35.427584423999996,0.5,2.421633252430312,5.086937732505583,1.2562973200000016,0.0,0,0,0,0,0,0
1004,25,929,177,31.815729629,-35.427584423999996,0.5,2.421633252430312,5.086937732505583,1.0992601550000103,0.0,0,0,0,0,0,0
1004,25,932,180,31.941359361,-35.427584423999996,0.5,2.421633252430312,5.086937732505583,1.0992601549999925,0.0,0,0,0,0,0,0
1004,25,935,183,32.03558166,-35.427584423999996,0.5,2.421633252430312,5.086937732505583,0.9422229900000012,0.0,0,0,0,0,0,0
1004,25,938,186,32.129803959,-35.427584423999996,0.5,2.421633252430312,5.086937732505583,0.9422229899999834,0.0,0,0,0,0,0,0
1004,25,941,189,32.224026257999995,-35.427584423999996,0.5,2.421633252430312,5.086937732505583,0.7851858249999921,0.0,0,0,0,0,0,0
1004,25,944,192,32.286841124,-35.427584423999996,0.5,2.421633252430312,5.086937732505583,0.942222990000019,0.0,0,0,0,0,0,0
1004,25,947,195,32.412470856,-35.427584423999996,0.5,2.421633252430312,5.086937732505583,1.0992601550000103,0.0,0,0,0,0,0,0
1004,25,950,198,32.506693155,-35.427584423999996,0.5,2.421633252430312,5.086937732505583,0.9422229899999834,0.0,0,0,0,0,0,0
1004,25,953,201,32.600915453999995,-35.427584423999996,0.5,2.421633252430312,5.086937732505583,0.9422229899999834,0.0,0,0,0,0,0,0
1004,25,956,204,32.695137753,-35.427584423999996,0.5,2.421633252430312,5.086937732505583,0.942222990000019,-0.15703716500002685,0,0,0,0,0,0
1004,25,959,207,32.789360052,-35.458991857,0.5,2.421633252430312,5.086937732505583,0.942222990000019,-0.15703716500002685,0,0,0,0,0,0
1004,25,962,210,32.883582351,-35.458991857,0.5,2.421633252430312,5.086937732505583,1.0992601550000103,0.0,0,0,0,0,0,0
1004,25,965,213,33.009212083,-35.458991857,0.5,2.421633252430312,5.086937732505583,0.9422229899999834,0.0,0,0,0,0,0,0
1004,25,968,216,33.072026949,-35.458991857,0.5,2.421633252430312,5.086937732505583,0.6281486600000008,0.0,0,0,0,0,0,0
1004,25,971,219,33.134841815,-35.458991857,0.5,2.421633252430312,5.086937732505583,0.6281486600000008,0.0,0,0,0,0,0,0
1004,25,974,222,33.197656681,-35.458991857,0.5,2.421633252430312,5.086937732505583,0.6281486600000008,0.0,0,0,0,0,0,0
1004,25,977,225,33.260471547,-35.458991857,0.5,2.421633252430312,5.086937732505583,0.4711114950000095,0.0,0,0,0,0,0,0
1004,25,980,228,33.29187898,-35.458991857,0.5,2.421633252430312,5.086937732505583,0.47111149499997396,0.0,0,0,0,0,0,0
1004,25,983,231,33.354693845999996,-35.458991857,0.5,2.421633252430312,5.086937732505583,0.6281486600000008,0.0,0,0,0,0,0,0
1004,25,986,234,33.417508712,-35.458991857,0.5,2.421633252430312,5.086937732505583,0.7851858249999921,0.0,0,0,0,0,0,0
1004,25,989,237,33.511731010999995,-35.458991857,0.5,2.421633252430312,5.086937732505583,0.7851858249999921,0.0,0,0,0,0,0,0
1004,25,992,240,33.574545877,-35.458991857,0.5,2.421633252430312,5.086937732505583,0.7851858250000276,-0.15703716499999132,0,0,0,0,0,0
1004,25,995,243,33.668768176,-35.49039929,0.5,2.421633252430312,5.086937732505583,0.9422229899999834,-0.15703716499999132,0,0,0,0,0,0
1004,25,998,246,33.762990474999995,-35.49039929,0.5,2.421633252430312,5.086937732505583,0.7851858249999921,0.0,0,0,0,0,0,0
1004,25,1001,249,33.825805341,-35.49039929,0.5,2.421633252430312,5.086937732505583,0.7851858250000276,0.0,0,0,0,0,0,0
1004,25,1004,252,33.92002764,-35.49039929,0.5,2.421633252430312,5.086937732505583,0.7851858249999921,0.0,0,0,0,0,0,0
1004,25,1007,255,33.982842506,-35.49039929,0.5,2.421633252430312,5.086937732505583,0.6281486600000008,0.0,0,0,0,0,0,0
1004,25,1010,258,34.045657372,-35.49039929,0.5,2.421633252430312,5.086937732505583,0.6281486600000008,0.0,0,0,0,0,0,0
1004,25,1013,261,34.108472238,-35.49039929,0.5,2.421633252430312,5.086937732505583,0.47111149499997396,0.0,0,0,0,0,0,0
1004,25,1016,264,34.139879670999996,-35.49039929,0.5,2.421633252430312,5.086937732505583,0.6281486600000008,0.0,0,0,0,0,0,0
1004,25,1019,267,34.23410197,-35.49039929,0.5,2.421633252430312,5.086937732505583,0.942222990000019,0.0,0,0,0,0,0,0
1004,25,1022,270,34.328324269,-35.49039929,0.5,2.421633252430312,5.086937732505583,0.7851858249999921,0.0,0,0,0,0,0,0
1004,25,1025,273,34.391139134999996,-35.49039929,0.5,2.421633252430312,5.086937732505583,0.6281486600000008,0.0,0,0,0,0,0,0
1004,25,1028,276,34.453954001,-35.49039929,0.5,2.421633252430312,5.086937732505583,0.4711114950000095,0.0,0,0,0,0,0,0
1004,25,1031,279,34.485361434,-35.49039929,0.5,2.421633252430312,5.086937732505583,0.31407432999998264,0.0,0,0,0,0,0,0
1004,25,1034,282,34.516768866999996,-35.49039929,0.5,2.421633252430312,5.086937732505583,0.31407433000001816,0.0,0,0,0,0,0,0
1004,25,1037,285,34.5481763,-35.49039929,0.5,2.421633252430312,5.086937732505583,0.31407433000001816,0.0,0,0,0,0,0,0
1004,25,1040,288,34.579583733,-35.49039929,0.5,2.421633252430312,5.086937732505583,0.31407432999998264,0.15703716499999132,0,0,0,0,0,0
1004,25,1043,291,34.610991166,-35.458991857,0.5,2.421633252430312,5.086937732505583,0.4711114950000095,0.15703716499999132,0,0,0,0,0,0
1004,25,1046,294,34.673806032,-35.458991857,0.5,2.421633252430312,5.086937732505583,0.6281486600000008,0.0,0,0,0,0,0,0
1004,25,1049,297,34.736620898,-35.458991857,0.5,2.421633252430312,5.086937732505583,0.6281486600000008,-0.15703716499999132,0,0,0,0,0,0
1004,25,1052,300,34.799435764,-35.49039929,0.5,2.421633252430312,5.086937732505583,0.7851858249999921,-0.15703716499999132,0,0,0,0,0,0
1004,25,1055,303,34.893658063,-35.49039929,0.5,2.421633252430312,5.086937732505583,0.7851858249999921,0.0,0,0,0,0,0,0
1004,25,1058,306,34.956472929,-35.49039929,0.5,2.421633252430312,5.086937732505583,0.6281486600000008,0.0,0,0,0,0,0,0
1004,25,1061,309,35.019287795,-35.49039929,0.5,2.421633252430312,5.086937732505583,0.7851858249999921,0.0,0,0,0,0,0,0
1004,25,1064,312,35.113510094,-35.49039929,0.5,2.421633252430312,5.086937732505583,0.942222990000019,-0.15703716499999132,0,0,0,0,0,0
1004,25,1067,315,35.207732393,-35.521806723,0.5,2.421633252430312,5.086937732505583,0.9422229899999834,0.0,0,0,0,0,0,0
1004,25,1070,318,35.301954691999995,-35.49039929,0.5,2.421633252430312,5.086937732505583,0.7851858249999921,0.15703716499999132,0,0,0,0,0,0
1004,25,1073,321,35.364769558,-35.49039929,0.5,2.421633252430312,5.086937732505583,0.6281486600000008,0.0,0,0,0,0,0,0
1004,25,1076,324,35.427584423999996,-35.49039929,0.5,2.421633252430312,5.086937732505583,0.6281486600000008,0.0,0,0,0,0,0,0
1004,25,1079,327,35.49039929,-35.49039929,0.5,2.421633252430312,5.086937732505583,0.6281486600000008,-0.15703716499999132,0,0,0,0,0,0
1004,25,1082,330,35.553214155999996,-35.521806723,0.5,2.421633252430312,5.086937732505583,0.4711114950000095,-0.15703716499999132,0,0,0,0,0,0
1004,25,1085,333,35.584621589,-35.521806723,0.5,2.421633252430312,5.086937732505583,0.4711114950000095,-0.15703716499999132,0,0,0,0,0,0
1004,25,1088,336,35.647436455,-35.553214155999996,0.5,2.421633252430312,5.086937732505583,0.7851858249999921,-0.15703716499999132,0,0,0,0,0,0
1004,25,1091,339,35.741658754,-35.553214155999996,0.5,2.421633252430312,5.086937732505583,0.6281486600000008,0.0,0,0,0,0,0,0
1004,25,1094,342,35.773066187,-35.553214155999996,0.5,2.421633252430312,5.086937732505583,0.31407432999998264,0.0,0,0,0,0,0,0
1004,25,1097,345,35.804473619999996,-35.553214155999996,0.5,2.421633252430312,5.086937732505583,0.31407433000001816,0.0,0,0,0,0,0,0
1004,25,1100,348,35.835881053,-35.553214155999996,0.5,2.421633252430312,5.086937732505583,0.31407433000001816,0.0,0,0,0,0,0,0
1004,25,1103,351,35.867288486,-35.553214155999996,0.5,2.421633252430312,5.086937732505583,0.31407432999998264,0.0,0,0,0,0,0,0
1004,25,1106,354,35.898695919,-35.553214155999996,0.5,2.421633252430312,5.086937732505583,0.31407432999998264,0.0,0,0,0,0,0,0
1004,25,1109,357,35.930103351999996,-35.553214155999996,0.5,2.421633252430312,5.086937732505583,0.31407433000001816,0.0,0,0,0,0,0,0
1004,25,1112,360,35.961510785,-35.553214155999996,0.5,2.421633252430312,5.086937732505583,0.4711114950000095,0.0,0,0,0,0,0,0
1004,25,1115,363,36.024325651,-35.553214155999996,0.5,2.421633252430312,5.086937732505583,0.6281486600000008,0.0,0,0,0,0,0,0
1004,25,1118,366,36.087140517,-35.553214155999996,0.5,2.421633252430312,5.086937732505583,0.4711114950000095,0.0,0,0,0,0,0,0
1004,25,1121,369,36.11854795,-35.553214155999996,0.5,2.421633252430312,5.086937732505583,0.6281486599999653,0.0,0,0,0,0,0,0
1004,25,1124,372,36.212770248999995,-35.553214155999996,0.5,2.421633252430312,5.086937732505583,0.6281486600000008,-0.15703716500002685,0,0,0,0,0,0
1004,25,1127,375,36.244177682,-35.584621589,0.5,2.421633252430312,5.086937732505583,0.31407433000001816,-0.15703716500002685,0,0,0,0,0,0
1004,25,1130,378,36.275585115,-35.584621589,0.5,2.421633252430312,5.086937732505583,0.31407432999998264,0.0,0,0,0,0,0,0
1004,25,1133,381,36.306992548,-35.584621589,0.5,2.421633252430312,5.086937732505583,0.4711114950000095,0.0,0,0,0,0,0,0
1004,25,1136,384,36.369807414,-35.584621589,0.5,2.421633252430312,5.086937732505583,0.6281486600000008,-0.15703716499999132,0,0,0,0,0,0
1004,25,1139,387,36.43262228,-35.616029022,0.5,2.421633252430312,5.086937732505583,0.6281486600000008,-0.15703716499999132,0,0,0,0,0,0
1004,25,1142,390,36.495437146,-35.616029022,0.5,2.421633252430312,5.086937732505583,0.6281486600000008,0.0,0,0,0,0,0,0
1004,25,1145,393,36.558252012,-35.616029022,0.5,2.421633252430312,5.086937732505583,0.6281486600000008,0.0,0,0,0,0,0,0
1004,25,1148,396,36.621066878,-35.616029022,0.5,2.421633252430312,5.086937732505583,0.6281486600000008,0.0,0,0,0,0,0,0
1004,25,1151,399,36.683881744,-35.616029022,0.5,2.421633252430312,5.086937732505583,0.47111149499997396,0.0,0,0,0,0,0,0
1004,25,1154,402,36.715289176999995,-35.616029022,0.5,2.421633252430312,5.086937732505583,0.4711114950000095,0.0,0,0,0,0,0,0
1004,25,1157,405,36.778104043,-35.616029022,0.5,2.421633252430312,5.086937732505583,0.4711114950000095,0.0,0,0,0,0,0,0
1004,25,1160,408,36.809511476,-35.616029022,0.5,2.421633252430312,5.086937732505583,0.6281486600000008,0.0,0,0,0,0,0,0
1004,25,1163,411,36.903733775,-35.616029022,0.5,2.421633252430312,5.086937732505583,0.6281486600000008,0.0,0,0,0,0,0,0
1004,25,1166,414,36.935141208,-35.616029022,0.5,2.421633252430312,5.086937732505583,0.31407432999998264,0.0,0,0,0,0,0,0
1004,25,1169,417,36.966548640999996,-35.616029022,0.5,2.421633252430312,5.086937732505583,0.31407433000001816,0.0,0,0,0,0,0,0
1004,25,1172,420,36.997956074,-35.616029022,0.5,2.421633252430312,5.086937732505583,0.31407433000001816,0.0,0,0,0,0,0,0
1004,25,1175,423,37.029363507,-35.616029022,0.5,2.421633252430312,5.086937732505583,0.31407432999998264,0.15703716499999132,0,0,0,0,0,0
1004,25,1178,426,37.06077094,-35.584621589,0.5,2.421633252430312,5.086937732505583,0.31407432999998264,0.15703716499999132,0,0,0,0,0,0
1004,25,1181,429,37.092178372999996,-35.584621589,0.5,2.421633252430312,5.086937732505583,0.4711114950000095,0.0,0,0,0,0,0,0
1004,25,1184,432,37.154993239,-35.584621589,0.5,2.421633252430312,5.086937732505583,0.6281486600000008,0.0,0,0,0,0,0,0
1004,25,1187,435,37.217808104999996,-35.584621589,0.5,2.421633252430312,5.086937732505583,0.4711114950000095,-0.15703716499999132,0,0,0,0,0,0
1004,25,1190,438,37.249215538,-35.616029022,0.5,2.421633252430312,5.086937732505583,0.31407433000001816,-0.15703716499999132,0,0,0,0,0,0
1004,25,1193,441,37.280622971,-35.616029022,0.5,2.421633252430312,5.086937732505583,0.15703716499999132,0.0,0,0,0,0,0,0
1004,25,1196,444,37.280622971,-35.616029022,0.5,2.421633252430312,5.086937732505583,0.31407432999998264,0.0,0,0,0,0,0,0
1004,25,1199,447,37.343437836999996,-35.616029022,0.5,2.421633252430312,5.086937732505583,0.6281486600000008,0.0,0,0,0,0,0,0
1004,25,1202,450,37.406252703,-35.616029022,0.5,2.421633252430312,5.086937732505583,0.4711114950000095,0.0,0,0,0,0,0,0
1004,25,1205,453,37.437660136,-35.616029022,0.5,2.421633252430312,5.086937732505583,0.31407432999998264,0.0,0,0,0,0,0,0
1004,25,1208,456,37.469067568999996,-35.616029022,0.5,2.421633252430312,5.086937732505583,0.31407433000001816,0.0,0,0,0,0,0,0
1004,25,1211,459,37.500475002,-35.616029022,0.5,2.421633252430312,5.086937732505583,0.31407433000001816,0.15703716499999132,0,0,0,0,0,0
1004,25,1214,462,37.531882435,-35.584621589,0.5,2.421633252430312,5.086937732505583,0.31407432999998264,0.15703716499999132,0,0,0,0,0,0
1004,25,1217,465,37.563289868,-35.584621589,0.5,2.421633252430312,5.086937732505583,0.31407432999998264,0.0,0,0,0,0,0,0
1004,25,1220,468,37.594697301,-35.584621589,0.5,2.421633252430312,5.086937732505583,0.31407432999998264,0.0,0,0,0,0,0,0
1004,25,1223,471,37.626104733999995,-35.584621589,0.5,2.421633252430312,5.086937732505583,0.15703716499999132,0.0,0,0,0,0,0,0
1004,25,1226,474,37.626104733999995,-35.584621589,0.5,2.421633252430312,5.086937732505583,0.0,0.0,0,0,0,0,0,0
1004,25,1229,477,37.626104733999995,-35.584621589,0.5,2.421633252430312,5.086937732505583,0.15703716500002685,0.0,0,0,0,0,0,0
1004,25,1232,480,37.657512167,-35.584621589,0.5,2.421633252430312,5.086937732505583,0.15703716500002685,0.0,0,0,0,0,0,0
1004,25,1235,483,37.657512167,-35.584621589,0.5,2.421633252430312,5.086937732505583,0.0,0.0,0,0,0,0,0,0
1004,25,1238,486,37.657512167,-35.584621589,0.5,2.421633252430312,5.086937732505583,0.31407432999998264,0.15703716500002685,0,0,0,0,0,0
1004,25,1241,489,37.720327033,-35.553214155999996,0.5,2.421633252430312,5.086937732505583,0.31407432999998264,0.31407433000001816,0,0,0,0,0,0
1004,25,1244,492,37.720327033,-35.521806723,0.5,2.421633252430312,5.086937732505583,0.31407433000001816,0.15703716499999132,0,0,0,0,0,0
1004,25,1247,495,37.783141899,-35.521806723,0.5,2.421633252430312,5.086937732505583,0.4711114950000095,0.0,0,0,0,0,0,0
1004,25,1250,498,37.814549332,-35.521806723,0.5,2.421633252430312,5.086937732505583,0.15703716499999132,0.0,0,0,0,0,0,0
1004,25,1253,501,37.814549332,-35.521806723,0.5,2.421633252430312,5.086937732505583,0.0,0.0,0,0,0,0,0,0
1004,25,1256,504,37.814549332,-35.521806723,0.5,2.421633252430312,5.086937732505583,-0.15703716499999132,0.0,0,0,0,0,0,0
1004,25,1259,507,37.783141899,-35.521806723,0.5,2.421633252430312,5.086937732505583,0.0,0.0,0,0,0,0,0,0
1004,25,1262,510,37.814549332,-35.521806723,0.5,2.421633252430312,5.086937732505583,0.31407432999998264,0.0,0,0,0,0,0,0
1004,25,1265,513,37.845956765,-35.521806723,0.5,2.421633252430312,5.086937732505583,0.4711114950000095,0.0,0,0,0,0,0,0
1004,25,1268,516,37.908771631,-35.521806723,0.5,2.421633252430312,5.086937732505583,0.4711114950000095,-0.15703716499999132,0,0,0,0,0,0
1004,25,1271,519,37.940179064,-35.553214155999996,0.5,2.421633252430312,5.086937732505583,0.6281486600000008,-0.31407433000001816,0,0,0,0,0,0
1004,25,1274,522,38.034401363,-35.584621589,0.5,2.421633252430312,5.086937732505583,0.4711114950000095,-0.15703716500002685,0,0,0,0,0,0
1004,25,1277,525,38.034401363,-35.584621589,0.5,2.421633252430312,5.086937732505583,0.0,0.0,0,0,0,0,0,0
1004,25,1280,528,38.034401363,-35.584621589,0.5,2.421633252430312,5.086937732505583,0.15703716499999132,0.0,0,0,0,0,0,0
1004,25,1283,531,38.065808796,-35.584621589,0.5,2.421633252430312,5.086937732505583,0.47111149499997396,0.0,0,0,0,0,0,0
1004,25,1286,534,38.128623661999995,-35.584621589,0.5,2.421633252430312,5.086937732505583,0.6281486600000008,0.0,0,0,0,0,0,0
1004,25,1289,537,38.191438528,-35.584621589,0.5,2.421633252430312,5.086937732505583,0.4711114950000095,0.0,0,0,0,0,0,0
1004,25,1292,540,38.222845961,-35.584621589,0.5,2.421633252430312,5.086937732505583,0.4711114950000095,-0.15703716499999132,0,0,0,0,0,0
1004,25,1295,543,38.285660827,-35.616029022,0.5,2.421633252430312,5.086937732505583,0.6281486600000008,-0.15703716499999132,0,0,0,0,0,0
1004,25,1298,546,38.348475693,-35.616029022,0.5,2.421633252430312,5.086937732505583,0.47111149499997396,-0.15703716499999132,0,0,0,0,0,0
1004,25,1301,549,38.379883125999996,-35.647436455,0.5,2.421633252430312,5.086937732505583,0.31407433000001816,-0.15703716499999132,0,0,0,0,0,0
1004,25,1304,552,38.411290559,-35.647436455,0.5,2.421633252430312,5.086937732505583,0.31407433000001816,0.0,0,0,0,0,0,0
1004,25,1307,555,38.442697992,-35.647436455,0.5,2.421633252430312,5.086937732505583,0.15703716499999132,0.0,0,0,0,0,0,0
1004,25,1310,558,38.442697992,-35.647436455,0.5,2.421633252430312,5.086937732505583,0.15703716499999132,0.0,0,0,0,0,0,0
1004,25,1313,561,38.474105425,-35.647436455,0.5,2.421633252430312,5.086937732505583,0.31407432999998264,0.0,0,0,0,0,0,0
1004,25,1316,564,38.505512857999996,-35.647436455,0.5,2.421633252430312,5.086937732505583,0.4711114950000095,0.0,0,0,0,0,0,0
1004,25,1319,567,38.568327724,-35.647436455,0.5,2.421633252430312,5.086937732505583,0.6281486600000008,0.0,0,0,0,0,0,0
1004,25,1322,570,38.631142589999996,-35.647436455,0.5,2.421633252430312,5.086937732505583,0.6281486600000008,0.0,0,0,0,0,0,0
1004,25,1325,573,38.693957456,-35.647436455,0.5,2.421633252430312,5.086937732505583,0.6281486600000008,0.0,0,0,0,0,0,0
1004,25,1328,576,38.756772321999996,-35.647436455,0.5,2.421633252430312,5.086937732505583,0.31407432999998264,0.0,0,0,0,0,0,0
1004,25,1331,579,38.756772321999996,-35.647436455,0.5,2.421633252430312,5.086937732505583,0.15703716500002685,0.0,0,0,0,0,0,0
1004,25,1334,582,38.788179755,-35.647436455,0.5,2.421633252430312,5.086937732505583,0.31407433000001816,0.0,0,0,0,0,0,0
1004,25,1337,585,38.819587188,-35.647436455,0.5,2.421633252430312,5.086937732505583,0.31407432999998264,0.0,0,0,0,0,0,0
1004,25,1340,588,38.850994621,-35.647436455,0.5,2.421633252430312,5.086937732505583,0.31407432999998264,0.0,0,0,0,0,0,0
1004,25,1343,591,38.882402053999996,-35.647436455,0.5,2.421633252430312,5.086937732505583,0.15703716499999132,0.0,0,0,0,0,0,0
1004,25,1346,594,38.882402053999996,-35.647436455,0.5,2.421633252430312,5.086937732505583,0.0,0.0,0,0,0,0,0,0
1004,25,1349,597,38.882402053999996,-35.647436455,0.5,2.421633252430312,5.086937732505583,0.15703716499999132,0.15703716499999132,0,0,0,0,0,0
1004,25,1352,600,38.913809486999995,-35.616029022,0.5,2.421633252430312,5.086937732505583,0.15703716499999132,0.15703716499999132,0,0,0,0,0,0
1004,25,1355,603,38.913809486999995,-35.616029022,0.5,2.421633252430312,5.086937732505583,0.0,0.0,0,0,0,0,0,0
1004,25,1358,606,38.913809486999995,-35.616029022,0.5,2.421633252430312,5.086937732505583,0.0,0.0,0,0,0,0,0,0
1004,25,1361,609,38.913809486999995,-35.616029022,0.5,2.421633252430312,5.086937732505583,0.31407433000001816,0.0,0,0,0,0,0,0
1004,25,1364,612,38.976624353,-35.616029022,0.5,2.421633252430312,5.086937732505583,0.4711114950000095,0.0,0,0,0,0,0,0
1004,25,1367,615,39.008031786,-35.616029022,0.5,2.421633252430312,5.086937732505583,0.4711114950000095,0.0,0,0,0,0,0,0
1004,25,1370,618,39.070846652,-35.616029022,0.5,2.421633252430312,5.086937732505583,0.7851858249999921,0.15703716499999132,0,0,0,0,0,0
1004,25,1373,621,39.165068950999995,-35.584621589,0.5,2.421633252430312,5.086937732505583,0.7851858249999921,0.15703716499999132,0,0,0,0,0,0
1004,25,1376,624,39.227883817,-35.584621589,0.5,2.421633252430312,5.086937732505583,0.942222990000019,0.0,0,0,0,0,0,0
1004,25,1379,627,39.353513549,-35.584621589,0.5,2.421633252430312,5.086937732505583,0.6281486600000008,0.15703716500002685,0,0,0,0,0,0
1004,25,1382,630,39.353513549,-35.553214155999996,0.5,2.421633252430312,5.086937732505583,0.15703716499999132,0.15703716500002685,0,0,0,0,0,0
1004,25,1385,633,39.384920982,-35.553214155999996,0.5,2.421633252430312,5.086937732505583,0.31407432999998264,0.0,0,0,0,0,0,0
1004,25,1388,636,39.416328414999995,-35.553214155999996,0.5,2.421633252430312,5.086937732505583,0.15703716499999132,0.0,0,0,0,0,0,0
1004,25,1391,639,39.416328414999995,-35.553214155999996,0.5,2.421633252430312,5.086937732505583,0.0,0.0,0,0,0,0,0,0
1004,25,1394,642,39.416328414999995,-35.553214155999996,0.5,2.421633252430312,5.086937732505583,0.0,0.0,0,0,0,0,0,0
1004,25,1397,645,39.416328414999995,-35.553214155999996,0.5,2.421633252430312,5.086937732505583,-0.15703716499999132,0.0,0,0,0,0,0,0
1004,25,1400,648,39.384920982,-35.553214155999996,0.5,2.421633252430312,5.086937732505583,-0.15703716499999132,0.0,0,0,0,0,0,0
1004,25,1403,651,39.384920982,-35.553214155999996,0.5,2.421633252430312,5.086937732505583,-0.15703716499999132,0.0,0,0,0,0,0,0
1004,25,1406,654,39.353513549,-35.553214155999996,0.5,2.421633252430312,5.086937732505583,-0.15703716499999132,0.0,0,0,0,0,0,0
1004,25,1409,657,39.353513549,-35.553214155999996,0.5,2.421633252430312,5.086937732505583,0.0,0.0,0,0,0,0,0,0
1004,25,1412,660,39.353513549,-35.553214155999996,0.5,2.421633252430312,5.086937732505583,0.0,0.0,0,0,0,0,0,0
1004,25,1415,663,39.353513549,-35.553214155999996,0.5,2.421633252430312,5.086937732505583,0.0,0.0,0,0,0,0,0,0
1004,25,1418,666,39.353513549,-35.553214155999996,0.5,2.421633252430312,5.086937732505583,0.0,0.0,0,0,0,0,0,0
1004,25,1421,669,39.353513549,-35.553214155999996,0.5,2.421633252430312,5.086937732505583,0.0,0.0,0,0,0,0,0,0
1004,25,1424,672,39.353513549,-35.553214155999996,0.5,2.421633252430312,5.086937732505583,0.0,0.15703716499999132,0,0,0,0,0,0
1004,25,1427,675,39.353513549,-35.521806723,0.5,2.421633252430312,5.086937732505583,0.15703716499999132,0.15703716499999132,0,0,0,0,0,0
1004,25,1430,678,39.384920982,-35.521806723,0.5,2.421633252430312,5.086937732505583,0.31407432999998264,0.0,0,0,0,0,0,0
1004,25,1433,681,39.416328414999995,-35.521806723,0.5,2.421633252430312,5.086937732505583,0.31407433000001816,0.0,0,0,0,0,0,0
1004,25,1436,684,39.447735848,-35.521806723,0.5,2.421633252430312,5.086937732505583,0.31407433000001816,0.0,0,0,0,0,0,0
1004,25,1439,687,39.479143281,-35.521806723,0.5,2.421633252430312,5.086937732505583,0.31407432999998264,0.0,0,0,0,0,0,0
1004,25,1442,690,39.510550714,-35.521806723,0.5,2.421633252430312,5.086937732505583,0.31407432999998264,0.0,0,0,0,0,0,0
1004,25,1445,693,39.541958146999995,-35.521806723,0.5,2.421633252430312,5.086937732505583,0.31407433000001816,0.0,0,0,0,0,0,0
1004,25,1448,696,39.57336558,-35.521806723,0.5,2.421633252430312,5.086937732505583,0.31407433000001816,0.0,0,0,0,0,0,0
1004,25,1451,699,39.604773013,-35.521806723,0.5,2.421633252430312,5.086937732505583,0.15703716499999132,0.0,0,0,0,0,0,0
1004,25,1454,702,39.604773013,-35.521806723,0.5,2.421633252430312,5.086937732505583,0.15703716499999132,0.0,0,0,0,0,0,0
1004,25,1457,705,39.636180446,-35.521806723,0.5,2.421633252430312,5.086937732505583,0.31407432999998264,0.0,0,0,0,0,0,0
1004,25,1460,708,39.667587878999996,-35.521806723,0.5,2.421633252430312,5.086937732505583,0.15703716499999132,0.0,0,0,0,0,0,0
1004,25,1463,711,39.667587878999996,-35.521806723,0.5,2.421633252430312,5.086937732505583,0.15703716500002685,0.0,0,0,0,0,0,0
1004,25,1466,714,39.698995312,-35.521806723,0.5,2.421633252430312,5.086937732505583,0.15703716500002685,0.0,0,0,0,0,0,0
1004,25,1469,717,39.698995312,-35.521806723,0.5,2.421633252430312,5.086937732505583,0.15703716499999132,0.0,0,0,0,0,0,0
1004,25,1472,720,39.730402745,-35.521806723,0.5,2.421633252430312,5.086937732505583,0.15703716499999132,0.0,0,0,0,0,0,0
1004,25,1475,723,39.730402745,-35.521806723,0.5,2.421633252430312,5.086937732505583,0.0,0.0,0,0,0,0,0,0
1004,25,1478,726,39.730402745,-35.521806723,0.5,2.421633252430312,5.086937732505583,0.15703716499999132,0.0,0,0,0,0,0,0
1004,25,1481,729,39.761810178,-35.521806723,0.5,2.421633252430312,5.086937732505583,0.31407432999998264,0.0,0,0,0,0,0,0
1004,25,1484,732,39.793217610999996,-35.521806723,0.5,2.421633252430312,5.086937732505583,0.31407433000001816,0.0,0,0,0,0,0,0
1004,25,1487,735,39.824625044,-35.521806723,0.5,2.421633252430312,5.086937732505583,0.15703716500002685,0.0,0,0,0,0,0,0
1004,25,1490,738,39.824625044,-35.521806723,0.5,2.421633252430312,5.086937732505583,0.0,0.0,0,0,0,0,0,0
1004,25,1493,741,39.824625044,-35.521806723,0.5,2.421633252430312,5.086937732505583,0.0,0.0,0,0,0,0,0,0
1004,25,1496,744,39.824625044,-35.521806723,0.5,2.421633252430312,5.086937732505583,0.0,0.0,0,0,0,0,0,0
1004,25,1499,747,39.824625044,-35.521806723,0.5,2.421633252430312,5.086937732505583,0.15703716499999132,0.0,0,0,0,0,0,0
1004,25,1501,749,39.856032477,-35.521806723,0.5,2.421633252430312,5.086937732505583,0.15703716499999132,0.15703716499999132,0,0,0,0,0,0
1004,25,1504,752,39.856032477,-35.49039929,0.5,2.421633252430312,5.086937732505583,0.0,0.15703716499999132,0,0,0,0,0,0
1004,25,1507,755,39.856032477,-35.49039929,0.5,2.421633252430312,5.086937732505583,0.0,0.0,0,0,0,0,0,0
1004,25,1510,758,39.856032477,-35.49039929,0.5,2.421633252430312,5.086937732505583,0.0,-0.15703716499999132,0,0,0,0,0,0
1004,25,1513,761,39.856032477,-35.521806723,0.5,2.421633252430312,5.086937732505583,0.15703716499999132,-0.15703716499999132,0,0,0,0,0,0
1004,25,1516,764,39.88743991,-35.521806723,0.5,2.421633252430312,5.086937732505583,0.0,0.0,0,0,0,0,0,0
1004,25,1519,767,39.856032477,-35.521806723,0.5,2.421633252430312,5.086937732505583,-0.15703716499999132,0.0,0,0,0,0,0,0
1004,25,1522,770,39.856032477,-35.521806723,0.5,2.421633252430312,5.086937732505583,-0.15703716499999132,0.0,0,0,0,0,0,0
1004,25,1525,773,39.824625044,-35.521806723,0.5,2.421633252430312,5.086937732505583,-0.31407433000001816,0.0,0,0,0,0,0,0
1004,25,1528,776,39.793217610999996,-35.521806723,0.5,2.421633252430312,5.086937732505583,-0.15703716500002685,-0.15703716499999132,0,0,0,0,0,0
1004,25,1531,779,39.793217610999996,-35.553214155999996,0.5,2.421633252430312,5.086937732505583,0.0,-0.15703716499999132,0,0,0,0,0,0
1004,25,1534,782,39.793217610999996,-35.553214155999996,0.5,2.421633252430312,5.086937732505583,0.0,0.0,0,0,0,0,0,0
1004,25,1537,785,39.793217610999996,-35.553214155999996,0.5,2.421633252430312,5.086937732505583,0.0,0.0,0,0,0,0,0,0
1004,25,1540,788,39.793217610999996,-35.553214155999996,0.5,2.421633252430312,5.086937732505583,0.15703716500002685,0.0,0,0,0,0,0,0
1004,25,1543,791,39.824625044,-35.553214155999996,0.5,2.421633252430312,5.086937732505583,0.31407433000001816,0.0,0,0,0,0,0,0
1004,25,1546,794,39.856032477,-35.553214155999996,0.5,2.421633252430312,5.086937732505583,0.31407432999998264,0.0,0,0,0,0,0,0
1004,25,1549,797,39.88743991,-35.553214155999996,0.5,2.421633252430312,5.086937732505583,0.15703716499999132,0.0,0,0,0,0,0,0
1004,25,1552,800,39.88743991,-35.553214155999996,0.5,2.421633252430312,5.086937732505583,0.15703716499999132,0.0,0,0,0,0,0,0
1004,25,1555,803,39.918847342999996,-35.553214155999996,0.5,2.421633252430312,5.086937732505583,0.15703716499999132,0.0,0,0,0,0,0,0
1004,25,1558,806,39.918847342999996,-35.553214155999996,0.5,2.421633252430312,5.086937732505583,0.0,0.0,0,0,0,0,0,0
1004,25,1561,809,39.918847342999996,-35.553214155999996,0.5,2.421633252430312,5.086937732505583,0.0,0.0,0,0,0,0,0,0
1004,25,1564,812,39.918847342999996,-35.553214155999996,0.5,2.421633252430312,5.086937732505583,0.15703716500002685,0.0,0,0,0,0,0,0
1004,25,1567,815,39.950254776,-35.553214155999996,0.5,2.421633252430312,5.086937732505583,0.31407433000001816,0.0,0,0,0,0,0,0
1004,25,1570,818,39.981662209,-35.553214155999996,0.5,2.421633252430312,5.086937732505583,0.31407432999998264,0.0,0,0,0,0,0,0
1004,25,1573,821,40.013069642,-35.553214155999996,0.5,2.421633252430312,5.086937732505583,0.15703716499999132,0.15703716499999132,0,0,0,0,0,0
1004,25,1576,824,40.013069642,-35.521806723,0.5,2.421633252430312,5.086937732505583,0.15703716499999132,0.15703716499999132,0,0,0,0,0,0
1004,25,1579,827,40.044477074999996,-35.521806723,0.5,2.421633252430312,5.086937732505583,0.31407433000001816,0.0,0,0,0,0,0,0
1004,25,1582,830,40.075884508,-35.521806723,0.5,2.421633252430312,5.086937732505583,0.4711114950000095,0.0,0,0,0,0,0,0
1004,25,1585,833,40.138699374,-35.521806723,0.5,2.421633252430312,5.086937732505583,0.47111149499997396,0.0,0,0,0,0,0,0
1004,25,1588,836,40.170106806999996,-35.521806723,0.5,2.421633252430312,5.086937732505583,0.4711114950000095,0.0,0,0,0,0,0,0
1004,25,1591,839,40.232921673,-35.521806723,0.5,2.421633252430312,5.086937732505583,0.4711114950000095,0.0,0,0,0,0,0,0
1004,25,1594,842,40.264329106,-35.521806723,0.5,2.421633252430312,5.086937732505583,0.31407432999998264,0.0,0,0,0,0,0,0
1004,25,1597,845,40.295736538999996,-35.521806723,0.5,2.421633252430312,5.086937732505583,0.31407432999998264,0.0,0,0,0,0,0,0
1004,25,1600,848,40.327143971999995,-35.521806723,0.5,2.421633252430312,5.086937732505583,0.31407433000001816,0.0,0,0,0,0,0,0
1004,25,1603,851,40.358551405,-35.521806723,0.5,2.421633252430312,5.086937732505583,0.31407433000001816,0.0,0,0,0,0,0,0
1004,25,1606,854,40.389958838,-35.521806723,0.5,2.421633252430312,5.086937732505583,0.15703716499999132,0.0,0,0,0,0,0,0
1004,25,1609,857,40.389958838,-35.521806723,0.5,2.421633252430312,5.086937732505583,0.0,0.0,0,0,0,0,0,0
1004,25,1612,860,40.389958838,-35.521806723,0.5,2.421633252430312,5.086937732505583,0.15703716499999132,0.0,0,0,0,0,0,0
1004,25,1615,863,40.421366271,-35.521806723,0.5,2.421633252430312,5.086937732505583,0.31407432999998264,0.0,0,0,0,0,0,0
1004,25,1618,866,40.452773703999995,-35.521806723,0.5,2.421633252430312,5.086937732505583,0.31407433000001816,0.0,0,0,0,0,0,0
1004,25,1621,869,40.484181137,-35.521806723,0.5,2.421633252430312,5.086937732505583,0.31407433000001816,0.15703716499999132,0,0,0,0,0,0
1004,25,1624,872,40.51558857,-35.49039929,0.5,2.421633252430312,5.086937732505583,0.31407432999998264,0.15703716499999132,0,0,0,0,0,0
1004,25,1627,875,40.546996003,-35.49039929,0.5,2.421633252430312,5.086937732505583,0.4711114950000095,0.0,0,0,0,0,0,0
1004,25,1630,878,40.609810869,-35.49039929,0.5,2.421633252430312,5.086937732505583,0.31407433000001816,0.0,0,0,0,0,0,0
1004,25,1633,881,40.609810869,-35.49039929,0.5,2.421633252430312,5.086937732505583,0.15703716499999132,0.0,0,0,0,0,0,0
1004,25,1636,884,40.641218302,-35.49039929,0.5,2.421633252430312,5.086937732505583,0.15703716499999132,0.0,0,0,0,0,0,0
1004,25,1639,887,40.641218302,-35.49039929,0.5,2.421633252430312,5.086937732505583,0.0,0.0,0,0,0,0,0,0
1004,25,1642,890,40.641218302,-35.49039929,0.5,2.421633252430312,5.086937732505583,0.0,0.0,0,0,0,0,0,0
1004,25,1645,893,40.641218302,-35.49039929,0.5,2.421633252430312,5.086937732505583,0.15703716499999132,-0.15703716499999132,0,0,0,0,0,0
1004,25,1648,896,40.672625735,-35.521806723,0.5,2.421633252430312,5.086937732505583,0.31407432999998264,-0.15703716499999132,0,0,0,0,0,0
1004,25,1651,899,40.704033167999995,-35.521806723,0.5,2.421633252430312,5.086937732505583,0.4711114950000095,0.0,0,0,0,0,0,0
1004,25,1654,902,40.766848034,-35.521806723,0.5,2.421633252430312,5.086937732505583,0.31407433000001816,0.0,0,0,0,0,0,0
1004,25,1657,905,40.766848034,-35.521806723,0.5,2.421633252430312,5.086937732505583,0.15703716499999132,0.0,0,0,0,0,0,0
1004,25,1660,908,40.798255467,-35.521806723,0.5,2.421633252430312,5.086937732505583,0.15703716499999132,0.0,0,0,0,0,0,0
1004,25,1663,911,40.798255467,-35.521806723,0.5,2.421633252430312,5.086937732505583,0.15703716499999132,-0.15703716499999132,0,0,0,0,0,0
1004,25,1666,914,40.829662899999995,-35.553214155999996,0.5,2.421633252430312,5.086937732505583,0.31407433000001816,-0.15703716499999132,0,0,0,0,0,0
1004,25,1669,917,40.861070333,-35.553214155999996,0.5,2.421633252430312,5.086937732505583,0.15703716500002685,0.0,0,0,0,0,0,0
1004,25,1672,920,40.861070333,-35.553214155999996,0.5,2.421633252430312,5.086937732505583,0.0,0.0,0,0,0,0,0,0
1004,25,1675,923,40.861070333,-35.553214155999996,0.5,2.421633252430312,5.086937732505583,0.15703716499999132,0.0,0,0,0,0,0,0
1004,25,1678,926,40.892477766,-35.553214155999996,0.5,2.421633252430312,5.086937732505583,0.31407432999998264,0.15703716499999132,0,0,0,0,0,0
1004,25,1681,929,40.923885199,-35.521806723,0.5,2.421633252430312,5.086937732505583,0.31407432999998264,0.31407432999998264,0,0,0,0,0,0
1004,25,1684,932,40.955292631999995,-35.49039929,0.5,2.421633252430312,5.086937732505583,0.31407433000001816,0.4711114950000095,0,0,0,0,0,0
1004,25,1687,935,40.986700065,-35.427584423999996,0.5,2.421633252430312,5.086937732505583,0.31407433000001816,0.31407433000001816,0,0,0,0,0,0
1004,25,1690,938,41.018107498,-35.427584423999996,0.5,2.421633252430312,5.086937732505583,0.31407432999998264,0.0,0,0,0,0,0,0
1004,25,1693,941,41.049514931,-35.427584423999996,0.5,2.421633252430312,5.086937732505583,0.4711114950000095,0.0,0,0,0,0,0,0
1004,25,1696,944,41.112329797,-35.427584423999996,0.5,2.421633252430312,5.086937732505583,0.6281486600000008,0.0,0,0,0,0,0,0
1004,25,1699,947,41.175144663,-35.427584423999996,0.5,2.421633252430312,5.086937732505583,0.47111149499997396,0.0,0,0,0,0,0,0
1004,25,1702,950,41.206552095999996,-35.427584423999996,2.0,2.421633252430312,5.086937732505583,0.4711114950000095,0.0,0,0,0,0,0,0
1004,25,1705,953,41.269366962,-35.427584423999996,2.0,2.421633252430312,5.086937732505583,0.7851858250000276,0.0,0,0,0,0,0,0
1004,25,1708,956,41.363589261,-35.427584423999996,2.0,2.421633252430312,5.086937732505583,1.2562973200000016,0.0,0,0,0,0,0,0
1004,25,1711,959,41.520626426,-35.427584423999996,2.0,2.421633252430312,5.086937732505583,1.256297319999966,0.0,0,0,0,0,0,0
1004,25,1714,962,41.614848724999995,-35.427584423999996,2.0,2.421633252430312,5.086937732505583,1.2562973200000016,0.0,0,0,0,0,0,0
1004,25,1717,965,41.77188589,-35.427584423999996,2.0,2.421633252430312,5.086937732505583,1.5703716500000198,0.0,0,0,0,0,0,0
1004,25,1720,968,41.928923055,-35.427584423999996,2.0,2.421633252430312,5.086937732505583,1.8844459800000024,0.0,0,0,0,0,0,0
1004,25,1723,971,42.148775086,-35.427584423999996,2.0,2.421633252430312,5.086937732505583,2.198520309999985,0.0,0,0,0,0,0,0
1004,25,1726,974,42.368627116999996,-35.427584423999996,2.0,2.421633252430312,5.086937732505583,2.3555574749999764,0.0,0,0,0,0,0,0
1004,25,1729,977,42.619886580999996,-35.427584423999996,2.0,2.421633252430312,5.086937732505583,2.6696318049999945,0.0,0,0,0,0,0,0
1004,25,1732,980,42.902553477999994,-35.427584423999996,2.0,2.421633252430312,5.086937732505583,2.8266689700000214,0.0,0,0,0,0,0,0
1004,25,1735,983,43.185220375,-35.427584423999996,2.0,2.421633252430312,5.086937732505583,3.140743300000004,-0.15703716500002685,0,0,0,0,0,0
1004,25,1738,986,43.530702137999995,-35.458991857,2.0,2.421633252430312,5.086937732505583,3.611854794999978,-0.15703716500002685,0,0,0,0,0,0
1004,25,1741,989,43.907591333999996,-35.458991857,2.0,2.421633252430312,5.086937732505583,3.6118547950000135,0.15703716500002685,0,0,0,0,0,0
1004,25,1744,992,44.253073097,-35.427584423999996,2.0,2.421633252430312,5.086937732505583,3.768891960000005,0.0,0,0,0,0,0,0
1004,25,1747,995,44.661369726,-35.458991857,2.0,2.421633252430312,5.086937732505583,4.0829662899999875,-0.15703716500002685,0,0,0,0,0,0
1004,25,1750,998,45.069666354999995,-35.458991857,2.0,2.421633252430312,5.086937732505583,4.082966290000023,0.31407433000001816,0,0,0,0,0,0
1004,25,1753,1001,45.477962984,-35.396176991,2.0,2.421633252430312,5.086937732505583,4.082966290000023,0.31407433000001816,0,0,0,0,0,0
1004,25,1756,1004,45.886259613,-35.396176991,2.0,2.421633252430312,5.086937732505583,4.240003454999979,0.0,0,0,0,0,0,0
1004,25,1759,1007,46.325963675,-35.396176991,2.0,2.421633252430312,5.086937732505583,4.554077784999997,0.15703716499999132,0,0,0,0,0,0
1004,25,1762,1010,46.79707517,-35.364769558,2.0,2.421633252430312,5.086937732505583,4.711114949999988,0.15703716499999132,0,0,0,0,0,0
1004,25,1765,1013,47.268186664999995,-35.364769558,2.0,2.421633252430312,5.086937732505583,4.86815211499998,0.15703716499999132,0,0,0,0,0,0
1004,25,1768,1016,47.770705592999995,-35.333362125,2.0,2.421633252430312,5.086937732505583,4.946670697500011,-0.07851858249999566,0,0,0,0,0,0
1004,25,1771,1019,48.2575208045,-35.3804732745,2.0,2.421633252430312,5.086937732505583,5.025189280000006,0.19629645625002468,0,0,0,0,0,0
1004,25,1774,1022,48.775743449,-35.294102833749996,2.0,2.421633252430312,5.086937732505583,5.182226444999998,0.6674079512499986,0,0,0,0,0,0
1004,25,1777,1025,49.293966093499996,-35.24699168425,3.0,2.421633252430312,5.086937732505583,5.182226444999998,0.35333362124998047,0,0,0,0,0,0
1004,25,1780,1028,49.812188737999996,-35.2234361095,4.0,2.421633252430312,5.086937732505583,5.182226444999998,0.43185220375001165,0,0,0,0,0,0
1004,25,1783,1031,50.330411382499996,-35.160621243499996,4.5,2.421633252430312,5.086937732505583,5.457041483750018,0.6281486600000008,0,0,0,0,0,0
1004,25,1786,1034,50.90359703475,-35.0978063775,5.0,2.421633252430312,5.086937732505583,5.457041483750018,0.82444511624999,0,0,0,0,0,0
1004,25,1789,1037,51.42181967925,-34.99573222025,6.5,2.421633252430312,5.086937732505583,5.614078648749974,0.7851858249999921,0,0,0,0,0,0
1004,25,1792,1040,52.026412764499995,-34.9407692125,8.5,2.421633252430312,5.086937732505583,5.731856522500003,1.2170380287500038,0,0,0,0,0,0
1004,25,1795,1043,52.56819098375,-34.7523246145,8.5,2.421633252430312,5.086937732505583,5.535560066250014,1.727408815000011,0,0,0,0,0,0
1004,25,1798,1046,53.13352477775,-34.5952874495,11.5,2.421633252430312,5.086937732505583,5.6925972312499695,1.5311123587499864,0,0,0,0,0,0
1004,25,1801,1049,53.706710429999994,-34.44610214275,12.5,2.421633252430312,5.086937732505583,5.653337940000007,1.8844459800000024,0,0,0,0,0,0
1004,25,1804,1052,54.26419236575,-34.2183982535,15.0,2.421633252430312,5.086937732505583,5.457041483750018,2.1592610187500227,0,0,0,0,0,0
1004,25,1807,1055,54.79811872675,-34.014249938999995,17.0,2.421633252430312,5.086937732505583,5.4570414837499825,2.3948167662500097,0,0,0,0,0,0
1004,25,1810,1058,55.355600662499995,-33.73943490025,19.0,2.421633252430312,5.086937732505583,5.378522901249987,2.826668969999986,0,0,0,0,0,0
1004,25,1813,1061,55.873823306999995,-33.448916145,21.0,2.421633252430312,5.086937732505583,5.339263610000025,2.551853931250001,0,0,0,0,0,0
1004,25,1816,1064,56.4234533845,-33.229064113999996,24.5,2.421633252430312,5.086937732505583,5.339263610000025,2.6303725137499967,0,0,0,0,0,0
1004,25,1819,1067,56.941676029,-32.92284164225,26.5,2.421633252430312,5.086937732505583,5.221485736249996,3.2192618824999997,0,0,0,0,0,0
1004,25,1822,1070,57.46775053175,-32.585211737499996,29.5,2.421633252430312,5.086937732505583,5.025189279999971,3.376299047499991,0,0,0,0,0,0
1004,25,1825,1073,57.946713884999994,-32.24758183275,33.0,2.421633252430312,5.086937732505583,4.711114949999988,3.4548176299999867,0,0,0,0,0,0
1004,25,1828,1076,58.40997352175,-31.8942482115,35.5,2.421633252430312,5.086937732505583,4.5540777850000325,3.49407692125002,0,0,0,0,0,0
1004,25,1831,1079,58.857529442,-31.548766448499997,37.5,2.421633252430312,5.086937732505583,4.593337076249995,3.925929124999996,0,0,0,0,0,0
1004,25,1834,1082,59.328640936999996,-31.1090623865,39.0,2.421633252430312,5.086937732505583,4.554077784999997,4.2400034549999965,0,0,0,0,0,0
1004,25,1837,1085,59.768344999,-30.700765757499997,43.5,2.421633252430312,5.086937732505583,3.925929124999996,4.043706998750007,0,0,0,0,0,0
1004,25,1840,1088,60.113826761999995,-30.30032098675,43.5,2.421633252430312,5.086937732505583,3.8081512512500026,4.2400034549999965,0,0,0,0,0,0
1004,25,1843,1091,60.52997524925,-29.852765066499998,48.0,2.421633252430312,5.086937732505583,3.8866698337499983,4.554077784999997,0,0,0,0,0,0
1004,25,1846,1094,60.891160728749995,-29.38950542975,49.5,2.421633252430312,5.086937732505583,3.7296326687499715,4.67185565874999,0,0,0,0,0,0
1004,25,1849,1097,61.275901782999995,-28.91839393475,51.0,2.421633252430312,5.086937732505583,3.4155583387500243,4.554077784999997,0,0,0,0,0,0
1004,25,1852,1100,61.5742723965,-28.47868987275,54.0,2.421633252430312,5.086937732505583,2.7481503875000257,4.554077785000015,0,0,0,0,0,0
1004,25,1855,1103,61.8255318605,-28.007578377749997,56.5,2.421633252430312,5.086937732505583,2.983706134999977,4.868152114999997,0,0,0,0,0,0
1004,25,1858,1106,62.171013623499995,-27.50505944975,59.0,2.421633252430312,5.086937732505583,3.022965426249975,4.985929988749991,0,0,0,0,0,0
1004,25,1861,1109,62.430124945749995,-27.01039238,62.0,2.421633252430312,5.086937732505583,2.4340760575000076,4.985929988750009,0,0,0,0,0,0
1004,25,1864,1112,62.657828835,-26.507873452,64.5,2.421633252430312,5.086937732505583,2.080742436250027,5.025189280000006,0,0,0,0,0,0
1004,25,1867,1115,62.846273433,-26.005354523999998,66.5,2.421633252430312,5.086937732505583,1.6096309412500176,5.064448571250004,0,0,0,0,0,0
1004,25,1870,1118,62.97975502325,-25.494983737749997,69.0,2.421633252430312,5.086937732505583,1.5703716499999842,5.182226444999998,0,0,0,0,0,0
1004,25,1873,1121,63.160347763,-24.968909234999998,72.5,2.421633252430312,5.086937732505583,1.4525937762499908,5.14296715375,0,0,0,0,0,0
1004,25,1876,1124,63.2702737785,-24.466390306999998,75.5,2.421633252430312,5.086937732505583,1.177778737500006,5.182226444999998,0,0,0,0,0,0
1004,25,1879,1127,63.3959035105,-23.932463946,78.5,2.421633252430312,5.086937732505583,1.0992601550000103,5.496300774999998,0,0,0,0,0,0
1004,25,1882,1130,63.4901258095,-23.367130151999998,80.5,2.421633252430312,5.086937732505583,0.588889368750003,5.496300774999998,0,0,0,0,0,0
1004,25,1885,1133,63.51368138425,-22.833203791,83.0,2.421633252430312,5.086937732505583,0.23555574749998698,5.339263609999989,0,0,0,0,0,0
1004,25,1888,1136,63.537236959,-22.29927743,83.5,2.421633252430312,5.086937732505583,0.11777787374999349,5.378522901250005,0,0,0,0,0,0
1004,25,1891,1139,63.537236959,-21.757499210749998,85.0,2.421633252430312,5.086937732505583,0.0,5.182226444999998,0,0,0,0,0,0
1004,25,1894,1142,63.537236959,-21.262832141,87.0,2.421633252430312,5.086937732505583,-0.23555574749998698,5.14296715375,0,0,0,0,0,0
1004,25,1897,1145,63.4901258095,-20.728905779999998,89.0,2.421633252430312,5.086937732505583,-0.3925929125000138,5.4177821925000025,0,0,0,0,0,0
1004,25,1900,1148,63.458718376499995,-20.1792757025,91.0,2.421633252430312,5.086937732505583,-0.15703716500002685,5.496300774999998,0,0,0,0,0,0
1004,25,1903,1151,63.458718376499995,-19.629645625,93.0,2.421633252430312,5.086937732505583,-0.5103707862500073,5.260745027500011,0,0,0,0,0,0
1004,25,1906,1154,63.35664421924999,-19.127126696999998,94.5,2.421633252430312,5.086937732505583,-0.9422229899999834,5.025189279999989,0,0,0,0,0,0
1004,25,1909,1157,63.2702737785,-18.624607769,95.5,2.421633252430312,5.086937732505583,-0.5496300774999696,5.300004318749991,0,0,0,0,0,0
1004,25,1912,1160,63.24671820375,-18.06712583325,97.0,2.421633252430312,5.086937732505583,-0.8637044075000233,5.260745027500011,0,0,0,0,0,0
1004,25,1915,1163,63.097532896999994,-17.5724587635,97.0,2.421633252430312,5.086937732505583,-1.2170380287500038,4.8288928237499995,0,0,0,0,0,0
1004,25,1918,1166,63.003310598,-17.1013472685,97.0,2.421633252430312,5.086937732505583,-0.82444511624999,5.221485736249996,0,0,0,0,0,0
1004,25,1921,1169,62.932643873749996,-16.52816161625,98.0,2.421633252430312,5.086937732505583,-1.0207415725000146,5.260745027499993,0,0,0,0,0,0
1004,25,1924,1172,62.799162283499996,-16.049198263,98.0,2.421633252430312,5.086937732505583,-0.9814822812499813,5.064448571250004,0,0,0,0,0,0
1004,25,1927,1175,62.7363474175,-15.515271901999999,98.0,2.421633252430312,5.086937732505583,-0.6281486600000008,5.182226445000007,0,0,0,0,0,0
1004,25,1930,1178,62.673532551499996,-15.012752974,98.0,2.421633252430312,5.086937732505583,-0.6281486600000008,5.182226444999998,0,0,0,0,0,0
1004,25,1933,1181,62.6107176855,-14.478826612999999,98.0,2.421633252430312,5.086937732505583,-0.7851858249999921,5.182226444999998,0,0,0,0,0,0
1004,25,1936,1184,62.5164953865,-13.976307685,98.0,2.421633252430312,5.086937732505583,-0.7851858250000276,5.0251892799999975,0,0,0,0,0,0
1004,25,1939,1187,62.453680520499994,-13.473788757,98.0,2.421633252430312,5.086937732505583,-0.7851858249999921,4.868152115000006,0,0,0,0,0,0
1004,25,1942,1190,62.3594582215,-13.002677261999999,98.0,2.421633252430312,5.086937732505583,-0.47111149499997396,4.868152114999997,0,0,0,0,0,0
1004,25,1945,1193,62.3594582215,-12.500158334,98.0,2.421633252430312,5.086937732505583,-0.4711114950000095,4.868152114999997,0,0,0,0,0,0
1004,25,1948,1196,62.2652359225,-12.029046839,98.0,2.421633252430312,5.086937732505583,-0.4711114950000095,4.554077785000006,0,0,0,0,0,0
1004,25,1951,1199,62.2652359225,-11.589342776999999,98.0,2.421633252430312,5.086937732505583,0.15703716499999132,4.711114949999997,0,0,0,0,0,0
1004,25,1954,1202,62.296643355499995,-11.086823849,98.0,2.421633252430312,5.086937732505583,-0.11777787374999349,4.8288928237499995,0,0,0,0,0,0
1004,25,1957,1205,62.24168034775,-10.623564212249999,95.5,2.421633252430312,5.086937732505583,-0.3925929124999783,4.6325963675000015,0,0,0,0,0,0
1004,25,1960,1208,62.218124773,-10.1603045755,96.5,2.421633252430312,5.086937732505583,-0.27481503875002034,4.671855658749999,0,0,0,0,0,0
1004,25,1963,1211,62.186717339999994,-9.689193080499999,96.5,2.421633252430312,5.086937732505583,-0.4711114950000095,4.554077784999997,0,0,0,0,0,0
1004,25,1966,1214,62.123902474,-9.2494890185,96.5,2.421633252430312,5.086937732505583,-0.47111149499997396,4.2400034549999965,0,0,0,0,0,0
1004,25,1969,1217,62.092495041,-8.8411923895,96.5,2.421633252430312,5.086937732505583,-0.43185220375001165,4.004447707500001,0,0,0,0,0,0
1004,25,1972,1220,62.037532033249995,-8.448599477,96.0,2.421633252430312,5.086937732505583,-0.3925929125000138,4.004447707500001,0,0,0,0,0,0
1004,25,1975,1223,62.0139764585,-8.040302848,96.0,2.421633252430312,5.086937732505583,-0.4318522037499761,3.9259291250000006,0,0,0,0,0,0
1004,25,1978,1226,61.9511615925,-7.663413652,94.5,2.421633252430312,5.086937732505583,-0.4711114950000095,3.611854795,0,0,0,0,0,0
1004,25,1981,1229,61.919754159499995,-7.317931889,94.5,2.421633252430312,5.086937732505583,-0.31407433000001816,3.7688919600000004,0,0,0,0,0,0
1004,25,1984,1232,61.8883467265,-6.90963526,94.5,2.421633252430312,5.086937732505583,-0.31407432999998264,3.7688919600000004,0,0,0,0,0,0
1004,25,1987,1235,61.8569392935,-6.5641534969999995,94.5,2.421633252430312,5.086937732505583,-0.31407432999998264,3.2977804649999998,0,0,0,0,0,0
1004,25,1990,1238,61.8255318605,-6.250079167,94.5,2.421633252430312,5.086937732505583,-0.31407433000001816,3.2977804649999998,0,0,0,0,0,0
1004,25,1993,1241,61.794124427499995,-5.9045974039999995,94.5,2.421633252430312,5.086937732505583,0.0,3.2977804649999998,0,0,0,0,0,0
1004,25,1996,1244,61.8255318605,-5.590523074,94.5,2.421633252430312,5.086937732505583,0.15703716500002685,2.9837061349999994,0,0,0,0,0,0
1004,25,1999,1247,61.8255318605,-5.307856177,94.5,2.421633252430312,5.086937732505583,0.0,2.9837061349999994,0,0,0,0,0,0
1004,25,2002,1250,61.8255318605,-4.993781847,94.5,2.421633252430312,5.086937732505583,0.0,2.826668969999999,0,0,0,0,0,0
1004,25,2005,1253,61.8255318605,-4.742522383,94.5,2.421633252430312,5.086937732505583,-0.15703716500002685,2.512594640000003,0,0,0,0,0,0
1004,25,2008,1256,61.794124427499995,-4.4912629189999995,94.5,2.421633252430312,5.086937732505583,-0.15703716500002685,2.5125946399999988,0,0,0,0,0,0
1004,25,2011,1259,61.794124427499995,-4.240003455,94.5,2.421633252430312,5.086937732505583,-0.15703716499999132,2.1985203099999984,0,0,0,0,0,0
1004,25,2014,1262,61.762716994499996,-4.051558857,94.5,2.421633252430312,5.086937732505583,-0.31407432999998264,2.0414831450000004,0,0,0,0,0,0
1004,25,2017,1265,61.7313095615,-3.831706826,94.5,2.421633252430312,5.086937732505583,-0.15703716499999132,2.355557475000001,0,0,0,0,0,0
1004,25,2020,1268,61.7313095615,-3.5804473619999997,94.5,2.421633252430312,5.086937732505583,0.0,2.1985203100000006,0,0,0,0,0,0
1004,25,2023,1271,61.7313095615,-3.392002764,94.5,2.421633252430312,5.086937732505583,-0.15703716499999132,1.8844459800000002,0,0,0,0,0,0
1004,25,2026,1274,61.6999021285,-3.2035581659999997,94.5,2.421633252430312,5.086937732505583,-0.19629645624998915,2.0414831450000004,0,0,0,0,0,0
1004,25,2029,1277,61.69205027025,-2.983706135,93.0,2.421633252430312,5.086937732505583,-0.3925929125000138,1.884445979999998,0,0,0,0,0,0
1004,25,2032,1280,61.621383546,-2.82666897,93.0,2.421633252430312,5.086937732505583,-0.19629645625002468,1.5703716499999998,0,0,0,0,0,0
1004,25,2035,1283,61.652790978999995,-2.669631805,93.0,2.421633252430312,5.086937732505583,0.31407432999998264,1.570371650000002,0,0,0,0,0,0
1004,12,755,0,116.7257247445,-30.0726170975,181.0,2.6389720620736763,5.873945716218683,-6.595560930000062,0.0,0,0,0,0,0,0
1004,12,758,3,116.06616865149999,-30.0726170975,181.0,2.6389720620736763,5.873945716218683,-7.223709590000027,-0.15703716499999132,0,0,0,0,0,0
1004,12,761,6,115.2809828265,-30.1040245305,181.0,2.6389720620736763,5.873945716218683,-7.53778392000001,-0.15703716499999132,0,0,0,0,0,0
1004,12,764,9,114.55861186749999,-30.1040245305,181.0,2.6389720620736763,5.873945716218683,-7.851858249999992,-0.15703716500000908,0,0,0,0,0,0
1004,12,767,12,113.7106111765,-30.1354319635,181.0,2.6389720620736763,5.873945716218683,-7.851858249999992,-0.15703716500000908,0,0,0,0,0,0
1004,12,770,15,112.98824021749999,-30.1354319635,181.0,2.6389720620736763,5.873945716218683,-7.380746755000018,-0.15703716499999132,0,0,0,0,0,0
1004,12,773,18,112.23446182549999,-30.1668393965,181.0,2.6389720620736763,5.873945716218683,-7.694821085000001,-0.31407432999998264,0,0,0,0,0,0
1004,12,776,21,111.44927600049999,-30.198246829499997,181.0,2.6389720620736763,5.873945716218683,-7.694821085000001,-0.15703716499999132,0,0,0,0,0,0
1004,12,779,24,110.69549760849999,-30.198246829499997,181.0,2.6389720620736763,5.873945716218683,-7.694821085000001,-0.3140743300000004,0,0,0,0,0,0
1004,12,782,27,109.91031178349999,-30.261061695499997,181.0,2.6389720620736763,5.873945716218683,-7.851858249999992,-0.3140743300000004,0,0,0,0,0,0
1004,12,785,30,109.12512595849999,-30.261061695499997,181.0,2.6389720620736763,5.873945716218683,-8.008895414999984,-0.3140743300000004,0,0,0,0,0,0
1004,12,788,33,108.3085327005,-30.323876561499997,181.0,2.6389720620736763,5.873945716218683,-8.165932579999975,-0.4711114950000095,0,0,0,0,0,0
1004,12,791,36,107.4919394425,-30.3552839945,181.0,2.6389720620736763,5.873945716218683,-8.008895414999984,-0.15703716500000908,0,0,0,0,0,0
1004,12,794,39,106.7067536175,-30.3552839945,181.0,2.6389720620736763,5.873945716218683,-8.322969745000037,-0.4711114949999917,0,0,0,0,0,0
1004,12,797,42,105.82734549349999,-30.449506293499997,181.0,2.6389720620736763,5.873945716218683,-8.794081240000011,-0.4711114949999917,0,0,0,0,0,0
1004,12,800,45,104.9479373695,-30.449506293499997,181.0,2.6389720620736763,5.873945716218683,-9.108155569999994,0.0,0,0,0,0,0,0
1004,12,803,48,104.00571437949999,-30.449506293499997,181.0,2.6389720620736763,5.873945716218683,-8.794081240000011,0.0,0,0,0,0,0,0
1004,12,806,51,103.1891211215,-30.449506293499997,181.0,2.6389720620736763,5.873945716218683,-8.794081240000011,-0.15703716500000908,0,0,0,0,0,0
1004,12,809,54,102.24689813149999,-30.4809137265,181.0,2.6389720620736763,5.873945716218683,-9.422229899999977,-0.3140743300000004,0,0,0,0,0,0
1004,12,812,57,101.3046751415,-30.512321159499997,181.0,2.6389720620736763,5.873945716218683,-10.207415725000004,-0.15703716499999132,0,0,0,0,0,0
1004,12,815,60,100.20541498649999,-30.512321159499997,181.0,2.6389720620736763,5.873945716218683,-10.207415725000004,-0.15703716500000908,0,0,0,0,0,0
1004,12,818,63,99.2631919965,-30.5437285925,181.0,2.6389720620736763,5.873945716218683,-9.422229899999977,-0.15703716500000908,0,0,0,0,0,0
1004,12,821,66,98.3209690065,-30.5437285925,181.0,2.6389720620736763,5.873945716218683,-9.422229900000048,0.0,0,0,0,0,0,0
1004,12,824,69,97.37874601649999,-30.5437285925,181.0,2.6389720620736763,5.873945716218683,-9.73630422999996,-0.15703716499999132,0,0,0,0,0,0
1004,12,827,72,96.3737081605,-30.575136025499997,181.0,2.6389720620736763,5.873945716218683,-11.149638714999952,-0.4711114949999917,0,0,0,0,0,0
1004,12,830,75,95.1488182735,-30.637950891499997,181.0,2.6389720620736763,5.873945716218683,-10.83556438500004,-0.3140743300000004,0,0,0,0,0,0
1004,12,833,78,94.2065952835,-30.637950891499997,181.0,2.6389720620736763,5.873945716218683,-10.207415725000004,0.0,0,0,0,0,0,0
1004,12,836,81,93.1073351285,-30.637950891499997,181.0,2.6389720620736763,5.873945716218683,-11.306675880000014,-0.15703716500000908,0,0,0,0,0,0
1004,12,839,84,91.94526010749999,-30.6693583245,181.0,2.6389720620736763,5.873945716218683,-10.83556438500004,-0.3140743300000004,0,0,0,0,0,0
1004,12,842,87,90.94022225149999,-30.700765757499997,181.0,2.6389720620736763,5.873945716218683,-10.678527219999978,-0.3140743300000004,0,0,0,0,0,0
1004,12,845,90,89.8095546635,-30.7321731905,181.0,2.6389720620736763,5.873945716218683,-11.306675879999943,-0.3140743300000004,0,0,0,0,0,0
1004,12,848,93,88.6788870755,-30.763580623499998,181.0,2.6389720620736763,5.873945716218683,-11.620750209999997,-0.15703716499999132,0,0,0,0,0,0
1004,12,851,96,87.4854046215,-30.763580623499998,181.0,2.6389720620736763,5.873945716218683,-11.306675880000014,0.0,0,0,0,0,0,0
1004,12,854,99,86.4175518995,-30.763580623499998,181.0,2.6389720620736763,5.873945716218683,-10.83556438499997,0.0,0,0,0,0,0,0
1004,12,857,102,85.3182917445,-30.763580623499998,181.0,2.6389720620736763,5.873945716218683,-11.306675880000014,-0.3140743300000004,0,0,0,0,0,0
1004,12,860,105,84.1562167235,-30.826395489499998,181.0,2.6389720620736763,5.873945716218683,-11.77778737500006,-0.4711114950000095,0,0,0,0,0,0
1004,12,863,108,82.96273426949999,-30.8578029225,181.0,2.6389720620736763,5.873945716218683,-11.620750209999997,-0.15703716500000908,0,0,0,0,0,0
1004,12,866,111,81.8320666815,-30.8578029225,181.0,2.6389720620736763,5.873945716218683,-11.463713044999935,0.0,0,0,0,0,0,0
1004,12,869,114,80.6699916605,-30.8578029225,181.0,2.6389720620736763,5.873945716218683,-11.777787374999988,-0.15703716499999132,0,0,0,0,0,0
1004,12,872,117,79.4765092065,-30.889210355499998,181.0,2.6389720620736763,5.873945716218683,-11.620750209999997,-0.3140743300000004,0,0,0,0,0,0
1004,12,875,120,78.3458416185,-30.9206177885,181.0,2.6389720620736763,5.873945716218683,-12.091861705000042,-0.3140743300000004,0,0,0,0,0,0
1004,12,878,123,77.05813686549999,-30.952025221499998,181.0,2.6389720620736763,5.873945716218683,-11.93482454000005,-0.15703716499999132,0,0,0,0,0,0
1004,12,881,126,75.9588767105,-30.952025221499998,181.0,2.6389720620736763,5.873945716218683,-11.777787374999988,0.0,0,0,0,0,0,0
1004,12,884,129,74.70257939049999,-30.952025221499998,181.0,2.6389720620736763,5.873945716218683,-12.405936034999954,0.0,0,0,0,0,0,0
1004,12,887,132,73.4776895035,-30.952025221499998,181.0,2.6389720620736763,5.873945716218683,-11.93482453999998,0.0,0,0,0,0,0,0
1004,12,890,135,72.3156144825,-30.952025221499998,181.0,2.6389720620736763,5.873945716218683,-12.091861705000042,-0.4711114950000095,0,0,0,0,0,0
1004,12,893,138,71.0593171625,-31.0462475205,181.0,2.6389720620736763,5.873945716218683,-12.405936035000025,-0.4711114950000095,0,0,0,0,0,0
1004,12,896,141,69.83442727549999,-31.0462475205,181.0,2.6389720620736763,5.873945716218683,-12.405936034999954,0.0,0,0,0,0,0,0
1004,12,899,144,68.5781299555,-31.0462475205,181.0,2.6389720620736763,5.873945716218683,-12.562973199999945,0.0,0,0,0,0,0,0
1004,12,902,147,67.3218326355,-31.0462475205,181.0,2.6389720620736763,5.873945716218683,-12.720010365000007,0.0,0,0,0,0,0,0
1004,12,905,150,66.0341278825,-31.0462475205,181.0,2.6389720620736763,5.873945716218683,-12.720010365000007,-0.15703716499999132,0,0,0,0,0,0
1004,12,908,153,64.7778305625,-31.077654953499998,181.0,2.6389720620736763,5.873945716218683,-12.720010365000007,-0.3140743300000004,0,0,0,0,0,0
1004,12,911,156,63.4901258095,-31.1090623865,181.0,2.6389720620736763,5.873945716218683,-12.720010365000007,-0.15703716500000908,0,0,0,0,0,0
1004,12,914,159,62.2338284895,-31.1090623865,181.0,2.6389720620736763,5.873945716218683,-12.562973200000016,0.0,0,0,0,0,0,0
1004,12,917,162,60.9775311695,-31.1090623865,181.0,2.6389720620736763,5.873945716218683,-12.562973200000016,0.0,0,0,0,0,0,0
1004,12,920,165,59.721233849499995,-31.1090623865,181.0,2.6389720620736763,5.873945716218683,-12.562973200000016,0.0,0,0,0,0,0,0
1004,12,923,168,58.464936529499994,-31.1090623865,181.0,2.6389720620736763,5.873945716218683,-12.56297319999998,-0.3140743300000004,0,0,0,0,0,0
1004,12,926,171,57.2086392095,-31.1718772525,181.0,2.6389720620736763,5.873945716218683,-12.56297319999998,-0.4711114949999917,0,0,0,0,0,0
1004,12,929,174,55.9523418895,-31.203284685499998,181.0,2.6389720620736763,5.873945716218683,-12.562973200000016,-0.15703716499999132,0,0,0,0,0,0
1004,12,932,177,54.696044569499996,-31.203284685499998,181.0,2.6389720620736763,5.873945716218683,-12.562973200000016,0.0,0,0,0,0,0,0
1004,12,935,180,53.439747249499995,-31.203284685499998,181.0,2.6389720620736763,5.873945716218683,-12.40593603499999,0.0,0,0,0,0,0,0
1004,12,938,183,52.2148573625,-31.203284685499998,181.0,2.6389720620736763,5.873945716218683,-12.40593603499999,-0.4711114950000095,0,0,0,0,0,0
1004,12,941,186,50.9585600425,-31.2975069845,181.0,2.6389720620736763,5.873945716218683,-12.562973200000016,-0.4711114950000095,0,0,0,0,0,0
1004,12,944,189,49.702262722499995,-31.2975069845,181.0,2.6389720620736763,5.873945716218683,-12.56297319999998,0.0,0,0,0,0,0,0
1004,12,947,192,48.4459654025,-31.2975069845,181.0,2.6389720620736763,5.873945716218683,-12.56297319999998,0.0,0,0,0,0,0,0
1004,12,950,195,47.1896680825,-31.2975069845,181.0,2.6389720620736763,5.873945716218683,-12.562973200000016,0.0,0,0,0,0,0,0
1004,12,953,198,45.9333707625,-31.2975069845,181.0,2.6389720620736763,5.873945716218683,-12.562973200000016,0.0,0,0,0,0,0,0
1004,12,956,201,44.677073442499996,-31.2975069845,181.0,2.6389720620736763,5.873945716218683,-12.56297319999998,-0.15703716499999132,0,0,0,0,0,0
1004,12,959,204,43.4207761225,-31.3289144175,181.0,2.6389720620736763,5.873945716218683,-12.56297319999998,-0.15703716499999132,0,0,0,0,0,0
1004,12,962,207,42.1644788025,-31.3289144175,181.0,2.6389720620736763,5.873945716218683,-12.720010365000007,-0.15703716500000908,0,0,0,0,0,0
1004,12,965,210,40.8767740495,-31.3603218505,181.0,2.6389720620736763,5.873945716218683,-13.348159025000008,-0.15703716500000908,0,0,0,0,0,0
1004,12,968,213,39.4948469975,-31.3603218505,181.0,2.6389720620736763,5.873945716218683,-13.66223335499999,0.0,0,0,0,0,0,0
1004,12,971,216,38.1443273785,-31.3603218505,181.0,2.6389720620736763,5.873945716218683,-13.191121860000017,-0.3140743300000004,0,0,0,0,0,0
1004,12,974,219,36.856622625499995,-31.4231367165,181.0,2.6389720620736763,5.873945716218683,-13.191121860000017,-0.4711114949999917,0,0,0,0,0,0
1004,12,977,222,35.5061030065,-31.4545441495,181.0,2.6389720620736763,5.873945716218683,-13.66223335499999,-0.15703716499999132,0,0,0,0,0,0
1004,12,980,225,34.1241759545,-31.4545441495,181.0,2.6389720620736763,5.873945716218683,-13.66223335499999,0.0,0,0,0,0,0,0
1004,12,983,228,32.7736563355,-31.4545441495,181.0,2.6389720620736763,5.873945716218683,-13.34815902499999,0.0,0,0,0,0,0,0
1004,12,986,231,31.4545441495,-31.4545441495,181.0,2.6389720620736763,5.873945716218683,-13.662233355000009,0.0,0,0,0,0,0,0
1004,12,989,234,30.0412096645,-31.4545441495,181.0,2.6389720620736763,5.873945716218683,-13.81927052,-0.3140743300000004,0,0,0,0,0,0
1004,12,992,237,28.6906900455,-31.5173590155,181.0,2.6389720620736763,5.873945716218683,-13.50519619,-0.4711114949999917,0,0,0,0,0,0
1004,12,995,240,27.3401704265,-31.548766448499997,181.0,2.6389720620736763,5.873945716218683,-13.66223335499999,-0.15703716499999132,0,0,0,0,0,0
1004,12,998,243,25.9582433745,-31.548766448499997,181.0,2.6389720620736763,5.873945716218683,-13.50519619,0.0,0,0,0,0,0,0
1004,12,1001,246,24.6391311885,-31.548766448499997,181.0,2.6389720620736763,5.873945716218683,-13.662233355000009,-0.3140743300000004,0,0,0,0,0,0
1004,12,1004,249,23.2257967035,-31.611581314499997,181.0,2.6389720620736763,5.873945716218683,-13.976307684999991,-0.6281486600000008,0,0,0,0,0,0
1004,12,1007,252,21.8438696515,-31.674396180499997,181.0,2.6389720620736763,5.873945716218683,-13.66223335499999,-0.3140743300000004,0,0,0,0,0,0
1004,12,1010,255,20.4933500325,-31.674396180499997,181.0,2.6389720620736763,5.873945716218683,-13.50519619,-0.3140743300000004,0,0,0,0,0,0
1004,12,1013,258,19.1428304135,-31.737211046499997,181.0,2.6389720620736763,5.873945716218683,-13.50519619,-0.3140743300000004,0,0,0,0,0,0
1004,12,1016,261,17.7923107945,-31.737211046499997,181.0,2.6389720620736763,5.873945716218683,-13.662233355000009,-0.15703716500000908,0,0,0,0,0,0
1004,12,1019,264,16.4103837425,-31.7686184795,181.0,2.6389720620736763,5.873945716218683,-13.348159025000008,-0.15703716500000908,0,0,0,0,0,0
1004,12,1022,267,15.122678989499999,-31.7686184795,181.0,2.6389720620736763,5.873945716218683,-13.50519619,0.0,0,0,0,0,0,0
1004,12,1025,270,13.709344504499999,-31.7686184795,181.0,2.6389720620736763,5.873945716218683,-13.81927052,-0.4711114949999917,0,0,0,0,0,0
1004,12,1028,273,12.358824885499999,-31.862840778499997,181.0,2.6389720620736763,5.873945716218683,-13.662233355,-0.6281486600000008,0,0,0,0,0,0
1004,12,1031,276,10.976897833499999,-31.8942482115,181.0,2.6389720620736763,5.873945716218683,-13.81927052,-0.3140743300000004,0,0,0,0,0,0
1004,12,1034,279,9.594970781499999,-31.925655644499997,181.0,2.6389720620736763,5.873945716218683,-13.662233355,-0.3140743300000004,0,0,0,0,0,0
1004,12,1037,282,8.244451162499999,-31.9570630775,181.0,2.6389720620736763,5.873945716218683,-13.348159024999994,-0.4711114950000095,0,0,0,0,0,0
1004,12,1040,285,6.9253389765,-32.0198779435,181.0,2.6389720620736763,5.873945716218683,-13.505196189999996,-0.3140743300000004,0,0,0,0,0,0
1004,12,1043,288,5.5434119245,-32.0198779435,181.0,2.6389720620736763,5.873945716218683,-13.50519619,0.0,0,0,0,0,0,0
1004,12,1046,291,4.2242997385,-32.0198779435,181.0,2.6389720620736763,5.873945716218683,-12.955566112500001,0.0,0,0,0,0,0,0
1004,12,1049,294,2.9522987019999998,-32.0198779435,181.0,2.6389720620736763,5.873945716218683,-12.720010365000002,0.0,0,0,0,0,0,0
1004,13,839,0,117.2596511055,-30.213950546,180.5,0,0,-7.223709590000027,-0.31407432999998264,0,0,0,0,0,0
1004,13,842,3,116.5372801465,-30.245357978999998,180.5,0,0,-8.480006910000029,-0.15703716499999132,0,0,0,0,0,0
1004,13,845,6,115.56364972349999,-30.245357978999998,180.5,0,0,-7.694821085000001,0.0,0,0,0,0,0,0
1004,13,848,9,114.9983159295,-30.245357978999998,180.5,0,0,-6.595560929999991,0.0,0,0,0,0,0,0
1004,13,851,12,114.2445375375,-30.245357978999998,180.5,0,0,-7.223709590000027,0.0,0,0,0,0,0,0
1004,13,854,15,113.55357401149999,-30.245357978999998,180.5,0,0,-7.380746755000018,0.0,0,0,0,0,0,0
1004,13,857,18,112.76838818649999,-30.245357978999998,180.5,0,0,-8.165932579999975,-0.15703716500000908,0,0,0,0,0,0
1004,13,860,21,111.9203874955,-30.276765412,180.5,0,0,-7.851858249999992,-0.15703716500000908,0,0,0,0,0,0
1004,13,863,24,111.19801653649999,-30.276765412,180.5,0,0,-7.851858249999992,-0.15703716499999132,0,0,0,0,0,0
1004,13,866,27,110.3500158455,-30.308172844999998,180.5,0,0,-8.322969744999966,-0.15703716499999132,0,0,0,0,0,0
1004,13,869,30,109.5334225875,-30.308172844999998,180.5,0,0,-8.165932579999975,0.0,0,0,0,0,0,0
1004,13,872,33,108.7168293295,-30.308172844999998,180.5,0,0,-8.480006910000029,0.0,0,0,0,0,0,0
1004,13,875,36,107.8374212055,-30.308172844999998,180.5,0,0,-8.322969745000037,-0.4711114950000095,0,0,0,0,0,0
1004,13,878,39,107.0522353805,-30.402395144,180.5,0,0,-8.63704407500002,-0.4711114950000095,0,0,0,0,0,0
1004,13,881,42,106.11001239049999,-30.402395144,180.5,0,0,-8.794081240000011,-0.15703716499999132,0,0,0,0,0,0
1004,13,884,45,105.29341913249999,-30.433802576999998,180.5,0,0,-8.637044074999949,-0.15703716499999132,0,0,0,0,0,0
1004,13,887,48,104.3826035755,-30.433802576999998,180.5,0,0,-8.794081240000011,-0.3140743300000004,0,0,0,0,0,0
1004,13,890,51,103.53460288449999,-30.496617442999998,180.5,0,0,-9.108155569999994,-0.3140743300000004,0,0,0,0,0,0
1004,13,893,54,102.5609724615,-30.496617442999998,180.5,0,0,-9.73630422999996,0.0,0,0,0,0,0,0
1004,13,896,57,101.5873420385,-30.496617442999998,180.5,0,0,-9.73630423000003,0.0,0,0,0,0,0,0
1004,13,899,60,100.6137116155,-30.496617442999998,180.5,0,0,-9.265192734999985,-0.15703716500000908,0,0,0,0,0,0
1004,13,902,63,99.7343034915,-30.528024876,180.5,0,0,-9.265192734999985,-0.3140743300000004,0,0,0,0,0,0
1004,13,905,66,98.7606730685,-30.559432308999998,180.5,0,0,-9.893341395000022,-0.15703716499999132,0,0,0,0,0,0
1004,13,908,69,97.7556352125,-30.559432308999998,180.5,0,0,-9.73630423000003,-0.3140743300000004,0,0,0,0,0,0
1004,13,911,72,96.81341222249999,-30.622247175,180.5,0,0,-9.893341395000022,-0.4711114950000095,0,0,0,0,0,0
1004,13,914,75,95.77696693349999,-30.653654608,180.5,0,0,-9.89334139499995,-0.4711114950000095,0,0,0,0,0,0
1004,13,917,78,94.8347439435,-30.716469474,180.5,0,0,-10.050378560000013,-0.4711114949999917,0,0,0,0,0,0
1004,13,920,81,93.76689122149999,-30.747876907,180.5,0,0,-10.050378560000013,-0.15703716499999132,0,0,0,0,0,0
1004,13,923,84,92.8246682315,-30.747876907,180.5,0,0,-9.422229899999977,-0.15703716500000908,0,0,0,0,0,0
1004,13,926,87,91.8824452415,-30.77928434,180.5,0,0,-9.579267065000039,-0.15703716500000908,0,0,0,0,0,0
1004,13,929,90,90.90881481849999,-30.77928434,180.5,0,0,-10.050378560000013,-0.31407432999998264,0,0,0,0,0,0
1004,13,932,93,89.87236952949999,-30.842099205999997,180.5,0,0,-9.89334139499995,-0.628148659999983,0,0,0,0,0,0
1004,13,935,96,88.9301465395,-30.904914071999997,180.5,0,0,-10.050378560000013,-0.3140743300000004,0,0,0,0,0,0
1004,13,938,99,87.86229381749999,-30.904914071999997,180.5,0,0,-10.207415725000004,-0.3140743300000004,0,0,0,0,0,0
1004,13,941,102,86.8886633945,-30.967728937999997,180.5,0,0,-9.579267064999968,-0.3140743300000004,0,0,0,0,0,0
1004,13,944,105,85.9464404045,-30.967728937999997,180.5,0,0,-10.050378560000013,-0.15703716500000908,0,0,0,0,0,0
1004,13,947,108,84.8785876825,-30.999136371,180.5,0,0,-10.364452889999995,-0.15703716500000908,0,0,0,0,0,0
1004,13,950,111,83.8735498265,-30.999136371,180.5,0,0,-9.73630423000003,0.0,0,0,0,0,0,0
1004,13,953,114,82.93132683649999,-30.999136371,180.5,0,0,-9.579267064999968,0.0,0,0,0,0,0,0
1004,13,956,117,81.9576964135,-30.999136371,180.5,0,0,-9.73630422999996,0.0,0,0,0,0,0,0
1004,13,959,120,80.9840659905,-30.999136371,180.5,0,0,-9.73630423000003,-0.15703716499999132,0,0,0,0,0,0
1004,13,962,123,80.0104355675,-31.030543803999997,180.5,0,0,-9.893341395000022,-0.15703716499999132,0,0,0,0,0,0
1004,13,965,126,79.0053977115,-31.030543803999997,180.5,0,0,-10.207415725000004,0.0,0,0,0,0,0,0
1004,13,968,129,77.9689524225,-31.030543803999997,180.5,0,0,-10.521490054999987,-0.15703716500000908,0,0,0,0,0,0
1004,13,971,132,76.9010997005,-31.061951237,180.5,0,0,-10.364452889999995,-0.15703716500000908,0,0,0,0,0,0
1004,13,974,135,75.8960618445,-31.061951237,180.5,0,0,-10.207415725000004,0.0,0,0,0,0,0,0
1004,13,977,138,74.8596165555,-31.061951237,180.5,0,0,-10.678527219999978,0.15703716500000908,0,0,0,0,0,0
1004,13,980,141,73.7603564005,-31.030543803999997,180.5,0,0,-10.83556438499997,0.15703716500000908,0,0,0,0,0,0
1004,13,983,144,72.6925036785,-31.030543803999997,180.5,0,0,-10.364452889999995,0.0,0,0,0,0,0,0
1004,13,986,147,71.6874658225,-31.030543803999997,180.5,0,0,-10.67852722000005,0.0,0,0,0,0,0,0
1004,13,989,150,70.5567982345,-31.030543803999997,180.5,0,0,-10.67852722000005,-0.15703716500000908,0,0,0,0,0,0
1004,13,992,153,69.55176037849999,-31.061951237,180.5,0,0,-10.207415725000004,-0.15703716500000908,0,0,0,0,0,0
1004,13,995,156,68.51531508949999,-31.061951237,180.5,0,0,-10.364452889999995,0.0,0,0,0,0,0,0
1004,13,998,159,67.4788698005,-31.061951237,180.5,0,0,-10.678527219999978,0.0,0,0,0,0,0,0
1004,13,1001,162,66.3796096455,-31.061951237,180.5,0,0,-10.99260154999996,0.0,0,0,0,0,0,0
1004,13,1004,165,65.2803494905,-31.061951237,180.5,0,0,-10.83556438499997,-0.15703716499999132,0,0,0,0,0,0
1004,13,1007,168,64.2124967685,-31.093358669999997,180.5,0,0,-10.835564385000005,0.0,0,0,0,0,0,0
1004,13,1010,171,63.1132366135,-31.061951237,180.5,0,0,-10.796305093750043,0.11777787374999349,0,0,0,0,0,0
1004,13,1013,174,62.053235749749994,-31.06980309525,180.5,0,0,-10.678527220000014,0.15703716500000908,0,0,0,0,0,0
1004,13,1016,177,60.9775311695,-31.030543803999997,180.5,0,0,-10.717786511249976,0.1962964562500069,0,0,0,0,0,0
1004,13,1019,180,59.9096784475,-31.030543803999997,180.5,0,0,-10.835564385000005,0.0,0,0,0,0,0,0
1004,13,1022,183,58.810418292499996,-31.030543803999997,180.5,0,0,-10.992601549999996,0.0,0,0,0,0,0,0
1004,13,1025,186,57.7111581375,-31.030543803999997,180.5,0,0,-10.835564385000005,0.0,0,0,0,0,0,0
1004,13,1028,189,56.643305415499995,-31.030543803999997,180.5,0,0,-10.835564385000005,-0.15703716500000908,0,0,0,0,0,0
1004,13,1031,192,55.5440452605,-31.061951237,180.5,0,0,-10.992601549999996,-0.3140743300000004,0,0,0,0,0,0
1004,13,1034,195,54.444785105499996,-31.093358669999997,180.5,0,0,-10.992601549999996,0.0,0,0,0,0,0,0
1004,13,1037,198,53.3455249505,-31.061951237,180.5,0,0,-10.678527219999978,0.15703716499999132,0,0,0,0,0,0
1004,13,1040,201,52.3090796615,-31.061951237,180.5,0,0,-10.835564385000005,0.0,0,0,0,0,0,0
1004,13,1043,204,51.1784120735,-31.061951237,180.5,0,0,-10.992601549999996,0.0,0,0,0,0,0,0
1004,13,1046,207,50.1105593515,-31.061951237,180.5,0,0,-10.678527220000014,0.0,0,0,0,0,0,0
1004,13,1049,210,49.042706629499996,-31.061951237,180.5,0,0,-10.521490055000022,0.0,0,0,0,0,0,0
1004,13,1052,213,48.0062613405,-31.061951237,180.5,0,0,-10.521490054999987,0.0,0,0,0,0,0,0
1004,13,1055,216,46.9384086185,-31.061951237,180.5,0,0,-10.521490054999987,0.0,0,0,0,0,0,0
1004,13,1058,219,45.9019633295,-31.061951237,180.5,0,0,-10.364452889999995,-0.3140743300000004,0,0,0,0,0,0
1004,13,1061,222,44.8655180405,-31.124766103,180.5,0,0,-10.364452889999995,-0.4711114949999917,0,0,0,0,0,0
1004,13,1064,225,43.8290727515,-31.156173535999997,180.5,0,0,-10.364452889999995,-0.15703716499999132,0,0,0,0,0,0
1004,13,1067,228,42.7926274625,-31.156173535999997,180.5,0,0,-10.364452889999995,0.0,0,0,0,0,0,0
1004,13,1070,231,41.7561821735,-31.156173535999997,180.5,0,0,-10.207415725000004,-0.15703716500000908,0,0,0,0,0,0
1004,13,1073,234,40.7511443175,-31.187580969,180.5,0,0,-10.207415725000004,-0.15703716500000908,0,0,0,0,0,0
1004,13,1076,237,39.7146990285,-31.187580969,180.5,0,0,-10.835564385000005,-0.15703716499999132,0,0,0,0,0,0
1004,13,1079,240,38.5840314405,-31.218988401999997,180.5,0,0,-11.149638715000023,-0.4711114949999917,0,0,0,0,0,0
1004,13,1082,243,37.484771285499995,-31.281803267999997,180.5,0,0,-10.678527220000014,-0.6281486600000008,0,0,0,0,0,0
1004,13,1085,246,36.448325996499996,-31.344618133999997,180.5,0,0,-10.83556438499997,-0.3140743300000004,0,0,0,0,0,0
1004,13,1088,249,35.3176584085,-31.344618133999997,180.5,0,0,-11.149638714999988,0.0,0,0,0,0,0,0
1004,13,1091,252,34.2183982535,-31.344618133999997,180.5,0,0,-10.992601550000032,-0.15703716500000908,0,0,0,0,0,0
1004,13,1094,255,33.119138098499995,-31.376025567,180.5,0,0,-10.835564385000005,-0.4711114950000095,0,0,0,0,0,0
1004,13,1097,258,32.0512853765,-31.438840433,180.5,0,0,-11.306675879999979,-0.6281486600000008,0,0,0,0,0,0
1004,13,1100,261,30.8578029225,-31.501655299,180.5,0,0,-11.777787374999988,-0.3140743300000004,0,0,0,0,0,0
1004,13,1103,264,29.6957279015,-31.501655299,180.5,0,0,-11.306675879999997,-0.3140743300000004,0,0,0,0,0,0
1004,13,1106,267,28.5964677465,-31.564470165,180.5,0,0,-11.149638715000005,-0.4711114949999917,0,0,0,0,0,0
1004,13,1109,270,27.4658001585,-31.595877597999998,180.5,0,0,-10.992601550000014,-0.15703716499999132,0,0,0,0,0,0
1004,13,1112,273,26.397947436499997,-31.595877597999998,180.5,0,0,-11.306675879999997,-0.6281486600000008,0,0,0,0,0,0
1004,13,1115,276,25.2044649825,-31.721507329999998,180.5,0,0,-11.777787374999988,-0.4711114950000095,0,0,0,0,0,0
1004,13,1118,279,24.0423899615,-31.690099897,180.5,0,0,-11.149638715000005,0.0,0,0,0,0,0,0
1004,13,1121,282,22.9745372395,-31.721507329999998,180.5,0,0,-10.835564385000005,-0.6281486600000008,0,0,0,0,0,0
1004,13,1124,285,21.8752770845,-31.815729629,180.5,0,0,-11.620750209999997,-0.6281486600000008,0,0,0,0,0,0
1004,13,1127,288,20.6503871975,-31.847137061999998,180.5,0,0,-11.620750209999997,-0.4711114949999917,0,0,0,0,0,0
1004,13,1130,291,19.5511270425,-31.909951927999998,180.5,0,0,-11.306675879999997,-0.4711114950000095,0,0,0,0,0,0
1004,13,1133,294,18.3890520215,-31.941359361,180.5,0,0,-11.306675879999997,-0.4711114950000095,0,0,0,0,0,0
1004,13,1136,297,17.2897918665,-32.004174227,180.5,0,0,-11.306675879999997,-0.15703716499999132,0,0,0,0,0,0
1004,13,1139,300,16.1277168455,-31.972766793999998,180.5,0,0,-11.934824540000006,0.15703716500000908,0,0,0,0,0,0
1004,13,1142,303,14.902826958499999,-31.972766793999998,180.5,0,0,-11.306675880000006,-0.15703716500000908,0,0,0,0,0,0
1004,13,1145,306,13.866381669499999,-32.004174227,180.5,0,0,-10.992601549999996,-0.5496300774999874,0,0,0,0,0,0
1004,13,1148,309,12.7043066485,-32.082692809499996,180.5,0,0,-11.306675879999997,-0.31407432999998264,0,0,0,0,0,0
1004,13,1151,312,11.6050464935,-32.066989093,180.5,0,0,-11.463713044999997,0.07851858249999566,0,0,0,0,0,0
1004,13,1154,315,10.4115640395,-32.066989093,180.5,0,0,-11.620750209999997,-0.15703716500002685,0,0,0,0,0,0
1004,13,1157,318,9.2808964515,-32.098396526,180.5,0,0,-11.149638715000005,-0.31407433000001816,0,0,0,0,0,0
1004,13,1160,321,8.181636296499999,-32.129803959,180.5,0,0,-11.62075021,-0.47111149499997396,0,0,0,0,0,0
1004,13,1163,324,6.9567464095,-32.192618825,180.5,0,0,-11.620750209999997,-0.31407432999998264,0,0,0,0,0,0
1004,13,1166,327,5.8574862544999995,-32.192618825,180.5,0,0,-10.835564385000001,0.0,0,0,0,0,0,0
1004,13,1169,330,4.7896335325,-32.192618825,180.5,0,0,-11.620750209999999,0.0,0,0,0,0,0,0
1004,13,1172,333,3.5333362124999996,-32.192618825,180.5,0,0,-12.562973200000002,0.0,0,0,0,0,0,0
1004,14,929,0,116.741428461,-30.056913380999998,180.5,0,0,-9.73630423000003,-0.31407433000001816,0,0,0,0,0,0
1004,14,932,3,115.767798038,-30.088320814,180.5,0,0,-9.108155569999994,-0.4711114950000095,0,0,0,0,0,0
1004,14,935,6,114.919797347,-30.15113568,180.5,0,0,-9.73630423000003,-0.3140743300000004,0,0,0,0,0,0
1004,14,938,9,113.82053719199999,-30.15113568,180.5,0,0,-10.521490055000058,0.0,0,0,0,0,0,0
1004,14,941,12,112.81549933599999,-30.15113568,180.5,0,0,-10.050378559999942,-0.15703716499999132,0,0,0,0,0,0
1004,14,944,15,111.81046148,-30.182543112999998,180.5,0,0,-10.050378559999942,-0.15703716499999132,0,0,0,0,0,0
1004,14,947,18,110.805423624,-30.182543112999998,180.5,0,0,-9.73630423000003,-0.3140743300000004,0,0,0,0,0,0
1004,14,950,21,109.863200634,-30.245357978999998,180.5,0,0,-9.73630423000003,-0.3140743300000004,0,0,0,0,0,0
1004,14,953,24,108.858162778,-30.245357978999998,180.5,0,0,-10.207415725000004,-0.15703716500000908,0,0,0,0,0,0
1004,14,956,27,107.821717489,-30.276765412,180.5,0,0,-9.893341395000022,-0.15703716500000908,0,0,0,0,0,0
1004,14,959,30,106.87949449899999,-30.276765412,180.5,0,0,-9.893341395000022,-0.15703716499999132,0,0,0,0,0,0
1004,14,962,33,105.84304920999999,-30.308172844999998,180.5,0,0,-10.521490054999987,-0.3140743300000004,0,0,0,0,0,0
1004,14,965,36,104.77519648799999,-30.339580278,179.5,0,0,-10.678527219999978,-0.4711114950000095,0,0,0,0,0,0
1004,14,968,39,103.707343766,-30.402395144,179.5,0,0,-10.83556438499997,-0.3140743300000004,0,0,0,0,0,0
1004,14,971,42,102.608083611,-30.402395144,179.5,0,0,-10.83556438499997,0.0,0,0,0,0,0,0
1004,14,974,45,101.540230889,-30.402395144,179.5,0,0,-10.364452889999995,0.0,0,0,0,0,0,0
1004,14,977,48,100.535193033,-30.402395144,179.5,0,0,-10.83556438500004,0.0,0,0,0,0,0,0
1004,14,980,51,99.37311801199999,-30.402395144,179.5,0,0,-11.149638715000023,0.0,0,0,0,0,0,0
1004,14,983,54,98.30526529,-30.402395144,179.5,0,0,-10.678527219999978,0.0,0,0,0,0,0,0
1004,14,986,57,97.237412568,-30.402395144,179.5,0,0,-10.521490054999987,0.0,0,0,0,0,0,0
1004,14,989,60,96.200967279,-30.402395144,179.5,0,0,-10.521490054999987,0.0,0,0,0,0,0,0
1004,14,992,63,95.133114557,-30.402395144,179.5,0,0,-10.678527219999978,0.15703716500000908,0,0,0,0,0,0
1004,14,995,66,94.065261835,-30.370987710999998,179.5,0,0,-10.67852722000005,0.0,0,0,0,0,0,0
1004,14,998,69,92.99740911299999,-30.402395144,179.5,0,0,-10.67852722000005,-0.15703716500000908,0,0,0,0,0,0
1004,14,1001,72,91.92955639099999,-30.402395144,179.5,0,0,-10.99260154999996,-0.15703716499999132,0,0,0,0,0,0
1004,14,1004,75,90.798888803,-30.433802576999998,179.5,0,0,-10.83556438499997,-0.15703716499999132,0,0,0,0,0,0
1004,14,1007,78,89.762443514,-30.433802576999998,179.5,0,0,-10.521490054999987,0.15703716499999132,0,0,0,0,0,0
1004,14,1010,81,88.694590792,-30.402395144,179.5,0,0,-10.83556438500004,0.3140743300000004,0,0,0,0,0,0
1004,14,1013,84,87.59533063699999,-30.370987710999998,179.5,0,0,-10.992601550000032,0.15703716500000908,0,0,0,0,0,0
1004,14,1016,87,86.496070482,-30.370987710999998,179.5,0,0,-10.83556438499997,0.0,0,0,0,0,0,0
1004,14,1019,90,85.42821776,-30.370987710999998,179.5,0,0,-10.521490054999987,0.0,0,0,0,0,0,0
1004,14,1022,93,84.391772471,-30.370987710999998,179.5,0,0,-10.83556438499997,-0.15703716500000908,0,0,0,0,0,0
1004,14,1025,96,83.261104883,-30.402395144,179.5,0,0,-11.149638715000023,0.0,0,0,0,0,0,0
1004,14,1028,99,82.16184472799999,-30.370987710999998,179.5,0,0,-11.149638715000023,0.3140743300000004,0,0,0,0,0,0
1004,14,1031,102,81.03117714,-30.339580278,179.5,0,0,-11.149638714999952,0.15703716499999132,0,0,0,0,0,0
1004,14,1034,105,79.931916985,-30.339580278,179.5,0,0,-11.306675880000014,0.0,0,0,0,0,0,0
1004,14,1037,108,78.769841964,-30.339580278,179.5,0,0,-11.463713045000006,0.15703716500000908,0,0,0,0,0,0
1004,14,1040,111,77.639174376,-30.308172844999998,179.5,0,0,-11.149638715000023,0.3140743300000004,0,0,0,0,0,0
1004,14,1043,114,76.53991422099999,-30.276765412,179.5,0,0,-11.306675880000014,0.15703716499999132,0,0,0,0,0,0
1004,14,1046,117,75.3778392,-30.276765412,179.5,0,0,-11.463713044999935,0.3140743300000004,0,0,0,0,0,0
1004,14,1049,120,74.247171612,-30.213950546,179.5,0,0,-11.463713045000006,0.3140743300000004,0,0,0,0,0,0
1004,14,1052,123,73.085096591,-30.213950546,179.5,0,0,-11.306675880000014,0.15703716500000908,0,0,0,0,0,0
1004,14,1055,126,71.985836436,-30.182543112999998,179.5,0,0,-11.306675880000014,0.15703716500000908,0,0,0,0,0,0
1004,14,1058,129,70.82376141499999,-30.182543112999998,179.5,0,0,-11.149638715000023,0.0,0,0,0,0,0,0
1004,14,1061,132,69.755908693,-30.182543112999998,179.5,0,0,-10.83556438499997,0.15703716499999132,0,0,0,0,0,0
1004,14,1064,135,68.656648538,-30.15113568,179.5,0,0,-11.149638715000023,0.15703716499999132,0,0,0,0,0,0
1004,14,1067,138,67.52598094999999,-30.15113568,179.5,0,0,-11.306675880000014,0.0,0,0,0,0,0,0
1004,14,1070,141,66.395313362,-30.15113568,179.5,0,0,-11.149638714999952,0.0,0,0,0,0,0,0
1004,14,1073,144,65.296053207,-30.15113568,179.5,0,0,-11.149638715000023,0.0,0,0,0,0,0,0
1004,14,1076,147,64.16538561899999,-30.15113568,179.5,0,0,-11.071120132500027,0.07851858249999566,0,0,0,0,0,0
1004,14,1079,150,63.081829180499994,-30.1354319635,179.5,0,0,-10.914082967499965,0.07851858249999566,0,0,0,0,0,0
1004,14,1082,153,61.9825690255,-30.1354319635,179.5,0,0,-11.071120132499992,0.07851858250001342,0,0,0,0,0,0
1004,14,1085,156,60.867605153999996,-30.119728246999998,179.5,0,0,-11.071120132499992,0.07851858250001342,0,0,0,0,0,0
1004,14,1088,159,59.768344999,-30.119728246999998,179.5,0,0,-10.992601549999996,0.15703716499999132,0,0,0,0,0,0
1004,14,1091,162,58.669084844,-30.088320814,179.5,0,0,-10.678527220000014,0.15703716499999132,0,0,0,0,0,0
1004,14,1094,165,57.632639555,-30.088320814,179.5,0,0,-10.364452889999995,-0.15703716499999132,0,0,0,0,0,0
1004,14,1097,168,56.596194266,-30.119728246999998,179.5,0,0,-10.364452889999995,-0.15703716499999132,0,0,0,0,0,0
1004,14,1100,171,55.559748977,-30.119728246999998,179.5,0,0,-10.521490054999987,0.15703716499999132,0,0,0,0,0,0
1004,14,1103,174,54.491896255,-30.088320814,179.5,0,0,-10.678527220000014,0.3140743300000004,0,0,0,0,0,0
1004,14,1106,177,53.424043532999995,-30.056913380999998,179.5,0,0,-10.050378560000013,0.4711114950000095,0,0,0,0,0,0
1004,14,1109,180,52.481820543,-29.994098514999997,179.5,0,0,-9.579267065000003,0.6281486600000008,0,0,0,0,0,0
1004,14,1112,183,51.508190119999995,-29.931283648999997,179.5,0,0,-9.893341394999986,0.3140743300000004,0,0,0,0,0,0
1004,14,1115,186,50.503152264,-29.931283648999997,179.5,0,0,-9.579267065000003,0.0,0,0,0,0,0,0
1004,14,1118,189,49.592336706999994,-29.931283648999997,178.0,0,0,-9.10815557000003,0.15703716499999132,0,0,0,0,0,0
1004,14,1121,192,48.681521149999995,-29.899876216,178.0,0,0,-8.794081239999976,0.6281486600000008,0,0,0,0,0,0
1004,14,1124,195,47.833520459,-29.805653916999997,177.5,0,0,-8.637044074999984,0.9422229900000012,0,0,0,0,0,0
1004,14,1127,198,46.954112335,-29.711431618,177.5,0,0,-8.00889541500002,0.6281486600000008,0,0,0,0,0,0
1004,14,1130,201,46.231741375999995,-29.680024184999997,177.5,0,0,-8.008895414999984,0.27481503875000257,0,0,0,0,0,0
1004,14,1133,204,45.352333252,-29.65646861025,176.0,0,0,-8.401488327499997,0.4711114949999917,0,0,0,0,0,0
1004,14,1136,207,44.551443710499996,-29.585801886,176.0,0,0,-7.3414874637500205,0.6674079512499986,0,0,0,0,0,0
1004,14,1139,210,43.88403575925,-29.52298702,175.5,0,0,-7.145191007499996,0.9422229900000012,0,0,0,0,0,0
1004,14,1142,213,43.122405509,-29.397357288,175.5,0,0,-7.105931716249998,0.9422229900000012,0,0,0,0,0,0
1004,14,1145,216,42.462849416,-29.334542422,175.5,0,0,-6.909635260000009,0.7459265337499943,0,0,0,0,0,0
1004,14,1148,219,41.740478456999995,-29.24817198125,174.0,0,0,-6.831116677500013,0.8637044075000055,0,0,0,0,0,0
1004,14,1151,222,41.096626080499995,-29.161801540499997,174.0,0,0,-6.202968017499977,0.745926533750012,0,0,0,0,0,0
1004,14,1154,225,40.4998848535,-29.098986674499997,174.0,0,0,-5.653337939999972,0.6281486600000008,0,0,0,0,0,0
1004,14,1157,228,39.9659584925,-29.036171808499997,174.0,0,0,-5.339263609999989,0.6281486600000008,0,0,0,0,0,0
1004,14,1160,231,39.4320321315,-28.973356942499997,174.0,0,0,-5.182226444999998,0.6281486600000008,0,0,0,0,0,0
1004,14,1163,234,38.9295132035,-28.910542076499997,174.0,0,0,-5.182226445000033,0.7851858249999921,0,0,0,0,0,0
1004,14,1166,237,38.395586842499995,-28.8163197775,174.0,0,0,-4.868152115000015,0.7851858249999921,0,0,0,0,0,0
1004,14,1169,240,37.9558827805,-28.7535049115,174.0,0,0,-4.514818493749999,0.5496300775000051,0,0,0,0,0,0
1004,14,1172,243,37.492623143749995,-28.706393761999998,172.5,0,0,-4.475559202500001,0.39259291249999606,0,0,0,0,0,0
1004,14,1175,246,37.06077094,-28.674986329,172.5,0,0,-4.200744163749981,0.3140743300000004,0,0,0,0,0,0
1004,14,1178,249,36.652474311,-28.643578895999998,172.5,0,0,-3.4548176299999867,0.3140743300000004,0,0,0,0,0,0
1004,14,1181,252,36.369807414,-28.612171463,172.5,0,0,-3.6118547950000135,0.3140743300000004,0,0,0,0,0,0
1004,14,1184,255,35.930103351999996,-28.580764029999997,172.5,0,0,-4.004447707500027,0.4711114950000095,0,0,0,0,0,0
1004,14,1187,258,35.568917872499995,-28.517949163999997,173.0,0,0,-3.8474105425000005,0.3140743300000004,0,0,0,0,0,0
1004,14,1190,261,35.160621243499996,-28.517949163999997,173.0,0,0,-3.611854794999978,0.03925929124999783,0,0,0,0,0,0
1004,14,1193,264,34.8465469135,-28.510097305749998,174.0,0,0,-3.2192618824999997,0.23555574749998698,0,0,0,0,0,0
1004,14,1196,267,34.516768866999996,-28.4708380145,174.0,0,0,-3.140743300000004,0.27481503875000257,0,0,0,0,0,0
1004,14,1199,270,34.2183982535,-28.455134297999997,174.0,0,0,-2.9051875524999815,0.23555574750000474,0,0,0,0,0,0
1004,14,1202,273,33.9357313565,-28.423726865,174.0,0,0,-2.9837061350000127,0.15703716499999132,0,0,0,0,0,0
1004,14,1205,276,33.621657026499996,-28.423726865,174.0,0,0,-2.7874096787500235,0.11777787374999349,0,0,0,0,0,0
1004,14,1208,279,33.378249420749995,-28.40017129025,176.0,0,0,-2.591113222499999,0.23555574750000474,0,0,0,0,0,0
1004,14,1211,282,33.103434381999996,-28.376615715499998,176.0,0,0,-2.3162981837499785,-0.03925929124999783,0,0,0,0,0,0
1004,14,1214,285,32.914989784,-28.4080231485,177.0,0,0,-3.2977804649999953,-0.15703716500000908,0,0,0,0,0,0
1004,14,1217,288,32.443878289,-28.4080231485,177.0,0,0,-1.8844459800000024,0.0,0,0,0,0,0,0
1004,14,1220,291,32.538100588,-28.4080231485,177.0,0,0,-0.4711114950000095,0.0,0,0,0,0,0,0
1004,14,1223,294,32.349655989999995,-28.4080231485,177.0,0,0,-1.413334484999993,0.0,0,0,0,0,0,0
1004,14,1226,297,32.255433691,-28.4080231485,177.0,0,0,-1.413334484999993,0.0,0,0,0,0,0,0
1004,14,1229,300,32.066989093,-28.4080231485,177.0,0,0,-1.6488902325000154,0.11777787375001125,0,0,0,0,0,0
1004,14,1232,303,31.925655644499997,-28.384467573749998,178.0,0,0,-1.3348159024999973,0.15703716500000908,0,0,0,0,0,0
1004,14,1235,306,31.800025912499997,-28.376615715499998,178.0,0,0,-1.0992601549999925,0.03925929124999783,0,0,0,0,0,0
1004,14,1238,309,31.7058036135,-28.376615715499998,178.0,0,0,-0.9422229900000012,0.0,0,0,0,0,0,0
1004,14,1241,312,31.611581314499997,-28.376615715499998,178.0,0,0,-0.6281486600000008,0.0,0,0,0,0,0,0
1004,14,1244,315,31.5801738815,-28.376615715499998,178.0,0,0,-0.39259291249999606,0.15703716499999132,0,0,0,0,0,0
1004,14,1247,318,31.533062731999998,-28.3452082825,178.5,0,0,-0.23555574750000474,0.15703716499999132,0,0,0,0,0,0
1004,14,1250,321,31.533062731999998,-28.3452082825,178.5,0,0,0.0,0.0,0,0,0,0,0,0
1004,14,1253,324,31.533062731999998,-28.3452082825,178.5,0,0,0.0,0.0,0,0,0,0,0,0
1004,14,1256,327,31.533062731999998,-28.3452082825,178.5,0,0,-0.3140743300000004,0.0,0,0,0,0,0,0
1004,14,1259,330,31.470247865999998,-28.3452082825,178.5,0,0,-0.4711114949999917,0.0,0,0,0,0,0,0
1004,14,1262,333,31.438840433,-28.3452082825,178.5,0,0,-0.15703716499999132,0.0,0,0,0,0,0,0
1004,14,1265,336,31.438840433,-28.3452082825,178.5,0,0,0.0,0.0,0,0,0,0,0,0
1004,14,1268,339,31.438840433,-28.3452082825,178.5,0,0,0.0,0.0,0,0,0,0,0,0
1004,14,1271,342,31.438840433,-28.3452082825,178.5,0,0,0.15703716499999132,0.0,0,0,0,0,0,0
1004,14,1274,345,31.470247865999998,-28.3452082825,178.5,0,0,0.15703716499999132,0.0,0,0,0,0,0,0
1004,14,1277,348,31.470247865999998,-28.3452082825,178.5,0,0,0.0,0.0,0,0,0,0,0,0
1004,14,1280,351,31.470247865999998,-28.3452082825,178.5,0,0,0.0,0.0,0,0,0,0,0,0
1004,14,1283,354,31.470247865999998,-28.3452082825,178.5,0,0,0.0,0.0,0,0,0,0,0,0
1004,14,1286,357,31.470247865999998,-28.3452082825,178.5,0,0,0.0,0.0,0,0,0,0,0,0
1004,14,1289,360,31.470247865999998,-28.3452082825,178.5,0,0,0.0,0.0,0,0,0,0,0,0
1004,14,1292,363,31.470247865999998,-28.3452082825,178.5,0,0,0.0,-0.15703716499999132,0,0,0,0,0,0
1004,14,1295,366,31.470247865999998,-28.376615715499998,178.5,0,0,0.4711114950000095,-0.15703716499999132,0,0,0,0,0,0
1004,14,1298,369,31.564470165,-28.376615715499998,178.5,0,0,0.6281486600000008,0.0,0,0,0,0,0,0
1004,14,1301,372,31.595877597999998,-28.376615715499998,178.5,0,0,0.3140743300000004,0.0,0,0,0,0,0,0
1004,14,1304,375,31.627285031,-28.376615715499998,178.5,0,0,0.15703716500000908,0.0,0,0,0,0,0,0
1004,14,1307,378,31.627285031,-28.376615715499998,178.5,0,0,0.0,0.0,0,0,0,0,0,0
1004,14,1310,381,31.627285031,-28.376615715499998,178.5,0,0,0.0,0.0,0,0,0,0,0,0
1004,14,1313,384,31.627285031,-28.376615715499998,178.5,0,0,0.0,0.0,0,0,0,0,0,0
1004,14,1316,387,31.627285031,-28.376615715499998,178.5,0,0,0.0,0.0,0,0,0,0,0,0
1004,14,1319,390,31.627285031,-28.376615715499998,178.5,0,0,0.15703716499999132,0.0,0,0,0,0,0,0
1004,14,1322,393,31.658692463999998,-28.376615715499998,178.5,0,0,0.3140743300000004,0.0,0,0,0,0,0,0
1004,14,1325,396,31.690099897,-28.376615715499998,178.5,0,0,0.3140743300000004,0.0,0,0,0,0,0,0
1004,14,1328,399,31.721507329999998,-28.376615715499998,178.5,0,0,0.15703716499999132,-0.15703716500000908,0,0,0,0,0,0
1004,14,1331,402,31.721507329999998,-28.4080231485,178.5,0,0,0.0,-0.15703716500000908,0,0,0,0,0,0
1004,14,1334,405,31.721507329999998,-28.4080231485,178.5,0,0,0.0,0.0,0,0,0,0,0,0
1004,14,1337,408,31.721507329999998,-28.4080231485,178.5,0,0,0.0,0.0,0,0,0,0,0,0
1004,14,1340,411,31.721507329999998,-28.4080231485,178.5,0,0,0.0,0.0,0,0,0,0,0,0
1004,14,1343,414,31.721507329999998,-28.4080231485,178.5,0,0,0.0,0.0,0,0,0,0,0,0
1004,14,1346,417,31.721507329999998,-28.4080231485,178.5,0,0,0.0,0.0,0,0,0,0,0,0
1004,14,1349,420,31.721507329999998,-28.4080231485,178.5,0,0,0.0,0.0,0,0,0,0,0,0
1004,14,1352,423,31.721507329999998,-28.4080231485,178.5,0,0,0.0,0.0,0,0,0,0,0,0
1004,14,1355,426,31.721507329999998,-28.4080231485,178.5,0,0,0.0,0.0,0,0,0,0,0,0
1004,14,1358,429,31.721507329999998,-28.4080231485,178.5,0,0,0.0,0.0,0,0,0,0,0,0
1004,14,1361,432,31.721507329999998,-28.4080231485,178.5,0,0,0.0,0.0,0,0,0,0,0,0
1004,14,1364,435,31.721507329999998,-28.4080231485,178.5,0,0,0.0,0.0,0,0,0,0,0,0
1004,14,1367,438,31.721507329999998,-28.4080231485,178.5,0,0,0.3140743300000004,0.0,0,0,0,0,0,0
1004,14,1370,441,31.784322195999998,-28.4080231485,178.5,0,0,0.6281486600000008,0.0,0,0,0,0,0,0
1004,14,1373,444,31.847137061999998,-28.4080231485,178.5,0,0,0.6281486600000008,0.0,0,0,0,0,0,0
1004,14,1376,447,31.909951927999998,-28.4080231485,178.5,0,0,0.4711114950000095,0.0,0,0,0,0,0,0
1004,14,1379,450,31.941359361,-28.4080231485,178.5,0,0,0.4711114950000095,0.0,0,0,0,0,0,0
1004,14,1382,453,32.004174227,-28.4080231485,178.5,0,0,0.628148659999983,0.0,0,0,0,0,0,0
1004,14,1385,456,32.066989093,-28.4080231485,178.5,0,0,0.6281486600000008,0.0,0,0,0,0,0,0
1004,14,1388,459,32.129803959,-28.4080231485,178.5,0,0,0.31407433000001816,0.0,0,0,0,0,0,0
1004,14,1391,462,32.129803959,-28.4080231485,178.5,0,0,-0.15703716499999132,0.0,0,0,0,0,0,0
1004,14,1394,465,32.098396526,-28.4080231485,178.5,0,0,-0.15703716499999132,0.0,0,0,0,0,0,0
1004,14,1397,468,32.098396526,-28.4080231485,178.5,0,0,-0.15703716500002685,0.0,0,0,0,0,0,0
1004,14,1400,471,32.066989093,-28.4080231485,178.5,0,0,-0.31407433000001816,0.0,0,0,0,0,0,0
1004,14,1403,474,32.03558166,-28.4080231485,178.5,0,0,-0.31407432999998264,0.0,0,0,0,0,0,0
1004,14,1406,477,32.004174227,-28.4080231485,178.5,0,0,-0.3140743300000004,0.0,0,0,0,0,0,0
1004,14,1409,480,31.972766793999998,-28.4080231485,178.5,0,0,-0.15703716500000908,0.0,0,0,0,0,0,0
1004,14,1412,483,31.972766793999998,-28.4080231485,178.5,0,0,0.0,0.0,0,0,0,0,0,0
1004,14,1415,486,31.972766793999998,-28.4080231485,178.5,0,0,0.0,0.0,0,0,0,0,0,0
1004,14,1418,489,31.972766793999998,-28.4080231485,178.5,0,0,0.0,0.0,0,0,0,0,0,0
1004,14,1421,492,31.972766793999998,-28.4080231485,178.5,0,0,0.0,0.0,0,0,0,0,0,0
1004,14,1424,495,31.972766793999998,-28.4080231485,178.5,0,0,0.0,0.0,0,0,0,0,0,0
1004,14,1427,498,31.972766793999998,-28.4080231485,178.5,0,0,0.0,0.0,0,0,0,0,0,0
1004,14,1430,501,31.972766793999998,-28.4080231485,178.5,0,0,0.0,0.0,0,0,0,0,0,0
1004,14,1433,504,31.972766793999998,-28.4080231485,178.5,0,0,0.0,0.0,0,0,0,0,0,0
1004,14,1436,507,31.972766793999998,-28.4080231485,178.5,0,0,0.0,0.0,0,0,0,0,0,0
1004,14,1439,510,31.972766793999998,-28.4080231485,178.5,0,0,0.0,0.0,0,0,0,0,0,0
1004,14,1442,513,31.972766793999998,-28.4080231485,178.5,0,0,0.15703716500000908,0.0,0,0,0,0,0,0
1004,14,1445,516,32.004174227,-28.4080231485,178.5,0,0,0.3140743300000004,0.0,0,0,0,0,0,0
1004,14,1448,519,32.03558166,-28.4080231485,178.5,0,0,0.15703716499999132,0.0,0,0,0,0,0,0
1004,14,1451,522,32.03558166,-28.4080231485,178.5,0,0,0.0,0.0,0,0,0,0,0,0
1004,14,1454,525,32.03558166,-28.4080231485,178.5,0,0,0.15703716499999132,0.0,0,0,0,0,0,0
1004,14,1457,528,32.066989093,-28.4080231485,178.5,0,0,0.15703716499999132,0.0,0,0,0,0,0,0
1004,14,1460,531,32.066989093,-28.4080231485,178.5,0,0,0.0,0.0,0,0,0,0,0,0
1004,14,1463,534,32.066989093,-28.4080231485,178.5,0,0,0.0,0.0,0,0,0,0,0,0
1004,14,1466,537,32.066989093,-28.4080231485,178.5,0,0,-0.31407432999998264,0.0,0,0,0,0,0,0
1004,14,1469,540,32.004174227,-28.4080231485,178.5,0,0,-0.31407432999998264,0.0,0,0,0,0,0,0
1004,14,1472,543,32.004174227,-28.4080231485,178.5,0,0,0.0,0.0,0,0,0,0,0,0
1004,14,1475,546,32.004174227,-28.4080231485,178.5,0,0,0.0,0.0,0,0,0,0,0,0
1004,14,1478,549,32.004174227,-28.4080231485,178.5,0,0,0.0,0.0,0,0,0,0,0,0
1004,14,1481,552,32.004174227,-28.4080231485,178.5,0,0,0.0,0.0,0,0,0,0,0,0
1004,14,1484,555,32.004174227,-28.4080231485,178.5,0,0,0.0,0.0,0,0,0,0,0,0
1004,14,1487,558,32.004174227,-28.4080231485,178.5,0,0,-0.15703716500000908,0.0,0,0,0,0,0,0
1004,14,1490,561,31.972766793999998,-28.4080231485,178.5,0,0,-0.3140743300000004,0.0,0,0,0,0,0,0
1004,14,1493,564,31.941359361,-28.4080231485,178.5,0,0,-0.3140743300000004,0.0,0,0,0,0,0,0
1004,14,1496,567,31.909951927999998,-28.4080231485,178.5,0,0,-0.3140743300000004,0.0,0,0,0,0,0,0
1004,14,1499,570,31.878544495,-28.4080231485,178.5,0,0,-0.15703716499999132,0.0,0,0,0,0,0,0
1004,14,1501,572,31.878544495,-28.4080231485,178.5,0,0,0.0,0.0,0,0,0,0,0,0
1004,14,1504,575,31.878544495,-28.4080231485,178.5,0,0,0.0,0.0,0,0,0,0,0,0
1004,14,1507,578,31.878544495,-28.4080231485,178.5,0,0,0.0,0.0,0,0,0,0,0,0
1004,14,1510,581,31.878544495,-28.4080231485,178.5,0,0,-0.15703716500000908,0.0,0,0,0,0,0,0
1004,14,1513,584,31.847137061999998,-28.4080231485,178.5,0,0,-0.3140743300000004,0.0,0,0,0,0,0,0
1004,14,1516,587,31.815729629,-28.4080231485,178.5,0,0,-0.15703716499999132,0.0,0,0,0,0,0,0
1004,14,1519,590,31.815729629,-28.4080231485,178.5,0,0,-0.15703716500000908,0.0,0,0,0,0,0,0
1004,14,1522,593,31.784322195999998,-28.4080231485,178.5,0,0,-0.4711114950000095,0.0,0,0,0,0,0,0
1004,14,1525,596,31.721507329999998,-28.4080231485,178.5,0,0,-0.6281486600000008,0.0,0,0,0,0,0,0
1004,14,1528,599,31.658692463999998,-28.4080231485,178.5,0,0,-0.6281486600000008,0.0,0,0,0,0,0,0
1004,14,1531,602,31.595877597999998,-28.4080231485,178.5,0,0,-0.15703716499999132,0.0,0,0,0,0,0,0
1004,14,1534,605,31.627285031,-28.4080231485,178.5,0,0,0.15703716500000908,0.0,0,0,0,0,0,0
1004,14,1537,608,31.627285031,-28.4080231485,178.5,0,0,0.0,0.0,0,0,0,0,0,0
1004,14,1540,611,31.627285031,-28.4080231485,178.5,0,0,-0.15703716500000908,0.0,0,0,0,0,0,0
1004,14,1543,614,31.595877597999998,-28.4080231485,178.5,0,0,-0.15703716500000908,0.0,0,0,0,0,0,0
1004,14,1546,617,31.595877597999998,-28.4080231485,178.5,0,0,0.0,0.0,0,0,0,0,0,0
1004,14,1549,620,31.595877597999998,-28.4080231485,178.5,0,0,0.0,0.0,0,0,0,0,0,0
1004,14,1552,623,31.595877597999998,-28.4080231485,178.5,0,0,-0.15703716499999132,0.0,0,0,0,0,0,0
1004,14,1555,626,31.564470165,-28.4080231485,178.5,0,0,-0.3140743300000004,0.0,0,0,0,0,0,0
1004,14,1558,629,31.533062731999998,-28.4080231485,178.5,0,0,-0.15703716500000908,0.0,0,0,0,0,0,0
1004,14,1561,632,31.533062731999998,-28.4080231485,178.5,0,0,0.0,0.0,0,0,0,0,0,0
1004,14,1564,635,31.533062731999998,-28.4080231485,178.5,0,0,0.0,0.0,0,0,0,0,0,0
1004,14,1567,638,31.533062731999998,-28.4080231485,178.5,0,0,0.0,0.0,0,0,0,0,0,0
1004,14,1570,641,31.533062731999998,-28.4080231485,178.5,0,0,0.0,0.0,0,0,0,0,0,0
1004,14,1573,644,31.533062731999998,-28.4080231485,178.5,0,0,0.0,0.0,0,0,0,0,0,0
1004,14,1576,647,31.533062731999998,-28.4080231485,178.5,0,0,0.15703716500000908,0.0,0,0,0,0,0,0
1004,14,1579,650,31.564470165,-28.4080231485,178.5,0,0,0.15703716500000908,0.0,0,0,0,0,0,0
1004,14,1582,653,31.564470165,-28.4080231485,178.5,0,0,0.0,-0.15703716499999132,0,0,0,0,0,0
1004,14,1585,656,31.564470165,-28.439430581499998,178.5,0,0,0.0,-0.15703716499999132,0,0,0,0,0,0
1004,14,1588,659,31.564470165,-28.439430581499998,178.5,0,0,0.15703716499999132,0.0,0,0,0,0,0,0
1004,14,1591,662,31.595877597999998,-28.439430581499998,178.5,0,0,0.3140743300000004,0.0,0,0,0,0,0,0
1004,14,1594,665,31.627285031,-28.439430581499998,178.5,0,0,0.3140743300000004,0.0,0,0,0,0,0,0
1004,14,1597,668,31.658692463999998,-28.439430581499998,178.5,0,0,0.15703716499999132,0.0,0,0,0,0,0,0
1004,14,1600,671,31.658692463999998,-28.439430581499998,178.5,0,0,0.15703716500000908,-0.15703716500000908,0,0,0,0,0,0
1004,14,1603,674,31.690099897,-28.4708380145,178.5,0,0,0.15703716500000908,0.0,0,0,0,0,0,0
1004,14,1606,677,31.690099897,-28.439430581499998,178.5,0,0,0.0,0.15703716500000908,0,0,0,0,0,0
1004,14,1609,680,31.690099897,-28.439430581499998,178.5,0,0,0.0,0.0,0,0,0,0,0,0
1004,14,1612,683,31.690099897,-28.439430581499998,178.5,0,0,0.15703716499999132,0.0,0,0,0,0,0,0
1004,14,1615,686,31.721507329999998,-28.439430581499998,178.5,0,0,0.15703716499999132,0.0,0,0,0,0,0,0
1004,14,1618,689,31.721507329999998,-28.439430581499998,178.5,0,0,0.15703716500000908,0.0,0,0,0,0,0,0
1004,14,1621,692,31.752914763,-28.439430581499998,178.5,0,0,0.15703716500000908,0.0,0,0,0,0,0,0
1004,14,1624,695,31.752914763,-28.439430581499998,178.5,0,0,0.0,0.0,0,0,0,0,0,0
1004,14,1627,698,31.752914763,-28.439430581499998,178.5,0,0,0.0,0.0,0,0,0,0,0,0
1004,14,1630,701,31.752914763,-28.439430581499998,178.5,0,0,0.0,0.0,0,0,0,0,0,0
1004,14,1633,704,31.752914763,-28.439430581499998,178.5,0,0,0.0,0.0,0,0,0,0,0,0
1004,14,1636,707,31.752914763,-28.439430581499998,178.5,0,0,0.0,0.0,0,0,0,0,0,0
1004,14,1639,710,31.752914763,-28.439430581499998,178.5,0,0,-0.15703716500000908,0.0,0,0,0,0,0,0
1004,14,1642,713,31.721507329999998,-28.439430581499998,178.5,0,0,-0.3140743300000004,0.0,0,0,0,0,0,0
1004,14,1645,716,31.690099897,-28.439430581499998,178.5,0,0,-0.3140743300000004,0.0,0,0,0,0,0,0
1004,14,1648,719,31.658692463999998,-28.439430581499998,178.5,0,0,-0.3140743300000004,0.0,0,0,0,0,0,0
1004,14,1651,722,31.627285031,-28.439430581499998,178.5,0,0,-0.15703716499999132,0.0,0,0,0,0,0,0
1004,14,1654,725,31.627285031,-28.439430581499998,178.5,0,0,0.0,0.0,0,0,0,0,0,0
1004,14,1657,728,31.627285031,-28.439430581499998,178.5,0,0,-0.15703716500000908,0.0,0,0,0,0,0,0
1004,14,1660,731,31.595877597999998,-28.439430581499998,178.5,0,0,-0.15703716500000908,0.0,0,0,0,0,0,0
1004,14,1663,734,31.595877597999998,-28.439430581499998,178.5,0,0,-0.3140743300000004,0.0,0,0,0,0,0,0
1004,14,1666,737,31.533062731999998,-28.439430581499998,178.5,0,0,-0.6281486600000008,0.0,0,0,0,0,0,0
1004,14,1669,740,31.470247865999998,-28.439430581499998,178.5,0,0,-0.6281486600000008,-0.15703716500000908,0,0,0,0,0,0
1004,14,1672,743,31.407432999999997,-28.4708380145,178.5,0,0,-0.7851858249999921,-0.15703716500000908,0,0,0,0,0,0
1004,14,1675,746,31.313210701,-28.4708380145,178.5,0,0,-1.0207415724999969,0.0,0,0,0,0,0,0
1004,14,1678,749,31.203284685499998,-28.4708380145,179.5,0,0,-1.177778737500006,0.0,0,0,0,0,0,0
1004,14,1681,752,31.077654953499998,-28.4708380145,179.5,0,0,-1.0992601549999925,0.0,0,0,0,0,0,0
1004,14,1684,755,30.9834326545,-28.4708380145,179.5,0,0,-1.0992601549999925,0.0,0,0,0,0,0,0
1004,14,1687,758,30.8578029225,-28.4708380145,179.5,0,0,-1.2562973200000016,0.0,0,0,0,0,0,0
1004,14,1690,761,30.7321731905,-28.4708380145,179.5,0,0,-1.2562973200000016,0.0,0,0,0,0,0,0
1004,14,1693,764,30.6065434585,-28.4708380145,179.5,0,0,-1.4133344850000107,0.0,0,0,0,0,0,0
1004,14,1696,767,30.449506293499997,-28.4708380145,179.5,0,0,-1.8844459800000024,0.0,0,0,0,0,0,0
1004,14,1699,770,30.2296542625,-28.4708380145,179.5,0,0,-2.198520309999985,0.0,0,0,0,0,0,0
1004,14,1702,773,30.0098022315,-28.4708380145,179.5,0,0,-2.512594640000003,0.0,0,0,0,0,0,0
1004,14,1705,776,29.727135334499998,-28.4708380145,179.5,0,0,-2.8266689700000036,0.0,0,0,0,0,0,0
1004,14,1708,779,29.4444684375,-28.4708380145,179.5,0,0,-2.8266689700000036,0.0,0,0,0,0,0,0
1004,14,1711,782,29.161801540499997,-28.4708380145,179.5,0,0,-3.140743300000004,0.0,0,0,0,0,0,0
1004,14,1714,785,28.8163197775,-28.4708380145,179.5,0,0,-3.6118547949999957,0.0,0,0,0,0,0,0
1004,14,1717,788,28.439430581499998,-28.4708380145,179.5,0,0,-3.768891960000005,0.0,0,0,0,0,0,0
1004,14,1720,791,28.062541385499998,-28.4708380145,179.5,0,0,-3.925929124999996,0.0,0,0,0,0,0,0
1004,14,1723,794,27.6542447565,-28.4708380145,179.5,0,0,-4.0829662899999875,-0.15703716499999132,0,0,0,0,0,0
1004,14,1726,797,27.2459481275,-28.502245447499998,179.5,0,0,-4.2400034549999965,-0.15703716499999132,0,0,0,0,0,0
1004,14,1729,800,26.8062440655,-28.502245447499998,179.5,0,0,-4.554077785000015,0.07851858249999566,0,0,0,0,0,0
1004,14,1732,803,26.335132570499997,-28.486541731,181.0,0,0,-4.868152114999997,-0.39259291249999606,0,0,0,0,0,0
1004,14,1735,806,25.8326136425,-28.580764029999997,181.0,0,0,-5.025189279999989,-0.6281486600000008,0,0,0,0,0,0
1004,14,1738,809,25.3300947145,-28.612171463,181.0,0,0,-4.868152115000015,-0.3140743300000004,0,0,0,0,0,0
1004,14,1741,812,24.858983219499997,-28.643578895999998,181.0,0,0,-5.025189280000006,-0.3140743300000004,0,0,0,0,0,0
1004,14,1744,815,24.325056858499998,-28.674986329,181.0,0,0,-5.339263609999989,-0.3140743300000004,0,0,0,0,0,0
1004,14,1747,818,23.7911304975,-28.706393761999998,181.0,0,0,-5.496300774999998,-0.3140743300000004,0,0,0,0,0,0
1004,14,1750,821,23.2257967035,-28.737801195,181.0,0,0,-5.496300774999998,-0.15703716500000908,0,0,0,0,0,0
1004,14,1753,824,22.6918703425,-28.737801195,181.0,0,0,-5.6533379399999895,-0.3140743300000004,0,0,0,0,0,0
1004,14,1756,827,22.0951291155,-28.800616061,181.0,0,0,-6.124449434999999,-0.4711114949999917,0,0,0,0,0,0
1004,14,1759,830,21.4669804555,-28.832023493999998,181.0,0,0,-5.967412270000008,-0.4711114949999917,0,0,0,0,0,0
1004,14,1762,833,20.9016466615,-28.894838359999998,181.0,0,0,-5.8103751049999985,-0.23555574750000474,0,0,0,0,0,0
1004,14,1765,836,20.3049054345,-28.8791346435,182.0,0,0,-6.438523764999999,-0.07851858249999566,0,0,0,0,0,0
1004,14,1768,839,19.6139419085,-28.910542076499997,182.0,0,0,-6.438523764999999,-0.6281486600000008,0,0,0,0,0,0
1004,14,1771,842,19.0172006815,-29.0047643755,182.0,0,0,-6.3992644737500015,-0.7851858250000099,0,0,0,0,0,0
1004,14,1774,845,18.33408901375,-29.0675792415,183.0,0,0,-6.517042347500013,-0.3140743300000004,0,0,0,0,0,0
1004,14,1777,848,17.713792211999998,-29.0675792415,183.0,0,0,-6.3992644737500015,-0.15703716499999132,0,0,0,0,0,0
1004,14,1780,851,17.054236119,-29.098986674499997,183.0,0,0,-6.909635259999991,-0.3140743300000004,0,0,0,0,0,0
1004,14,1783,854,16.33186516,-29.1303941075,183.0,0,0,-7.066672425,-0.4711114950000095,0,0,0,0,0,0
1004,14,1786,857,15.640901633999999,-29.1932089735,183.0,0,0,-7.3807467550000005,-0.6281486600000008,0,0,0,0,0,0
1004,14,1789,860,14.855715809,-29.2560238395,183.0,0,0,-7.537783920000001,-0.4711114949999917,0,0,0,0,0,0
1004,14,1792,863,14.133344849999999,-29.287431272499997,183.0,0,0,-7.22370959,-0.3140743300000004,0,0,0,0,0,0
1004,14,1795,866,13.410973891,-29.3188387055,183.0,0,0,-7.380746754999992,-0.4711114950000095,0,0,0,0,0,0
1004,14,1798,869,12.657195499,-29.3816535715,183.0,0,0,-7.694821085000001,-0.3140743300000004,0,0,0,0,0,0
1004,14,1801,872,11.872009674,-29.3816535715,183.0,0,0,-7.3807467550000005,-0.3140743300000004,0,0,0,0,0,0
1004,14,1804,875,11.181046148,-29.4444684375,183.0,0,0,-7.694821085000001,-0.4711114949999917,0,0,0,0,0,0
1004,14,1807,878,10.333045456999999,-29.475875870499998,183.0,0,0,-7.851858250000001,-0.3140743300000004,0,0,0,0,0,0
1004,14,1810,881,9.610674498,-29.5072833035,183.0,0,0,-7.3807467550000005,-0.4711114950000095,0,0,0,0,0,0
1004,14,1813,884,8.856896105999999,-29.5700981695,183.0,0,0,-7.537783920000001,-0.3140743300000004,0,0,0,0,0,0
1004,14,1816,887,8.103117714,-29.5700981695,183.0,0,0,-7.537783919999996,-0.15703716499999132,0,0,0,0,0,0
1004,14,1819,890,7.349339322,-29.601505602499998,183.0,0,0,-7.694821085000001,-0.4711114949999917,0,0,0,0,0,0
1004,14,1822,893,6.5641534969999995,-29.664320468499998,183.0,0,0,-7.694821085000001,-0.9422229900000012,0,0,0,0,0,0
1004,14,1825,896,5.810375104999999,-29.789950200499998,183.0,0,0,-7.537783920000001,-0.7066672424999965,0,0,0,0,0,0
1004,14,1828,899,5.056596712999999,-29.805653916999997,181.5,0,0,-7.851858249999997,-0.39259291249999606,0,0,0,0,0,0
1004,14,1831,902,4.240003455,-29.868468782999997,181.5,0,0,-8.322969744999998,-0.4711114950000095,0,0,0,0,0,0
1004,14,1834,905,3.392002764,-29.899876216,181.5,0,0,-8.480006910000002,-0.31407433000001816,0,0,0,0,0,0
1004,36,935,0,58.888936875,-2.8423726865,271.5,2.6742465565947344,5.574974180724078,-0.31407432999998264,-1.884445979999998,0,0,0,0,0,0
1004,36,938,3,58.857529442,-3.0308172845,271.5,2.6742465565947344,5.574974180724078,-0.15703716499999132,-0.942222989999999,0,0,0,0,0,0
1004,36,941,6,58.857529442,-3.0308172845,271.5,2.6742465565947344,5.574974180724078,0.0,-0.6281486600000008,0,0,0,0,0,0
1004,36,944,9,58.857529442,-3.1564470165,271.5,2.6742465565947344,5.574974180724078,0.0,-0.942222989999999,0,0,0,0,0,0
1004,36,947,12,58.857529442,-3.2192618824999997,271.5,2.6742465565947344,5.574974180724078,-0.15703716500002685,-0.942222989999999,0,0,0,0,0,0
1004,36,950,15,58.826122008999995,-3.3448916145,271.5,2.6742465565947344,5.574974180724078,-0.15703716500002685,-1.2562973200000016,0,0,0,0,0,0
1004,36,953,18,58.826122008999995,-3.4705213465,271.5,2.6742465565947344,5.574974180724078,0.0,-1.0992601549999992,0,0,0,0,0,0
1004,36,956,21,58.826122008999995,-3.5647436454999997,271.5,2.6742465565947344,5.574974180724078,0.0,-0.4711114949999984,0,0,0,0,0,0
1004,36,959,24,58.826122008999995,-3.5647436454999997,271.5,2.6742465565947344,5.574974180724078,0.0,-0.6281486600000008,0,0,0,0,0,0
1004,36,962,27,58.826122008999995,-3.6903733775,271.5,2.6742465565947344,5.574974180724078,0.0,-0.6281486600000008,0,0,0,0,0,0
1004,36,965,30,58.826122008999995,-3.6903733775,271.5,2.6742465565947344,5.574974180724078,0.31407433000001816,-0.4711114950000006,0,0,0,0,0,0
1004,36,968,33,58.888936875,-3.7845956765,271.5,2.6742465565947344,5.574974180724078,0.0,-1.2562973199999994,0,0,0,0,0,0
1004,36,971,36,58.826122008999995,-3.9416328414999997,271.5,2.6742465565947344,5.574974180724078,-0.31407433000001816,-0.7851858249999988,0,0,0,0,0,0
1004,36,974,39,58.826122008999995,-3.9416328414999997,271.5,2.6742465565947344,5.574974180724078,-0.15703716499999132,-0.6281486600000008,0,0,0,0,0,0
1004,36,977,42,58.794714576,-4.0672625735,271.5,2.6742465565947344,5.574974180724078,-0.15703716499999132,-0.6281486600000008,0,0,0,0,0,0
1004,36,980,45,58.794714576,-4.0672625735,271.5,2.6742465565947344,5.574974180724078,0.0,0.0,0,0,0,0,0,0
1004,36,983,48,58.794714576,-4.0672625735,271.5,2.6742465565947344,5.574974180724078,0.0,0.0,0,0,0,0,0,0
1004,36,986,51,58.794714576,-4.0672625735,271.5,2.6742465565947344,5.574974180724078,-0.15703716499999132,-1.2562973200000016,0,0,0,0,0,0
1004,36,989,54,58.763307143,-4.3185220375,271.5,2.6742465565947344,5.574974180724078,-0.15703716499999132,-1.2562973200000016,0,0,0,0,0,0
1004,36,992,57,58.763307143,-4.3185220375,271.5,2.6742465565947344,5.574974180724078,0.0,-0.6281486599999964,0,0,0,0,0,0
1004,36,995,60,58.763307143,-4.4441517694999995,271.5,2.6742465565947344,5.574974180724078,0.0,-0.6281486599999964,0,0,0,0,0,0
1004,36,998,63,58.763307143,-4.4441517694999995,271.5,2.6742465565947344,5.574974180724078,0.0,0.0,0,0,0,0,0,0
1004,36,1001,66,58.763307143,-4.4441517694999995,271.5,2.6742465565947344,5.574974180724078,-0.15703716499999132,0.0,0,0,0,0,0,0
1004,36,1004,69,58.73189971,-4.4441517694999995,271.5,2.6742465565947344,5.574974180724078,-0.15703716499999132,0.0,0,0,0,0,0,0
1004,36,1007,72,58.73189971,-4.4441517694999995,271.5,2.6742465565947344,5.574974180724078,0.0,0.0,0,0,0,0,0,0
1004,36,1010,75,58.73189971,-4.4441517694999995,271.5,2.6742465565947344,5.574974180724078,0.0,0.0,0,0,0,0,0,0
1004,36,1013,78,58.73189971,-4.4441517694999995,271.5,2.6742465565947344,5.574974180724078,0.0,0.0,0,0,0,0,0,0
1004,36,1016,81,58.73189971,-4.4441517694999995,271.5,2.6742465565947344,5.574974180724078,0.0,0.0,0,0,0,0,0,0
1004,36,1019,84,58.73189971,-4.4441517694999995,271.5,2.6742465565947344,5.574974180724078,0.0,-0.4711114950000006,0,0,0,0,0,0
1004,36,1022,87,58.73189971,-4.5383740685,271.5,2.6742465565947344,5.574974180724078,0.0,-0.4711114950000006,0,0,0,0,0,0
1004,36,1025,90,58.73189971,-4.5383740685,271.5,2.6742465565947344,5.574974180724078,-0.31407433000001816,0.0,0,0,0,0,0,0
1004,36,1028,93,58.669084844,-4.5383740685,271.5,2.6742465565947344,5.574974180724078,-0.7851858250000276,0.0,0,0,0,0,0,0
1004,36,1031,96,58.574862544999995,-4.5383740685,271.5,2.6742465565947344,5.574974180724078,-0.4711114950000095,0.0,0,0,0,0,0,0
1004,36,1034,99,58.574862544999995,-4.5383740685,271.5,2.6742465565947344,5.574974180724078,0.0,0.0,0,0,0,0,0,0
1004,36,1037,102,58.574862544999995,-4.5383740685,271.5,2.6742465565947344,5.574974180724078,0.0,0.0,0,0,0,0,0,0
1004,36,1040,105,58.574862544999995,-4.5383740685,271.5,2.6742465565947344,5.574974180724078,0.0,0.0,0,0,0,0,0,0
1004,36,1043,108,58.574862544999995,-4.5383740685,271.5,2.6742465565947344,5.574974180724078,0.0,0.0,0,0,0,0,0,0
1004,36,1046,111,58.574862544999995,-4.5383740685,271.5,2.6742465565947344,5.574974180724078,0.0,0.0,0,0,0,0,0,0
1004,36,1049,114,58.574862544999995,-4.5383740685,271.5,2.6742465565947344,5.574974180724078,0.0,0.0,0,0,0,0,0,0
1004,36,1052,117,58.574862544999995,-4.5383740685,271.5,2.6742465565947344,5.574974180724078,0.4711114950000095,-0.1570371650000002,0,0,0,0,0,0
1004,36,1055,120,58.669084844,-4.5697815015,271.5,2.6742465565947344,5.574974180724078,0.4711114950000095,-0.3140743300000004,0,0,0,0,0,0
1004,36,1058,123,58.669084844,-4.6011889345,271.5,2.6742465565947344,5.574974180724078,0.6281486600000008,-0.1570371650000002,0,0,0,0,0,0
1004,36,1061,126,58.794714576,-4.6011889345,271.5,2.6742465565947344,5.574974180724078,0.6281486600000008,0.0,0,0,0,0,0,0
1004,36,1064,129,58.794714576,-4.6011889345,271.5,2.6742465565947344,5.574974180724078,0.0,0.0,0,0,0,0,0,0
1004,36,1067,132,58.794714576,-4.6011889345,271.5,2.6742465565947344,5.574974180724078,0.4711114950000095,0.1570371650000002,0,0,0,0,0,0
1004,36,1070,135,58.888936875,-4.5697815015,271.5,2.6742465565947344,5.574974180724078,0.4711114950000095,0.1570371650000002,0,0,0,0,0,0
1004,36,1073,138,58.888936875,-4.5697815015,271.5,2.6742465565947344,5.574974180724078,0.0,0.0,0,0,0,0,0,0
1004,36,1076,141,58.888936875,-4.5697815015,271.5,2.6742465565947344,5.574974180724078,0.0,0.0,0,0,0,0,0,0
1004,36,1079,144,58.888936875,-4.5697815015,271.5,2.6742465565947344,5.574974180724078,-0.15703716499999132,0.0,0,0,0,0,0,0
1004,36,1082,147,58.857529442,-4.5697815015,271.5,2.6742465565947344,5.574974180724078,-0.15703716499999132,0.0,0,0,0,0,0,0
1004,36,1085,150,58.857529442,-4.5697815015,271.5,2.6742465565947344,5.574974180724078,-0.15703716500002685,-0.1570371650000002,0,0,0,0,0,0
1004,36,1088,153,58.826122008999995,-4.6011889345,271.5,2.6742465565947344,5.574974180724078,-0.15703716500002685,-0.1570371650000002,0,0,0,0,0,0
1004,36,1091,156,58.826122008999995,-4.6011889345,271.5,2.6742465565947344,5.574974180724078,0.0,0.0,0,0,0,0,0,0
1004,36,1094,159,58.826122008999995,-4.6011889345,271.5,2.6742465565947344,5.574974180724078,0.0,0.0,0,0,0,0,0,0
1004,36,1097,162,58.826122008999995,-4.6011889345,271.5,2.6742465565947344,5.574974180724078,0.0,0.0,0,0,0,0,0,0
1004,36,1100,165,58.826122008999995,-4.6011889345,271.5,2.6742465565947344,5.574974180724078,0.0,0.0,0,0,0,0,0,0
1004,36,1103,168,58.826122008999995,-4.6011889345,271.5,2.6742465565947344,5.574974180724078,0.0,0.0,0,0,0,0,0,0
1004,36,1106,171,58.826122008999995,-4.6011889345,271.5,2.6742465565947344,5.574974180724078,0.0,0.0,0,0,0,0,0,0
1004,36,1109,174,58.826122008999995,-4.6011889345,271.5,2.6742465565947344,5.574974180724078,0.0,0.0,0,0,0,0,0,0
1004,36,1112,177,58.826122008999995,-4.6011889345,271.5,2.6742465565947344,5.574974180724078,0.0,0.0,0,0,0,0,0,0
1004,36,1115,180,58.826122008999995,-4.6011889345,271.5,2.6742465565947344,5.574974180724078,0.0,0.0,0,0,0,0,0,0
1004,36,1118,183,58.826122008999995,-4.6011889345,271.5,2.6742465565947344,5.574974180724078,0.0,0.0,0,0,0,0,0,0
1004,36,1121,186,58.826122008999995,-4.6011889345,271.5,2.6742465565947344,5.574974180724078,-0.15703716499999132,-0.1570371650000002,0,0,0,0,0,0
1004,36,1124,189,58.794714576,-4.6325963675,271.5,2.6742465565947344,5.574974180724078,-0.15703716499999132,-0.1570371650000002,0,0,0,0,0,0
1004,36,1127,192,58.794714576,-4.6325963675,271.5,2.6742465565947344,5.574974180724078,0.0,0.0,0,0,0,0,0,0
1004,36,1130,195,58.794714576,-4.6325963675,271.5,2.6742465565947344,5.574974180724078,0.0,0.0,0,0,0,0,0,0
1004,36,1133,198,58.794714576,-4.6325963675,271.5,2.6742465565947344,5.574974180724078,0.0,0.0,0,0,0,0,0,0
1004,36,1136,201,58.794714576,-4.6325963675,271.5,2.6742465565947344,5.574974180724078,0.0,0.0,0,0,0,0,0,0
1004,36,1139,204,58.794714576,-4.6325963675,271.5,2.6742465565947344,5.574974180724078,0.0,0.0,0,0,0,0,0,0
1004,36,1142,207,58.794714576,-4.6325963675,271.5,2.6742465565947344,5.574974180724078,0.0,0.0,0,0,0,0,0,0
1004,36,1145,210,58.794714576,-4.6325963675,271.5,2.6742465565947344,5.574974180724078,0.0,0.0,0,0,0,0,0,0
1004,36,1148,213,58.794714576,-4.6325963675,271.5,2.6742465565947344,5.574974180724078,0.0,0.0,0,0,0,0,0,0
1004,36,1151,216,58.794714576,-4.6325963675,271.5,2.6742465565947344,5.574974180724078,0.0,0.0,0,0,0,0,0,0
1004,36,1154,219,58.794714576,-4.6325963675,271.5,2.6742465565947344,5.574974180724078,0.0,0.0,0,0,0,0,0,0
1004,36,1157,222,58.794714576,-4.6325963675,271.5,2.6742465565947344,5.574974180724078,0.0,0.0,0,0,0,0,0,0
1004,36,1160,225,58.794714576,-4.6325963675,271.5,2.6742465565947344,5.574974180724078,0.0,0.0,0,0,0,0,0,0
1004,36,1163,228,58.794714576,-4.6325963675,271.5,2.6742465565947344,5.574974180724078,0.0,0.0,0,0,0,0,0,0
1004,36,1166,231,58.794714576,-4.6325963675,271.5,2.6742465565947344,5.574974180724078,0.0,0.0,0,0,0,0,0,0
1004,36,1169,234,58.794714576,-4.6325963675,271.5,2.6742465565947344,5.574974180724078,0.0,0.0,0,0,0,0,0,0
1004,36,1172,237,58.794714576,-4.6325963675,271.5,2.6742465565947344,5.574974180724078,0.0,0.0,0,0,0,0,0,0
1004,36,1175,240,58.794714576,-4.6325963675,271.5,2.6742465565947344,5.574974180724078,0.0,0.0,0,0,0,0,0,0
1004,36,1178,243,58.794714576,-4.6325963675,271.5,2.6742465565947344,5.574974180724078,0.0,0.0,0,0,0,0,0,0
1004,36,1181,246,58.794714576,-4.6325963675,271.5,2.6742465565947344,5.574974180724078,0.0,0.0,0,0,0,0,0,0
1004,36,1184,249,58.794714576,-4.6325963675,271.5,2.6742465565947344,5.574974180724078,0.0,0.0,0,0,0,0,0,0
1004,36,1187,252,58.794714576,-4.6325963675,271.5,2.6742465565947344,5.574974180724078,0.0,0.0,0,0,0,0,0,0
1004,36,1190,255,58.794714576,-4.6325963675,271.5,2.6742465565947344,5.574974180724078,0.0,0.0,0,0,0,0,0,0
1004,36,1193,258,58.794714576,-4.6325963675,271.5,2.6742465565947344,5.574974180724078,0.0,0.0,0,0,0,0,0,0
1004,36,1196,261,58.794714576,-4.6325963675,271.5,2.6742465565947344,5.574974180724078,0.0,0.0,0,0,0,0,0,0
1004,36,1199,264,58.794714576,-4.6325963675,271.5,2.6742465565947344,5.574974180724078,0.31407433000001816,-0.1570371650000002,0,0,0,0,0,0
1004,36,1202,267,58.857529442,-4.6640038005,271.5,2.6742465565947344,5.574974180724078,0.31407433000001816,-0.1570371650000002,0,0,0,0,0,0
1004,36,1205,270,58.857529442,-4.6640038005,271.5,2.6742465565947344,5.574974180724078,0.0,0.0,0,0,0,0,0,0
1004,36,1208,273,58.857529442,-4.6640038005,271.5,2.6742465565947344,5.574974180724078,0.0,0.0,0,0,0,0,0,0
1004,36,1211,276,58.857529442,-4.6640038005,271.5,2.6742465565947344,5.574974180724078,0.31407432999998264,0.0,0,0,0,0,0,0
1004,36,1214,279,58.920344308,-4.6640038005,271.5,2.6742465565947344,5.574974180724078,0.31407432999998264,0.0,0,0,0,0,0,0
1004,36,1217,282,58.920344308,-4.6640038005,271.5,2.6742465565947344,5.574974180724078,0.0,0.0,0,0,0,0,0,0
1004,36,1220,285,58.920344308,-4.6640038005,271.5,2.6742465565947344,5.574974180724078,0.0,0.0,0,0,0,0,0,0
1004,36,1223,288,58.920344308,-4.6640038005,271.5,2.6742465565947344,5.574974180724078,0.0,0.0,0,0,0,0,0,0
1004,36,1226,291,58.920344308,-4.6640038005,271.5,2.6742465565947344,5.574974180724078,0.0,0.0,0,0,0,0,0,0
1004,36,1229,294,58.920344308,-4.6640038005,271.5,2.6742465565947344,5.574974180724078,0.0,0.0,0,0,0,0,0,0
1004,36,1232,297,58.920344308,-4.6640038005,271.5,2.6742465565947344,5.574974180724078,0.0,0.0,0,0,0,0,0,0
1004,36,1235,300,58.920344308,-4.6640038005,271.5,2.6742465565947344,5.574974180724078,0.0,0.0,0,0,0,0,0,0
1004,36,1238,303,58.920344308,-4.6640038005,271.5,2.6742465565947344,5.574974180724078,0.0,0.0,0,0,0,0,0,0
1004,36,1241,306,58.920344308,-4.6640038005,271.5,2.6742465565947344,5.574974180724078,0.0,0.0,0,0,0,0,0,0
1004,36,1244,309,58.920344308,-4.6640038005,271.5,2.6742465565947344,5.574974180724078,0.0,0.0,0,0,0,0,0,0
1004,36,1247,312,58.920344308,-4.6640038005,271.5,2.6742465565947344,5.574974180724078,0.0,0.0,0,0,0,0,0,0
1004,36,1250,315,58.920344308,-4.6640038005,271.5,2.6742465565947344,5.574974180724078,-0.4711114950000095,-0.1570371650000002,0,0,0,0,0,0
1004,36,1253,318,58.826122008999995,-4.6954112335,271.5,2.6742465565947344,5.574974180724078,-0.4711114950000095,-0.1570371650000002,0,0,0,0,0,0
1004,36,1256,321,58.826122008999995,-4.6954112335,271.5,2.6742465565947344,5.574974180724078,-0.31407432999998264,0.0,0,0,0,0,0,0
1004,36,1259,324,58.763307143,-4.6954112335,271.5,2.6742465565947344,5.574974180724078,-0.31407432999998264,0.0,0,0,0,0,0,0
1004,36,1262,327,58.763307143,-4.6954112335,271.5,2.6742465565947344,5.574974180724078,0.0,-0.3140743300000004,0,0,0,0,0,0
1004,36,1265,330,58.763307143,-4.7582260995,271.5,2.6742465565947344,5.574974180724078,0.0,-0.3140743300000004,0,0,0,0,0,0
1004,36,1268,333,58.763307143,-4.7582260995,271.5,2.6742465565947344,5.574974180724078,0.0,0.0,0,0,0,0,0,0
1004,36,1271,336,58.763307143,-4.7582260995,271.5,2.6742465565947344,5.574974180724078,0.0,0.0,0,0,0,0,0,0
1004,36,1274,339,58.763307143,-4.7582260995,271.5,2.6742465565947344,5.574974180724078,0.0,0.0,0,0,0,0,0,0
1004,36,1277,342,58.763307143,-4.7582260995,271.5,2.6742465565947344,5.574974180724078,0.0,0.0,0,0,0,0,0,0
1004,36,1280,345,58.763307143,-4.7582260995,271.5,2.6742465565947344,5.574974180724078,0.0,0.0,0,0,0,0,0,0
1004,36,1283,348,58.763307143,-4.7582260995,271.5,2.6742465565947344,5.574974180724078,0.0,0.0,0,0,0,0,0,0
1004,36,1286,351,58.763307143,-4.7582260995,271.5,2.6742465565947344,5.574974180724078,0.0,0.0,0,0,0,0,0,0
1004,36,1289,354,58.763307143,-4.7582260995,271.5,2.6742465565947344,5.574974180724078,0.0,0.0,0,0,0,0,0,0
1004,36,1292,357,58.763307143,-4.7582260995,271.5,2.6742465565947344,5.574974180724078,0.0,0.0,0,0,0,0,0,0
1004,36,1295,360,58.763307143,-4.7582260995,271.5,2.6742465565947344,5.574974180724078,0.4711114950000095,0.0,0,0,0,0,0,0
1004,36,1298,363,58.857529442,-4.7582260995,271.5,2.6742465565947344,5.574974180724078,0.4711114950000095,0.0,0,0,0,0,0,0
1004,36,1301,366,58.857529442,-4.7582260995,271.5,2.6742465565947344,5.574974180724078,0.0,0.0,0,0,0,0,0,0
1004,36,1304,369,58.857529442,-4.7582260995,271.5,2.6742465565947344,5.574974180724078,0.0,0.0,0,0,0,0,0,0
1004,36,1307,372,58.857529442,-4.7582260995,271.5,2.6742465565947344,5.574974180724078,0.0,0.0,0,0,0,0,0,0
1004,36,1310,375,58.857529442,-4.7582260995,271.5,2.6742465565947344,5.574974180724078,0.0,0.0,0,0,0,0,0,0
1004,36,1313,378,58.857529442,-4.7582260995,271.5,2.6742465565947344,5.574974180724078,0.0,0.0,0,0,0,0,0,0
1004,36,1316,381,58.857529442,-4.7582260995,271.5,2.6742465565947344,5.574974180724078,0.0,0.0,0,0,0,0,0,0
1004,36,1319,384,58.857529442,-4.7582260995,271.5,2.6742465565947344,5.574974180724078,0.0,0.0,0,0,0,0,0,0
1004,36,1322,387,58.857529442,-4.7582260995,271.5,2.6742465565947344,5.574974180724078,0.47111149499997396,0.0,0,0,0,0,0,0
1004,36,1325,390,58.951751740999995,-4.7582260995,271.5,2.6742465565947344,5.574974180724078,0.47111149499997396,0.0,0,0,0,0,0,0
1004,36,1328,393,58.951751740999995,-4.7582260995,271.5,2.6742465565947344,5.574974180724078,0.0,0.0,0,0,0,0,0,0
1004,36,1331,396,58.951751740999995,-4.7582260995,271.5,2.6742465565947344,5.574974180724078,0.0,0.0,0,0,0,0,0,0
1004,36,1334,399,58.951751740999995,-4.7582260995,271.5,2.6742465565947344,5.574974180724078,0.0,0.0,0,0,0,0,0,0
1004,36,1337,402,58.951751740999995,-4.7582260995,271.5,2.6742465565947344,5.574974180724078,0.15703716499999132,0.0,0,0,0,0,0,0
1004,36,1340,405,58.983159173999994,-4.7582260995,271.5,2.6742465565947344,5.574974180724078,0.15703716499999132,0.0,0,0,0,0,0,0
1004,36,1343,408,58.983159173999994,-4.7582260995,271.5,2.6742465565947344,5.574974180724078,-0.15703716499999132,0.3140743300000004,0,0,0,0,0,0
1004,36,1346,411,58.951751740999995,-4.6954112335,271.5,2.6742465565947344,5.574974180724078,-0.15703716499999132,0.3140743300000004,0,0,0,0,0,0
1004,36,1349,414,58.951751740999995,-4.6954112335,271.5,2.6742465565947344,5.574974180724078,0.0,0.0,0,0,0,0,0,0
1004,36,1352,417,58.951751740999995,-4.6954112335,271.5,2.6742465565947344,5.574974180724078,-0.31407432999998264,0.0,0,0,0,0,0,0
1004,36,1355,420,58.888936875,-4.6954112335,271.5,2.6742465565947344,5.574974180724078,-0.31407432999998264,0.0,0,0,0,0,0,0
1004,36,1358,423,58.888936875,-4.6954112335,271.5,2.6742465565947344,5.574974180724078,0.15703716499999132,-0.3140743300000004,0,0,0,0,0,0
1004,36,1361,426,58.920344308,-4.7582260995,271.5,2.6742465565947344,5.574974180724078,0.15703716499999132,-0.3140743300000004,0,0,0,0,0,0
1004,36,1364,429,58.920344308,-4.7582260995,271.5,2.6742465565947344,5.574974180724078,0.15703716499999132,0.0,0,0,0,0,0,0
1004,36,1367,432,58.951751740999995,-4.7582260995,271.5,2.6742465565947344,5.574974180724078,0.15703716499999132,0.0,0,0,0,0,0,0
1004,36,1370,435,58.951751740999995,-4.7582260995,271.5,2.6742465565947344,5.574974180724078,0.15703716499999132,0.2355557475000003,0,0,0,0,0,0
1004,36,1373,438,58.983159173999994,-4.71111495,271.0,2.6742465565947344,5.574974180724078,0.6281486600000008,0.3925929125000005,0,0,0,0,0,0
1004,36,1376,441,59.077381472999996,-4.679707517,271.0,2.6742465565947344,5.574974180724078,0.942222990000019,0.1570371650000002,0,0,0,0,0,0
1004,36,1379,444,59.171603772,-4.679707517,271.0,2.6742465565947344,5.574974180724078,0.942222990000019,0.0,0,0,0,0,0,0
1004,36,1382,447,59.265826071,-4.679707517,271.0,2.6742465565947344,5.574974180724078,0.4711114950000095,0.0,0,0,0,0,0,0
1004,36,1385,450,59.265826071,-4.679707517,271.0,2.6742465565947344,5.574974180724078,0.0,0.0,0,0,0,0,0,0
1004,36,1388,453,59.265826071,-4.679707517,271.0,2.6742465565947344,5.574974180724078,0.0,0.0,0,0,0,0,0,0
1004,36,1391,456,59.265826071,-4.679707517,271.0,2.6742465565947344,5.574974180724078,0.0,0.0,0,0,0,0,0,0
1004,36,1394,459,59.265826071,-4.679707517,271.0,2.6742465565947344,5.574974180724078,-0.4711114950000095,0.1570371650000002,0,0,0,0,0,0
1004,36,1397,462,59.171603772,-4.648300084,271.0,2.6742465565947344,5.574974180724078,-0.4711114950000095,0.1570371650000002,0,0,0,0,0,0
1004,36,1400,465,59.171603772,-4.648300084,271.0,2.6742465565947344,5.574974180724078,0.0,0.0,0,0,0,0,0,0
1004,36,1403,468,59.171603772,-4.648300084,271.0,2.6742465565947344,5.574974180724078,0.0,0.0,0,0,0,0,0,0
1004,36,1406,471,59.171603772,-4.648300084,271.0,2.6742465565947344,5.574974180724078,0.0,0.0,0,0,0,0,0,0
1004,36,1409,474,59.171603772,-4.648300084,271.0,2.6742465565947344,5.574974180724078,0.0,0.0,0,0,0,0,0,0
1004,36,1412,477,59.171603772,-4.648300084,271.0,2.6742465565947344,5.574974180724078,0.0,0.0,0,0,0,0,0,0
1004,36,1415,480,59.171603772,-4.648300084,271.0,2.6742465565947344,5.574974180724078,0.0,0.0,0,0,0,0,0,0
1004,36,1418,483,59.171603772,-4.648300084,271.0,2.6742465565947344,5.574974180724078,-0.15703716499999132,0.0,0,0,0,0,0,0
1004,36,1421,486,59.140196339,-4.648300084,271.0,2.6742465565947344,5.574974180724078,-0.15703716499999132,0.0,0,0,0,0,0,0
1004,36,1424,489,59.140196339,-4.648300084,271.0,2.6742465565947344,5.574974180724078,0.0,0.0,0,0,0,0,0,0
1004,36,1427,492,59.140196339,-4.648300084,271.0,2.6742465565947344,5.574974180724078,0.0,0.0,0,0,0,0,0,0
1004,36,1430,495,59.140196339,-4.648300084,271.0,2.6742465565947344,5.574974180724078,0.0,0.0,0,0,0,0,0,0
1004,36,1433,498,59.140196339,-4.648300084,271.0,2.6742465565947344,5.574974180724078,0.0,0.0,0,0,0,0,0,0
1004,36,1436,501,59.140196339,-4.648300084,271.0,2.6742465565947344,5.574974180724078,0.0,0.0,0,0,0,0,0,0
1004,36,1439,504,59.140196339,-4.648300084,271.0,2.6742465565947344,5.574974180724078,0.0,0.0,0,0,0,0,0,0
1004,36,1442,507,59.140196339,-4.648300084,271.0,2.6742465565947344,5.574974180724078,0.0,0.0,0,0,0,0,0,0
1004,36,1445,510,59.140196339,-4.648300084,271.0,2.6742465565947344,5.574974180724078,0.0,0.0,0,0,0,0,0,0
1004,36,1448,513,59.140196339,-4.648300084,271.0,2.6742465565947344,5.574974180724078,0.0,0.0,0,0,0,0,0,0
1004,36,1451,516,59.140196339,-4.648300084,271.0,2.6742465565947344,5.574974180724078,0.0,0.0,0,0,0,0,0,0
1004,36,1454,519,59.140196339,-4.648300084,271.0,2.6742465565947344,5.574974180724078,0.0,0.0,0,0,0,0,0,0
1004,36,1457,522,59.140196339,-4.648300084,271.0,2.6742465565947344,5.574974180724078,0.0,0.0,0,0,0,0,0,0
1004,36,1460,525,59.140196339,-4.648300084,271.0,2.6742465565947344,5.574974180724078,0.0,0.0,0,0,0,0,0,0
1004,36,1463,528,59.140196339,-4.648300084,271.0,2.6742465565947344,5.574974180724078,0.0,0.0,0,0,0,0,0,0
1004,36,1466,531,59.140196339,-4.648300084,271.0,2.6742465565947344,5.574974180724078,0.0,0.0,0,0,0,0,0,0
1004,36,1469,534,59.140196339,-4.648300084,271.0,2.6742465565947344,5.574974180724078,0.0,0.0,0,0,0,0,0,0
1004,36,1472,537,59.140196339,-4.648300084,271.0,2.6742465565947344,5.574974180724078,0.0,0.0,0,0,0,0,0,0
1004,36,1475,540,59.140196339,-4.648300084,271.0,2.6742465565947344,5.574974180724078,0.0,0.0,0,0,0,0,0,0
1004,36,1478,543,59.140196339,-4.648300084,271.0,2.6742465565947344,5.574974180724078,0.0,0.0,0,0,0,0,0,0
1004,36,1481,546,59.140196339,-4.648300084,271.0,2.6742465565947344,5.574974180724078,0.0,0.0,0,0,0,0,0,0
1004,36,1484,549,59.140196339,-4.648300084,271.0,2.6742465565947344,5.574974180724078,0.0,0.0,0,0,0,0,0,0
1004,36,1487,552,59.140196339,-4.648300084,271.0,2.6742465565947344,5.574974180724078,0.0,0.0,0,0,0,0,0,0
1004,36,1490,555,59.140196339,-4.648300084,271.0,2.6742465565947344,5.574974180724078,0.0,0.0,0,0,0,0,0,0
1004,36,1493,558,59.140196339,-4.648300084,271.0,2.6742465565947344,5.574974180724078,0.0,0.0,0,0,0,0,0,0
1004,36,1496,561,59.140196339,-4.648300084,271.0,2.6742465565947344,5.574974180724078,0.0,0.0,0,0,0,0,0,0
1004,36,1499,564,59.140196339,-4.648300084,271.0,2.6742465565947344,5.574974180724078,0.0,0.0,0,0,0,0,0,0
1004,36,1501,566,59.140196339,-4.648300084,271.0,2.6742465565947344,5.574974180724078,-0.4711114950000095,0.0,0,0,0,0,0,0
1004,36,1504,569,59.04597404,-4.648300084,271.0,2.6742465565947344,5.574974180724078,-0.4711114950000095,0.0,0,0,0,0,0,0
1004,36,1507,572,59.04597404,-4.648300084,271.0,2.6742465565947344,5.574974180724078,0.0,0.0,0,0,0,0,0,0
1004,36,1510,575,59.04597404,-4.648300084,271.0,2.6742465565947344,5.574974180724078,0.0,0.0,0,0,0,0,0,0
1004,36,1513,578,59.04597404,-4.648300084,271.0,2.6742465565947344,5.574974180724078,0.0,0.0,0,0,0,0,0,0
1004,36,1516,581,59.04597404,-4.648300084,271.0,2.6742465565947344,5.574974180724078,-0.31407433000001816,-0.3140743300000004,0,0,0,0,0,0
1004,36,1519,584,58.983159173999994,-4.71111495,271.0,2.6742465565947344,5.574974180724078,-0.7851858249999921,-0.1570371650000002,0,0,0,0,0,0
1004,36,1522,587,58.888936875,-4.679707517,271.0,2.6742465565947344,5.574974180724078,-0.47111149499997396,0.1570371650000002,0,0,0,0,0,0
1004,36,1525,590,58.888936875,-4.679707517,271.0,2.6742465565947344,5.574974180724078,0.0,0.0,0,0,0,0,0,0
1004,36,1528,593,58.888936875,-4.679707517,271.0,2.6742465565947344,5.574974180724078,-0.15703716499999132,0.0,0,0,0,0,0,0
1004,36,1531,596,58.857529442,-4.679707517,271.0,2.6742465565947344,5.574974180724078,-0.15703716499999132,0.0,0,0,0,0,0,0
1004,36,1534,599,58.857529442,-4.679707517,271.0,2.6742465565947344,5.574974180724078,-0.31407433000001816,0.0,0,0,0,0,0,0
1004,36,1537,602,58.794714576,-4.679707517,271.0,2.6742465565947344,5.574974180724078,-0.31407433000001816,0.0,0,0,0,0,0,0
1004,36,1540,605,58.794714576,-4.679707517,271.0,2.6742465565947344,5.574974180724078,-0.31407432999998264,0.1570371650000002,0,0,0,0,0,0
1004,36,1543,608,58.73189971,-4.648300084,271.0,2.6742465565947344,5.574974180724078,-0.31407432999998264,0.1570371650000002,0,0,0,0,0,0
1004,36,1546,611,58.73189971,-4.648300084,271.0,2.6742465565947344,5.574974180724078,0.0,0.0,0,0,0,0,0,0
1004,36,1549,614,58.73189971,-4.648300084,271.0,2.6742465565947344,5.574974180724078,0.0,0.0,0,0,0,0,0,0
1004,36,1552,617,58.73189971,-4.648300084,271.0,2.6742465565947344,5.574974180724078,0.0,0.0,0,0,0,0,0,0
1004,36,1555,620,58.73189971,-4.648300084,271.0,2.6742465565947344,5.574974180724078,0.0,0.0,0,0,0,0,0,0
1004,36,1558,623,58.73189971,-4.648300084,271.0,2.6742465565947344,5.574974180724078,0.0,0.0,0,0,0,0,0,0
1004,36,1561,626,58.73189971,-4.648300084,271.0,2.6742465565947344,5.574974180724078,0.0,0.0,0,0,0,0,0,0
1004,36,1564,629,58.73189971,-4.648300084,271.0,2.6742465565947344,5.574974180724078,0.0,0.0,0,0,0,0,0,0
1004,36,1567,632,58.73189971,-4.648300084,271.0,2.6742465565947344,5.574974180724078,0.0,0.0,0,0,0,0,0,0
1004,36,1570,635,58.73189971,-4.648300084,271.0,2.6742465565947344,5.574974180724078,0.0,0.0,0,0,0,0,0,0
1004,36,1573,638,58.73189971,-4.648300084,271.0,2.6742465565947344,5.574974180724078,0.7851858249999921,0.0,0,0,0,0,0,0
1004,36,1576,641,58.888936875,-4.648300084,271.0,2.6742465565947344,5.574974180724078,0.7851858249999921,0.0,0,0,0,0,0,0
1004,36,1579,644,58.888936875,-4.648300084,271.0,2.6742465565947344,5.574974180724078,0.0,0.0,0,0,0,0,0,0
1004,36,1582,647,58.888936875,-4.648300084,271.0,2.6742465565947344,5.574974180724078,0.0,0.0,0,0,0,0,0,0
1004,36,1585,650,58.888936875,-4.648300084,271.0,2.6742465565947344,5.574974180724078,0.0,0.0,0,0,0,0,0,0
1004,36,1588,653,58.888936875,-4.648300084,271.0,2.6742465565947344,5.574974180724078,0.0,0.0,0,0,0,0,0,0
1004,36,1591,656,58.888936875,-4.648300084,271.0,2.6742465565947344,5.574974180724078,0.0,0.0,0,0,0,0,0,0
1004,36,1594,659,58.888936875,-4.648300084,271.0,2.6742465565947344,5.574974180724078,0.0,0.0,0,0,0,0,0,0
1004,36,1597,662,58.888936875,-4.648300084,271.0,2.6742465565947344,5.574974180724078,0.0,0.0,0,0,0,0,0,0
1004,36,1600,665,58.888936875,-4.648300084,271.0,2.6742465565947344,5.574974180724078,0.0,0.0,0,0,0,0,0,0
1004,36,1603,668,58.888936875,-4.648300084,271.0,2.6742465565947344,5.574974180724078,0.0,0.0,0,0,0,0,0,0
1004,36,1606,671,58.888936875,-4.648300084,271.0,2.6742465565947344,5.574974180724078,0.0,0.0,0,0,0,0,0,0
1004,36,1609,674,58.888936875,-4.648300084,271.0,2.6742465565947344,5.574974180724078,0.31407432999998264,0.0,0,0,0,0,0,0
1004,36,1612,677,58.951751740999995,-4.648300084,271.0,2.6742465565947344,5.574974180724078,0.31407432999998264,0.0,0,0,0,0,0,0
1004,36,1615,680,58.951751740999995,-4.648300084,271.0,2.6742465565947344,5.574974180724078,0.0,0.0,0,0,0,0,0,0
1004,36,1618,683,58.951751740999995,-4.648300084,271.0,2.6742465565947344,5.574974180724078,0.0,0.0,0,0,0,0,0,0
1004,36,1621,686,58.951751740999995,-4.648300084,271.0,2.6742465565947344,5.574974180724078,0.0,0.0,0,0,0,0,0,0
1004,36,1624,689,58.951751740999995,-4.648300084,271.0,2.6742465565947344,5.574974180724078,0.0,0.0,0,0,0,0,0,0
1004,36,1627,692,58.951751740999995,-4.648300084,271.0,2.6742465565947344,5.574974180724078,0.0,0.0,0,0,0,0,0,0
1004,36,1630,695,58.951751740999995,-4.648300084,271.0,2.6742465565947344,5.574974180724078,0.0,0.0,0,0,0,0,0,0
1004,36,1633,698,58.951751740999995,-4.648300084,271.0,2.6742465565947344,5.574974180724078,0.0,0.0,0,0,0,0,0,0
1004,36,1636,701,58.951751740999995,-4.648300084,271.0,2.6742465565947344,5.574974180724078,-0.47111149499997396,0.0,0,0,0,0,0,0
1004,36,1639,704,58.857529442,-4.648300084,271.0,2.6742465565947344,5.574974180724078,-0.47111149499997396,0.0,0,0,0,0,0,0
1004,36,1642,707,58.857529442,-4.648300084,271.0,2.6742465565947344,5.574974180724078,0.0,0.0,0,0,0,0,0,0
1004,36,1645,710,58.857529442,-4.648300084,271.0,2.6742465565947344,5.574974180724078,0.0,0.0,0,0,0,0,0,0
1004,36,1648,713,58.857529442,-4.648300084,271.0,2.6742465565947344,5.574974180724078,0.0,0.0,0,0,0,0,0,0
1004,36,1651,716,58.857529442,-4.648300084,271.0,2.6742465565947344,5.574974180724078,0.0,0.0,0,0,0,0,0,0
1004,36,1654,719,58.857529442,-4.648300084,271.0,2.6742465565947344,5.574974180724078,0.0,0.0,0,0,0,0,0,0
1004,36,1657,722,58.857529442,-4.648300084,271.0,2.6742465565947344,5.574974180724078,0.0,0.0,0,0,0,0,0,0
1004,36,1660,725,58.857529442,-4.648300084,271.0,2.6742465565947344,5.574974180724078,-0.15703716500002685,0.0,0,0,0,0,0,0
1004,36,1663,728,58.826122008999995,-4.648300084,271.0,2.6742465565947344,5.574974180724078,-0.15703716500002685,0.0,0,0,0,0,0,0
1004,36,1666,731,58.826122008999995,-4.648300084,271.0,2.6742465565947344,5.574974180724078,-0.31407432999998264,-0.4711114950000006,0,0,0,0,0,0
1004,36,1669,734,58.763307143,-4.742522383,271.0,2.6742465565947344,5.574974180724078,-0.31407432999998264,-0.4711114950000006,0,0,0,0,0,0
1004,36,1672,737,58.763307143,-4.742522383,271.0,2.6742465565947344,5.574974180724078,0.0,0.0,0,0,0,0,0,0
1004,36,1675,740,58.763307143,-4.742522383,271.0,2.6742465565947344,5.574974180724078,-0.6281486600000008,0.3140743300000004,0,0,0,0,0,0
1004,36,1678,743,58.637677411,-4.679707517,271.0,2.6742465565947344,5.574974180724078,-0.7851858249999921,0.4711114950000006,0,0,0,0,0,0
1004,36,1681,746,58.606269978,-4.648300084,271.0,2.6742465565947344,5.574974180724078,-0.15703716499999132,0.1570371650000002,0,0,0,0,0,0
1004,36,1684,749,58.606269978,-4.648300084,271.0,2.6742465565947344,5.574974180724078,0.0,0.0,0,0,0,0,0,0
1004,36,1687,752,58.606269978,-4.648300084,271.0,2.6742465565947344,5.574974180724078,0.0,0.0,0,0,0,0,0,0
1004,36,1690,755,58.606269978,-4.648300084,271.0,2.6742465565947344,5.574974180724078,-0.7851858250000276,0.1570371650000002,0,0,0,0,0,0
1004,36,1693,758,58.449232812999995,-4.616892651,271.0,2.6742465565947344,5.574974180724078,-0.7851858250000276,0.1570371650000002,0,0,0,0,0,0
1004,36,1696,761,58.449232812999995,-4.616892651,271.0,2.6742465565947344,5.574974180724078,0.0,0.0,0,0,0,0,0,0
1004,36,1699,764,58.449232812999995,-4.616892651,271.0,2.6742465565947344,5.574974180724078,0.0,0.0,0,0,0,0,0,0
1004,36,1702,767,58.449232812999995,-4.616892651,271.0,2.6742465565947344,5.574974180724078,0.0,0.0,0,0,0,0,0,0
1004,36,1705,770,58.449232812999995,-4.616892651,271.0,2.6742465565947344,5.574974180724078,-0.31407432999998264,0.0,0,0,0,0,0,0
1004,36,1708,773,58.386417947,-4.616892651,271.0,2.6742465565947344,5.574974180724078,-0.31407432999998264,0.0,0,0,0,0,0,0
1004,36,1711,776,58.386417947,-4.616892651,271.0,2.6742465565947344,5.574974180724078,0.0,0.0,0,0,0,0,0,0
1004,36,1714,779,58.386417947,-4.616892651,271.0,2.6742465565947344,5.574974180724078,0.0,0.0,0,0,0,0,0,0
1004,36,1717,782,58.386417947,-4.616892651,271.0,2.6742465565947344,5.574974180724078,0.0,0.0,0,0,0,0,0,0
1004,36,1720,785,58.386417947,-4.616892651,271.0,2.6742465565947344,5.574974180724078,0.0,0.0,0,0,0,0,0,0
1004,36,1723,788,58.386417947,-4.616892651,271.0,2.6742465565947344,5.574974180724078,-0.942222990000019,0.0,0,0,0,0,0,0
1004,36,1726,791,58.197973348999994,-4.616892651,271.0,2.6742465565947344,5.574974180724078,-0.942222990000019,0.0,0,0,0,0,0,0
1004,36,1729,794,58.197973348999994,-4.616892651,271.0,2.6742465565947344,5.574974180724078,0.0,0.0,0,0,0,0,0,0
1004,36,1732,797,58.197973348999994,-4.616892651,271.0,2.6742465565947344,5.574974180724078,0.0,0.0,0,0,0,0,0,0
1004,36,1735,800,58.197973348999994,-4.616892651,271.0,2.6742465565947344,5.574974180724078,0.0,0.0,0,0,0,0,0,0
1004,36,1738,803,58.197973348999994,-4.616892651,271.0,2.6742465565947344,5.574974180724078,0.0,0.0,0,0,0,0,0,0
1004,36,1741,806,58.197973348999994,-4.616892651,271.0,2.6742465565947344,5.574974180724078,0.0,0.0,0,0,0,0,0,0
1004,36,1744,809,58.197973348999994,-4.616892651,271.0,2.6742465565947344,5.574974180724078,0.0,0.0,0,0,0,0,0,0
1004,36,1747,812,58.197973348999994,-4.616892651,271.0,2.6742465565947344,5.574974180724078,0.0,0.0,0,0,0,0,0,0
1004,36,1750,815,58.197973348999994,-4.616892651,271.0,2.6742465565947344,5.574974180724078,0.0,0.0,0,0,0,0,0,0
1004,36,1753,818,58.197973348999994,-4.616892651,271.0,2.6742465565947344,5.574974180724078,0.0,0.0,0,0,0,0,0,0
1004,36,1756,821,58.197973348999994,-4.616892651,271.0,2.6742465565947344,5.574974180724078,0.0,0.0,0,0,0,0,0,0
1004,36,1759,824,58.197973348999994,-4.616892651,271.0,2.6742465565947344,5.574974180724078,0.0,0.0,0,0,0,0,0,0
1004,36,1762,827,58.197973348999994,-4.616892651,271.0,2.6742465565947344,5.574974180724078,0.0,0.0,0,0,0,0,0,0
1004,36,1765,830,58.197973348999994,-4.616892651,271.0,2.6742465565947344,5.574974180724078,0.0,0.0,0,0,0,0,0,0
1004,36,1768,833,58.197973348999994,-4.616892651,271.0,2.6742465565947344,5.574974180724078,0.0,0.0,0,0,0,0,0,0
1004,36,1771,836,58.197973348999994,-4.616892651,271.0,2.6742465565947344,5.574974180724078,0.0,0.0,0,0,0,0,0,0
1004,36,1774,839,58.197973348999994,-4.616892651,271.0,2.6742465565947344,5.574974180724078,0.0,0.0,0,0,0,0,0,0
1004,36,1777,842,58.197973348999994,-4.616892651,271.0,2.6742465565947344,5.574974180724078,-0.47111149499997396,-0.1570371650000002,0,0,0,0,0,0
1004,36,1780,845,58.10375105,-4.648300084,271.0,2.6742465565947344,5.574974180724078,-0.47111149499997396,-0.1570371650000002,0,0,0,0,0,0
1004,36,1783,848,58.10375105,-4.648300084,271.0,2.6742465565947344,5.574974180724078,-0.4711114950000095,-0.1570371650000002,0,0,0,0,0,0
1004,36,1786,851,58.009528751,-4.679707517,271.0,2.6742465565947344,5.574974180724078,-0.4711114950000095,-0.1570371650000002,0,0,0,0,0,0
1004,36,1789,854,58.009528751,-4.679707517,271.0,2.6742465565947344,5.574974180724078,0.0,0.0,0,0,0,0,0,0
1004,36,1792,857,58.009528751,-4.679707517,271.0,2.6742465565947344,5.574974180724078,0.0,0.0,0,0,0,0,0,0
1004,36,1795,860,58.009528751,-4.679707517,271.0,2.6742465565947344,5.574974180724078,0.0,0.0,0,0,0,0,0,0
1004,36,1798,863,58.009528751,-4.679707517,271.0,2.6742465565947344,5.574974180724078,0.0,0.0,0,0,0,0,0,0
1004,36,1801,866,58.009528751,-4.679707517,271.0,2.6742465565947344,5.574974180724078,0.0,0.0,0,0,0,0,0,0
1004,36,1804,869,58.009528751,-4.679707517,271.0,2.6742465565947344,5.574974180724078,0.0,0.0,0,0,0,0,0,0
1004,36,1807,872,58.009528751,-4.679707517,271.0,2.6742465565947344,5.574974180724078,0.0,0.0,0,0,0,0,0,0
1004,36,1810,875,58.009528751,-4.679707517,271.0,2.6742465565947344,5.574974180724078,0.31407432999998264,-0.1570371650000002,0,0,0,0,0,0
1004,36,1813,878,58.072343616999994,-4.71111495,271.0,2.6742465565947344,5.574974180724078,0.31407432999998264,-0.1570371650000002,0,0,0,0,0,0
1004,36,1816,881,58.072343616999994,-4.71111495,271.0,2.6742465565947344,5.574974180724078,0.0,0.0,0,0,0,0,0,0
1004,36,1819,884,58.072343616999994,-4.71111495,271.0,2.6742465565947344,5.574974180724078,0.0,0.0,0,0,0,0,0,0
1004,36,1822,887,58.072343616999994,-4.71111495,271.0,2.6742465565947344,5.574974180724078,0.0,0.0,0,0,0,0,0,0
1004,36,1825,890,58.072343616999994,-4.71111495,271.0,2.6742465565947344,5.574974180724078,0.0,0.0,0,0,0,0,0,0
1004,36,1828,893,58.072343616999994,-4.71111495,271.0,2.6742465565947344,5.574974180724078,0.4711114950000095,-0.1570371650000002,0,0,0,0,0,0
1004,36,1831,896,58.166565915999996,-4.742522383,271.0,2.6742465565947344,5.574974180724078,0.4711114950000095,-0.1570371650000002,0,0,0,0,0,0
1004,36,1834,899,58.166565915999996,-4.742522383,271.0,2.6742465565947344,5.574974180724078,0.15703716499999132,-0.1570371650000002,0,0,0,0,0,0
1004,36,1837,902,58.197973348999994,-4.773929816,271.0,2.6742465565947344,5.574974180724078,0.15703716499999132,-0.1570371650000002,0,0,0,0,0,0
1004,36,1840,905,58.197973348999994,-4.773929816,271.0,2.6742465565947344,5.574974180724078,0.4711114950000095,0.1570371650000002,0,0,0,0,0,0
1004,36,1843,908,58.292195647999996,-4.742522383,271.0,2.6742465565947344,5.574974180724078,0.4711114950000095,0.1570371650000002,0,0,0,0,0,0
1004,36,1846,911,58.292195647999996,-4.742522383,271.0,2.6742465565947344,5.574974180724078,0.0,0.0,0,0,0,0,0,0
1004,36,1849,914,58.292195647999996,-4.742522383,271.0,2.6742465565947344,5.574974180724078,0.6281486600000008,-0.3140743300000004,0,0,0,0,0,0
1004,36,1852,917,58.41782538,-4.805337249,271.0,2.6742465565947344,5.574974180724078,0.6281486600000008,-0.3140743300000004,0,0,0,0,0,0
1004,36,1855,920,58.41782538,-4.805337249,271.0,2.6742465565947344,5.574974180724078,0.0,0.0,0,0,0,0,0,0
1004,36,1858,923,58.41782538,-4.805337249,271.0,2.6742465565947344,5.574974180724078,0.0,0.0,0,0,0,0,0,0
1004,36,1861,926,58.41782538,-4.805337249,271.0,2.6742465565947344,5.574974180724078,0.0,0.0,0,0,0,0,0,0
1004,36,1864,929,58.41782538,-4.805337249,271.0,2.6742465565947344,5.574974180724078,0.0,0.0,0,0,0,0,0,0
1004,36,1867,932,58.41782538,-4.805337249,271.0,2.6742465565947344,5.574974180724078,0.0,0.0,0,0,0,0,0,0
1004,36,1870,935,58.41782538,-4.805337249,271.0,2.6742465565947344,5.574974180724078,0.0,0.0,0,0,0,0,0,0
1004,36,1873,938,58.41782538,-4.805337249,271.0,2.6742465565947344,5.574974180724078,0.0,0.0,0,0,0,0,0,0
1004,36,1876,941,58.41782538,-4.805337249,271.0,2.6742465565947344,5.574974180724078,0.0,0.0,0,0,0,0,0,0
1004,36,1879,944,58.41782538,-4.805337249,271.0,2.6742465565947344,5.574974180724078,0.0,0.0,0,0,0,0,0,0
1004,36,1882,947,58.41782538,-4.805337249,271.0,2.6742465565947344,5.574974180724078,0.0,0.0,0,0,0,0,0,0
1004,36,1885,950,58.41782538,-4.805337249,271.0,2.6742465565947344,5.574974180724078,0.0,0.0,0,0,0,0,0,0
1004,36,1888,953,58.41782538,-4.805337249,271.0,2.6742465565947344,5.574974180724078,0.0,0.0,0,0,0,0,0,0
1004,36,1891,956,58.41782538,-4.805337249,271.0,2.6742465565947344,5.574974180724078,0.0,0.0,0,0,0,0,0,0
1004,36,1894,959,58.41782538,-4.805337249,271.0,2.6742465565947344,5.574974180724078,0.0,0.0,0,0,0,0,0,0
1004,36,1897,962,58.41782538,-4.805337249,271.0,2.6742465565947344,5.574974180724078,0.0,0.0,0,0,0,0,0,0
1004,36,1900,965,58.41782538,-4.805337249,271.0,2.6742465565947344,5.574974180724078,0.0,0.0,0,0,0,0,0,0
1004,36,1903,968,58.41782538,-4.805337249,271.0,2.6742465565947344,5.574974180724078,0.0,0.0,0,0,0,0,0,0
1004,36,1906,971,58.41782538,-4.805337249,271.0,2.6742465565947344,5.574974180724078,0.0,0.0,0,0,0,0,0,0
1004,36,1909,974,58.41782538,-4.805337249,271.0,2.6742465565947344,5.574974180724078,0.0,0.0,0,0,0,0,0,0
1004,36,1912,977,58.41782538,-4.805337249,271.0,2.6742465565947344,5.574974180724078,0.0,0.0,0,0,0,0,0,0
1004,36,1915,980,58.41782538,-4.805337249,271.0,2.6742465565947344,5.574974180724078,0.0,0.0,0,0,0,0,0,0
1004,36,1918,983,58.41782538,-4.805337249,271.0,2.6742465565947344,5.574974180724078,0.0,0.0,0,0,0,0,0,0
1004,36,1921,986,58.41782538,-4.805337249,271.0,2.6742465565947344,5.574974180724078,-0.15703716499999132,0.4711114950000006,0,0,0,0,0,0
1004,36,1924,989,58.386417947,-4.71111495,271.0,2.6742465565947344,5.574974180724078,-0.15703716499999132,0.4711114950000006,0,0,0,0,0,0
1004,36,1927,992,58.386417947,-4.71111495,271.0,2.6742465565947344,5.574974180724078,0.0,0.0,0,0,0,0,0,0
1004,36,1930,995,58.386417947,-4.71111495,271.0,2.6742465565947344,5.574974180724078,0.0,0.0,0,0,0,0,0,0
1004,36,1933,998,58.386417947,-4.71111495,271.0,2.6742465565947344,5.574974180724078,0.0,0.0,0,0,0,0,0,0
1004,36,1936,1001,58.386417947,-4.71111495,271.0,2.6742465565947344,5.574974180724078,0.0,0.0,0,0,0,0,0,0
1004,36,1939,1004,58.386417947,-4.71111495,271.0,2.6742465565947344,5.574974180724078,0.0,0.0,0,0,0,0,0,0
1004,36,1942,1007,58.386417947,-4.71111495,271.0,2.6742465565947344,5.574974180724078,0.0,0.0,0,0,0,0,0,0
1004,36,1945,1010,58.386417947,-4.71111495,271.0,2.6742465565947344,5.574974180724078,0.0,0.0,0,0,0,0,0,0
1004,36,1948,1013,58.386417947,-4.71111495,271.0,2.6742465565947344,5.574974180724078,0.0,0.0,0,0,0,0,0,0
1004,36,1951,1016,58.386417947,-4.71111495,271.0,2.6742465565947344,5.574974180724078,0.31407432999998264,0.0,0,0,0,0,0,0
1004,36,1954,1019,58.449232812999995,-4.71111495,271.0,2.6742465565947344,5.574974180724078,0.31407432999998264,0.0,0,0,0,0,0,0
1004,36,1957,1022,58.449232812999995,-4.71111495,271.0,2.6742465565947344,5.574974180724078,0.0,0.0,0,0,0,0,0,0
1004,36,1960,1025,58.449232812999995,-4.71111495,271.0,2.6742465565947344,5.574974180724078,0.0,0.0,0,0,0,0,0,0
1004,36,1963,1028,58.449232812999995,-4.71111495,271.0,2.6742465565947344,5.574974180724078,0.0,0.0,0,0,0,0,0,0
1004,36,1966,1031,58.449232812999995,-4.71111495,271.0,2.6742465565947344,5.574974180724078,0.0,0.0,0,0,0,0,0,0
1004,36,1969,1034,58.449232812999995,-4.71111495,271.0,2.6742465565947344,5.574974180724078,0.0,0.0,0,0,0,0,0,0
1004,36,1972,1037,58.449232812999995,-4.71111495,271.0,2.6742465565947344,5.574974180724078,-0.47111149499997396,-0.3140743300000004,0,0,0,0,0,0
1004,36,1975,1040,58.355010514,-4.773929816,271.0,2.6742465565947344,5.574974180724078,-0.47111149499997396,-0.3140743300000004,0,0,0,0,0,0
1004,36,1978,1043,58.355010514,-4.773929816,271.0,2.6742465565947344,5.574974180724078,0.0,0.0,0,0,0,0,0,0
1004,36,1981,1046,58.355010514,-4.773929816,271.0,2.6742465565947344,5.574974180724078,0.0,0.0,0,0,0,0,0,0
1004,36,1984,1049,58.355010514,-4.773929816,271.0,2.6742465565947344,5.574974180724078,0.0,0.0,0,0,0,0,0,0
1004,36,1987,1052,58.355010514,-4.773929816,271.0,2.6742465565947344,5.574974180724078,0.0,0.0,0,0,0,0,0,0
1004,36,1990,1055,58.355010514,-4.773929816,271.0,2.6742465565947344,5.574974180724078,0.31407432999998264,-0.3140743300000004,0,0,0,0,0,0
1004,36,1993,1058,58.41782538,-4.836744682,271.0,2.6742465565947344,5.574974180724078,0.31407432999998264,-0.3140743300000004,0,0,0,0,0,0
1004,36,1996,1061,58.41782538,-4.836744682,271.0,2.6742465565947344,5.574974180724078,0.0,-0.785185825000001,0,0,0,0,0,0
1004,36,1999,1064,58.41782538,-4.993781847,271.0,2.6742465565947344,5.574974180724078,0.0,-0.785185825000001,0,0,0,0,0,0
1004,36,2002,1067,58.41782538,-4.993781847,271.0,2.6742465565947344,5.574974180724078,0.0,-0.31407432999999596,0,0,0,0,0,0
1004,36,2005,1070,58.41782538,-5.056596712999999,271.0,2.6742465565947344,5.574974180724078,0.0,-0.6281486599999964,0,0,0,0,0,0
1004,36,2008,1073,58.41782538,-5.119411578999999,271.0,2.6742465565947344,5.574974180724078,0.31407433000001816,-0.785185825000001,0,0,0,0,0,0
1004,36,2011,1076,58.480640246,-5.2136338779999996,271.0,2.6742465565947344,5.574974180724078,0.0,-0.9422229900000012,0,0,0,0,0,0
1004,36,2014,1079,58.41782538,-5.307856177,271.0,2.6742465565947344,5.574974180724078,-0.4711114950000095,-1.2562973200000016,0,0,0,0,0,0
1004,36,2017,1082,58.386417947,-5.464893342,271.0,2.6742465565947344,5.574974180724078,0.31407433000001816,-1.2562973200000016,0,0,0,0,0,0
1004,36,2020,1085,58.480640246,-5.559115641,271.0,2.6742465565947344,5.574974180724078,0.6281486600000008,-0.9422229900000012,0,0,0,0,0,0
1004,36,2023,1088,58.512047679,-5.65333794,271.0,2.6742465565947344,5.574974180724078,0.15703716499999132,-0.9422229899999968,0,0,0,0,0,0
1004,36,2026,1091,58.512047679,-5.747560238999999,271.0,2.6742465565947344,5.574974180724078,-0.31407433000001816,-1.099260154999997,0,0,0,0,0,0
1004,36,2029,1094,58.449232812999995,-5.8731899709999995,271.0,2.6742465565947344,5.574974180724078,-0.31407433000001816,-1.2562973200000016,0,0,0,0,0,0
1004,36,2032,1097,58.449232812999995,-5.998819703,271.0,2.6742465565947344,5.574974180724078,0.0,-1.0992601550000014,0,0,0,0,0,0
1004,36,2035,1100,58.449232812999995,-6.093042002,271.0,2.6742465565947344,5.574974180724078,0.31407433000001816,-0.4711114950000006,0,0,0,0,0,0
1004,36,2038,1103,58.512047679,-6.093042002,271.0,2.6742465565947344,5.574974180724078,0.31407433000001816,-0.6281486600000008,0,0,0,0,0,0
1004,36,2041,1106,58.512047679,-6.218671734,271.0,2.6742465565947344,5.574974180724078,0.0,-0.785185825000001,0,0,0,0,0,0
1004,36,2044,1109,58.512047679,-6.250079167,271.0,2.6742465565947344,5.574974180724078,0.0,-0.4711114950000006,0,0,0,0,0,0
1004,36,2047,1112,58.512047679,-6.312894033,271.0,2.6742465565947344,5.574974180724078,-0.15703716499999132,-0.9422229899999968,0,0,0,0,0,0
1004,36,2050,1115,58.480640246,-6.438523764999999,271.0,2.6742465565947344,5.574974180724078,0.0,-0.9422229899999968,0,0,0,0,0,0
1004,36,2053,1118,58.512047679,-6.501338630999999,271.0,2.6742465565947344,5.574974180724078,0.47111149499997396,-0.4711114950000006,0,0,0,0,0,0
1004,36,2056,1121,58.574862544999995,-6.5327460639999995,271.0,2.6742465565947344,5.574974180724078,0.4711114950000095,-0.6281486600000008,0,0,0,0,0,0
1004,36,2059,1124,58.606269978,-6.626968363,271.0,2.6742465565947344,5.574974180724078,0.6281486600000008,-1.0992601550000014,0,0,0,0,0,0
1004,36,2062,1127,58.700492276999995,-6.752598095,271.0,2.6742465565947344,5.574974180724078,0.6281486600000008,-1.0992601550000014,0,0,0,0,0,0
1004,36,2065,1130,58.73189971,-6.846820394,271.0,2.6742465565947344,5.574974180724078,0.31407433000001816,-0.785185825000001,0,0,0,0,0,0
1004,36,2068,1133,58.763307143,-6.90963526,271.0,2.6742465565947344,5.574974180724078,0.31407432999998264,-0.9422229900000012,0,0,0,0,0,0
1004,36,2071,1136,58.794714576,-7.035264992,271.0,2.6742465565947344,5.574974180724078,0.7851858249999921,-1.099260154999997,0,0,0,0,0,0
1004,36,2074,1139,58.920344308,-7.129487290999999,271.0,2.6742465565947344,5.574974180724078,0.6281486600000008,-1.099260154999997,0,0,0,0,0,0
1004,36,2077,1142,58.920344308,-7.2551170229999995,271.0,2.6742465565947344,5.574974180724078,0.31407432999998264,-1.2562973200000016,0,0,0,0,0,0
1004,36,2080,1145,58.983159173999994,-7.380746755,271.0,2.6742465565947344,5.574974180724078,0.9422229899999834,-0.785185825000001,0,0,0,0,0,0
1004,36,2083,1148,59.108788905999994,-7.412154188,271.0,2.6742465565947344,5.574974180724078,0.7851858250000276,-0.6281486600000008,0,0,0,0,0,0
1004,36,2086,1151,59.140196339,-7.506376487,271.0,2.6742465565947344,5.574974180724078,0.7851858250000276,-0.9422229900000012,0,0,0,0,0,0
1004,36,2089,1154,59.265826071,-7.600598786,271.0,2.6742465565947344,5.574974180724078,0.7066672424999965,-1.3348159024999973,0,0,0,0,0,0
1004,36,2092,1157,59.2815297875,-7.773339667499999,271.0,2.6742465565947344,5.574974180724078,0.23555574749998698,-1.3348159024999973,0,0,0,0,0,0
1004,36,2095,1160,59.3129372205,-7.867561966499999,270.0,2.6742465565947344,5.574974180724078,0.4711114950000095,-1.0992601550000014,0,0,0,0,0,0
1004,36,2098,1163,59.3757520865,-7.9931916984999996,270.0,2.6742465565947344,5.574974180724078,0.6281486600000008,-1.099260154999997,0,0,0,0,0,0
1004,36,2101,1166,59.4385669525,-8.087413997499999,270.0,2.6742465565947344,5.574974180724078,0.7851858249999921,-1.2562973199999972,0,0,0,0,0,0
1004,36,2104,1169,59.5327892515,-8.244451162499999,270.0,2.6742465565947344,5.574974180724078,0.7851858249999921,-1.2562973200000016,0,0,0,0,0,0
1004,36,2107,1172,59.595604117499995,-8.338673461499999,270.0,2.6742465565947344,5.574974180724078,0.6281486600000008,-1.0992601550000014,0,0,0,0,0,0
1004,36,2110,1175,59.6584189835,-8.4643031935,270.0,2.6742465565947344,5.574974180724078,0.6281486600000008,-1.7274088150000022,0,0,0,0,0,0
1004,36,2113,1178,59.721233849499995,-8.6841552245,270.0,2.6742465565947344,5.574974180724078,0.31407432999998264,-1.570371650000002,0,0,0,0,0,0
1004,36,2116,1181,59.721233849499995,-8.7783775235,270.0,2.6742465565947344,5.574974180724078,-0.31407432999998264,-1.0992601550000014,0,0,0,0,0,0
1004,36,2119,1184,59.6584189835,-8.9040072555,270.0,2.6742465565947344,5.574974180724078,0.0,-1.4133344850000018,0,0,0,0,0,0
1004,36,2122,1187,59.721233849499995,-9.0610444205,270.0,2.6742465565947344,5.574974180724078,0.15703716499999132,-1.570371650000002,0,0,0,0,0,0
1004,36,2125,1190,59.6898264165,-9.2180815855,270.0,2.6742465565947344,5.574974180724078,0.15703716499999132,-1.570371650000002,0,0,0,0,0,0
1004,36,2128,1193,59.752641282499994,-9.3751187505,270.0,2.6742465565947344,5.574974180724078,-0.15703716499999132,-2.355557474999994,0,0,0,0,0,0
1004,36,2131,1196,59.6584189835,-9.689193080499999,270.0,2.6742465565947344,5.574974180724078,0.07851858250003119,-1.4918530674999975,0,0,0,0,0,0
1004,36,2134,1199,59.768344999,-9.673489364,269.0,2.6742465565947344,5.574974180724078,0.3925929124999783,-1.0207415725000057,0,0,0,0,0,0
1004,36,2137,1202,59.736937565999995,-9.893341395,269.0,2.6742465565947344,5.574974180724078,0.15703716499999132,-1.7274088150000022,0,0,0,0,0,0
1004,36,2140,1205,59.799752432,-10.018971127,269.0,2.6742465565947344,5.574974180724078,0.15703716500002685,-2.198520309999994,0,0,0,0,0,0
1004,36,2143,1208,59.768344999,-10.333045456999999,269.0,2.6742465565947344,5.574974180724078,0.0,-2.551853931249992,0,0,0,0,0,0
1004,36,2146,1211,59.799752432,-10.529341913249999,268.5,2.6742465565947344,5.574974180724078,0.15703716499999132,-1.4133344850000018,0,0,0,0,0,0
1004,36,2149,1214,59.799752432,-10.615712354,266.5,2.6742465565947344,5.574974180724078,-0.31407433000001816,-1.5311123587500042,0,0,0,0,0,0
1004,36,2152,1217,59.736937565999995,-10.835564385,266.5,2.6742465565947344,5.574974180724078,-0.4711114950000095,-2.512594640000003,0,0,0,0,0,0
1004,36,2155,1220,59.705530132999996,-11.118231282,266.5,2.6742465565947344,5.574974180724078,-0.47111149499997396,-2.0414831450000026,0,0,0,0,0,0
1004,36,2158,1223,59.642715267,-11.243861014,266.5,2.6742465565947344,5.574974180724078,-0.31407432999998264,-1.7274088149999933,0,0,0,0,0,0
1004,36,2161,1226,59.642715267,-11.463713044999999,265.0,2.6742465565947344,5.574974180724078,-0.7066672424999965,-2.0414831449999937,0,0,0,0,0,0
1004,36,2164,1229,59.5013818185,-11.652157642999999,265.0,2.6742465565947344,5.574974180724078,-1.0600008637500125,-2.2770388925000073,0,0,0,0,0,0
1004,36,2167,1232,59.43071509425,-11.9191208235,265.0,2.6742465565947344,5.574974180724078,-0.6281486600000008,-2.9051875524999993,0,0,0,0,0,0
1004,36,2170,1235,59.3757520865,-12.233195153499999,266.0,2.6742465565947344,5.574974180724078,-0.5103707862500073,-2.983706134999995,0,0,0,0,0,0
1004,36,2173,1238,59.328640936999996,-12.5158620505,264.5,2.6742465565947344,5.574974180724078,-0.8637044075000233,-2.6696318050000034,0,0,0,0,0,0
1004,36,2176,1241,59.203011204999996,-12.7671215145,264.5,2.6742465565947344,5.574974180724078,-0.82444511624999,-2.8266689700000036,0,0,0,0,0,0
1004,36,2179,1244,59.16375191375,-13.0811958445,264.5,2.6742465565947344,5.574974180724078,-0.07851858249999566,-3.4548176299999955,0,0,0,0,0,0
1004,36,2182,1247,59.1873074885,-13.458085040499999,262.5,2.6742465565947344,5.574974180724078,-0.7066672424999965,-3.4548176299999955,0,0,0,0,0,0
1004,36,2185,1250,59.02241846525,-13.772159370499999,262.5,2.6742465565947344,5.574974180724078,-1.0207415725000146,-3.925929125000005,0,0,0,0,0,0
1004,36,2188,1253,58.983159173999994,-14.2432708655,260.5,2.6742465565947344,5.574974180724078,-1.0600008637500125,-3.925929125000005,0,0,0,0,0,0
1004,36,2191,1256,58.810418292499996,-14.5573451955,260.5,2.6742465565947344,5.574974180724078,-1.1777787374999704,-3.6903733775000003,0,0,0,0,0,0
1004,36,2194,1259,58.7476034265,-14.981345541,260.0,2.6742465565947344,5.574974180724078,-0.82444511624999,-4.436299911249995,0,0,0,0,0,0
1004,36,2197,1262,58.64552926925,-15.444605177749999,259.5,2.6742465565947344,5.574974180724078,-1.491853067500024,-4.082966289999996,0,0,0,0,0,0
1004,36,2200,1265,58.449232812999995,-15.797938798999999,258.5,2.6742465565947344,5.574974180724078,-1.6096309412500176,-4.122225581250003,0,0,0,0,0,0
1004,36,2203,1268,58.323603080999995,-16.269050294,258.5,2.6742465565947344,5.574974180724078,-1.413334484999993,-5.0251892799999975,0,0,0,0,0,0
1004,36,2206,1271,58.166565915999996,-16.802976655,258.5,2.6742465565947344,5.574974180724078,-1.6881495237499777,-5.025189280000006,0,0,0,0,0,0
1004,36,2209,1274,57.98597317625,-17.27408815,256.5,2.6742465565947344,5.574974180724078,-1.64889023249998,-4.082966290000005,0,0,0,0,0,0
1004,36,2212,1277,57.8367878695,-17.619569913,255.5,2.6742465565947344,5.574974180724078,-1.727408815000011,-4.35778132874999,0,0,0,0,0,0
1004,36,2215,1280,57.64049141325,-18.14564441575,254.5,2.6742465565947344,5.574974180724078,-1.727408815000011,-5.221485736249996,0,0,0,0,0,0
1004,36,2218,1283,57.4913061065,-18.66386706025,254.0,2.6742465565947344,5.574974180724078,-2.316298183750014,-4.711114950000006,0,0,0,0,0,0
1004,36,2221,1286,57.177231776499994,-19.08786740575,251.0,2.6742465565947344,5.574974180724078,-1.962964562499998,-4.671855658750008,0,0,0,0,0,0
1004,36,2224,1289,57.098713194,-19.598238192,249.5,2.6742465565947344,5.574974180724078,-2.1200017274999894,-5.692597231249987,0,0,0,0,0,0
1004,36,2227,1292,56.753231430999996,-20.226386851999997,248.5,2.6742465565947344,5.574974180724078,-2.8266689700000214,-4.711114949999988,0,0,0,0,0,0
1004,36,2230,1295,56.533379399999994,-20.540461181999998,247.5,2.6742465565947344,5.574974180724078,-2.74815038749999,-4.8288928237499995,0,0,0,0,0,0
1004,36,2233,1298,56.2036013535,-21.192165416749997,245.0,2.6742465565947344,5.574974180724078,-3.376299047499991,-5.4177821925000025,0,0,0,0,0,0
1004,36,2236,1301,55.858119590499996,-21.6240176205,243.0,2.6742465565947344,5.574974180724078,-3.376299047499991,-4.514818493750017,0,0,0,0,0,0
1004,36,2239,1304,55.528341544,-22.0951291155,241.5,2.6742465565947344,5.574974180724078,-3.101484008750006,-4.985929988750009,0,0,0,0,0,0
1004,36,2242,1307,55.237822788749995,-22.62120361825,240.5,2.6742465565947344,5.574974180724078,-3.690373377500009,-5.221485736249996,0,0,0,0,0,0
1004,36,2245,1310,54.7902668685,-23.13942626275,239.0,2.6742465565947344,5.574974180724078,-3.8866698337499983,-5.0644485712499865,0,0,0,0,0,0
1004,36,2248,1313,54.460488821999995,-23.634093332499997,237.5,2.6742465565947344,5.574974180724078,-3.8474105425000005,-5.0644485712499865,0,0,0,0,0,0
1004,36,2251,1316,54.02078476,-24.152315976999997,234.5,2.6742465565947344,5.574974180724078,-4.240003454999979,-5.064448571250004,0,0,0,0,0,0
1004,36,2254,1319,53.612488131,-24.646983046749998,232.5,2.6742465565947344,5.574974180724078,-4.593337076249995,-4.63259636750001,0,0,0,0,0,0
1004,36,2257,1322,53.10211734475,-25.0788352505,232.0,2.6742465565947344,5.574974180724078,-4.985929988750009,-5.025189280000006,0,0,0,0,0,0
1004,36,2260,1325,52.61530213325,-25.65202090275,227.0,2.6742465565947344,5.574974180724078,-5.182226444999998,-5.064448571250004,0,0,0,0,0,0
1004,36,2263,1328,52.06567205575,-26.09172496475,226.0,2.6742465565947344,5.574974180724078,-5.496300775000016,-4.67185565874999,0,0,0,0,0,0
1004,36,2266,1331,51.516041978249994,-26.586392034499998,224.0,2.6742465565947344,5.574974180724078,-5.064448571250004,-5.025189279999989,0,0,0,0,0,0
1004,36,2269,1334,51.0527823415,-27.096762820749998,220.5,2.6742465565947344,5.574974180724078,-5.614078648749974,-4.475559202500001,0,0,0,0,0,0
1004,36,2272,1337,50.3932262485,-27.481503874999998,218.0,2.6742465565947344,5.574974180724078,-6.124449435000017,-4.200744163749999,0,0,0,0,0,0
1004,36,2275,1340,49.827892454499995,-27.936911653499997,216.5,2.6742465565947344,5.574974180724078,-6.281486600000008,-4.161484872500001,0,0,0,0,0,0
1004,36,2278,1343,49.1369289285,-28.313800849499998,216.0,2.6742465565947344,5.574974180724078,-7.066672425,-3.6118547950000135,0,0,0,0,0,0
1004,36,2281,1346,48.414557969499995,-28.6592826125,213.5,2.6742465565947344,5.574974180724078,-7.066672425,-3.4548176300000044,0,0,0,0,0,0
1004,36,2284,1349,47.7235944435,-29.0047643755,210.5,2.6742465565947344,5.574974180724078,-7.498524628749976,-3.376299047499991,0,0,0,0,0,0
1004,36,2287,1352,46.91485304375,-29.334542422,209.0,2.6742465565947344,5.574974180724078,-8.008895414999984,-3.5333362125,0,0,0,0,0,0
1004,36,2290,1355,46.1218153605,-29.711431618,205.0,2.6742465565947344,5.574974180724078,-8.519266201250026,-3.4940769212500022,0,0,0,0,0,0
1004,36,2293,1358,45.210999803499995,-30.03335780625,201.0,2.6742465565947344,5.574974180724078,-8.401488327500033,-2.8266689700000036,0,0,0,0,0,0
1004,36,2296,1361,44.441517694999995,-30.276765412,199.5,2.6742465565947344,5.574974180724078,-8.794081239999976,-2.4733353487500054,0,0,0,0,0,0
1004,36,2299,1364,43.4521835555,-30.528024876,197.0,2.6742465565947344,5.574974180724078,-8.872599822499971,-2.6696318049999945,0,0,0,0,0,0
1004,36,2302,1367,42.6669977305,-30.810691773,194.0,2.6742465565947344,5.574974180724078,-8.99037769625,-1.8844459799999846,0,0,0,0,0,0
1004,36,2305,1370,41.65410801625,-30.904914071999997,193.0,2.6742465565947344,5.574974180724078,-9.422229900000012,-1.7274088149999933,0,0,0,0,0,0
1004,36,2308,1373,40.7825517505,-31.156173535999997,190.0,2.6742465565947344,5.574974180724078,-9.26519273500002,-1.570371650000002,0,0,0,0,0,0
1004,36,2311,1376,39.801069469249995,-31.218988401999997,188.5,2.6742465565947344,5.574974180724078,-10.128897142500008,-1.0992601550000103,0,0,0,0,0,0
1004,36,2314,1379,38.756772321999996,-31.376025567,186.5,2.6742465565947344,5.574974180724078,-10.246675016250002,-1.2562973200000016,0,0,0,0,0,0
1004,36,2317,1382,37.751734465999995,-31.470247865999998,186.5,2.6742465565947344,5.574974180724078,-10.050378559999977,-0.9422229900000012,0,0,0,0,0,0
1004,36,2320,1385,36.74669661,-31.564470165,184.5,2.6742465565947344,5.574974180724078,-10.521490054999987,-0.981482281249999,0,0,0,0,0,0
1004,36,2323,1388,35.647436455,-31.666544322249997,183.0,2.6742465565947344,5.574974180724078,-10.600008637500018,-0.15703716499999132,0,0,0,0,0,0
1004,36,2326,1391,34.6266948825,-31.595877597999998,183.0,2.6742465565947344,5.574974180724078,-10.207415725000004,-0.1962964562500069,0,0,0,0,0,0
1004,36,2329,1394,33.60595331,-31.7058036135,183.0,2.6742465565947344,5.574974180724078,-10.2859343075,-0.8637044075000055,0,0,0,0,0,0
1004,36,2332,1397,32.569508021,-31.7686184795,183.0,2.6742465565947344,5.574974180724078,-10.678527219999996,-0.3140743300000004,0,0,0,0,0,0
1004,36,2335,1400,31.470247865999998,-31.7686184795,183.0,2.6742465565947344,5.574974180724078,-11.149638714999988,-0.39259291249999606,0,0,0,0,0,0
1004,36,2338,1403,30.339580278,-31.847137061999998,182.0,2.6742465565947344,5.574974180724078,-11.306675879999997,-0.07851858249999566,0,0,0,0,0,0
1004,36,2341,1406,29.20891269,-31.784322195999998,182.0,2.6742465565947344,5.574974180724078,-11.620750209999997,0.0,0,0,0,0,0,0
1004,36,2344,1409,28.015430236,-31.847137061999998,180.5,2.6742465565947344,5.574974180724078,-12.248898869999998,-0.6281486600000008,0,0,0,0,0,0
1004,36,2347,1412,26.759132916,-31.909951927999998,180.5,2.6742465565947344,5.574974180724078,-11.934824540000015,0.0,0,0,0,0,0,0
1004,36,2350,1415,25.628465327999997,-31.847137061999998,180.5,2.6742465565947344,5.574974180724078,-11.620750209999997,0.4711114949999917,0,0,0,0,0,0
1004,36,2353,1418,24.434982874,-31.815729629,180.5,2.6742465565947344,5.574974180724078,-12.40593603499999,0.0,0,0,0,0,0,0
1004,36,2356,1421,23.147278121,-31.847137061999998,180.5,2.6742465565947344,5.574974180724078,-12.562973199999998,-0.6281486600000008,0,0,0,0,0,0
1004,36,2359,1424,21.922388234,-31.941359361,180.5,2.6742465565947344,5.574974180724078,-12.562973199999998,-0.15703716500000908,0,0,0,0,0,0
1004,36,2362,1427,20.634683481,-31.878544495,180.5,2.6742465565947344,5.574974180724078,-12.720010365000007,0.4711114950000095,0,0,0,0,0,0
1004,36,2365,1430,19.378386160999998,-31.847137061999998,180.5,2.6742465565947344,5.574974180724078,-12.562973199999998,-0.3140743300000004,0,0,0,0,0,0
1004,36,2368,1433,18.122088841,-31.941359361,180.5,2.6742465565947344,5.574974180724078,-13.03408469499999,-0.4711114950000095,0,0,0,0,0,0
1004,36,2371,1436,16.771569222,-31.941359361,180.5,2.6742465565947344,5.574974180724078,-13.505196190000008,0.15703716500000908,0,0,0,0,0,0
1004,36,2374,1439,15.421049602999998,-31.909951927999998,180.5,2.6742465565947344,5.574974180724078,-13.50519619,-0.15703716499999132,0,0,0,0,0,0
1004,36,2377,1442,14.070529984,-31.972766793999998,180.5,2.6742465565947344,5.574974180724078,-13.819270519999991,-0.3140743300000004,0,0,0,0,0,0
1004,36,2380,1445,12.657195499,-31.972766793999998,180.5,2.6742465565947344,5.574974180724078,-13.662233355,0.0,0,0,0,0,0,0
1004,36,2383,1448,11.338083313,-31.972766793999998,180.5,2.6742465565947344,5.574974180724078,-13.81927052,-0.15703716500000908,0,0,0,0,0,0
1004,36,2386,1451,9.893341395,-32.004174227,180.5,2.6742465565947344,5.574974180724078,-14.604456345000001,0.0,0,0,0,0,0,0
1004,36,2389,1454,8.417192044,-31.972766793999998,180.5,2.6742465565947344,5.574974180724078,-14.290382015,-0.15703716499999132,0,0,0,0,0,0
1004,36,2392,1457,7.035264992,-32.03558166,180.5,2.6742465565947344,5.574974180724078,-14.13334485,-0.3140743300000004,0,0,0,0,0,0
1004,36,2395,1460,5.590523074,-32.03558166,180.5,2.6742465565947344,5.574974180724078,-14.604456345000001,0.15703716499999132,0,0,0,0,0,0
1004,36,2398,1463,4.114373723,-32.004174227,180.5,2.6742465565947344,5.574974180724078,-14.761493510000001,0.31407432999998264,0,0,0,0,0,0
1004,16,995,0,117.2282436725,-29.805653916999997,181.5,0,0,-10.050378560000013,-0.31407433000001816,0,0,0,0,0,0
1004,16,998,3,116.2232058165,-29.83706135,181.5,0,0,-9.579267065000039,-0.4711114950000095,0,0,0,0,0,0
1004,16,1001,6,115.31239025949999,-29.899876216,181.5,0,0,-9.108155569999994,-0.4711114949999917,0,0,0,0,0,0
1004,16,1004,9,114.4015747025,-29.931283648999997,181.5,0,0,-8.951118405000003,-0.3140743300000004,0,0,0,0,0,0
1004,16,1007,12,113.52216657849999,-29.962691082,181.5,0,0,-9.108155569999994,-0.15703716500000908,0,0,0,0,0,0
1004,16,1010,15,112.5799435885,-29.962691082,181.5,0,0,-9.73630422999996,-0.4711114949999917,0,0,0,0,0,0
1004,16,1013,18,111.5749057325,-30.056913380999998,181.5,0,0,-9.893341395000022,-0.4711114949999917,0,0,0,0,0,0
1004,16,1016,21,110.6012753095,-30.056913380999998,181.5,0,0,-9.265192735000056,-0.15703716500000908,0,0,0,0,0,0
1004,16,1019,24,109.72186718549999,-30.088320814,181.5,0,0,-9.422229899999977,-0.3140743300000004,0,0,0,0,0,0
1004,16,1022,27,108.7168293295,-30.119728246999998,181.5,0,0,-9.73630422999996,-0.3140743300000004,0,0,0,0,0,0
1004,16,1025,30,107.7746063395,-30.15113568,181.5,0,0,-9.893341395000022,-0.15703716500000908,0,0,0,0,0,0
1004,16,1028,33,106.7381610505,-30.15113568,181.5,0,0,-10.050378560000013,-0.15703716499999132,0,0,0,0,0,0
1004,16,1031,36,105.7645306275,-30.182543112999998,181.5,0,0,-10.207415725000004,-0.4711114949999917,0,0,0,0,0,0
1004,16,1034,39,104.6966779055,-30.245357978999998,181.5,0,0,-10.521490054999987,-0.3140743300000004,0,0,0,0,0,0
1004,16,1037,42,103.6602326165,-30.245357978999998,181.5,0,0,-10.364452889999995,-0.15703716500000908,0,0,0,0,0,0
1004,16,1040,45,102.6237873275,-30.276765412,181.5,0,0,-10.364452889999995,-0.3140743300000004,0,0,0,0,0,0
1004,16,1043,48,101.5873420385,-30.308172844999998,181.5,0,0,-10.521490054999987,-0.3140743300000004,0,0,0,0,0,0
1004,16,1046,51,100.5194893165,-30.339580278,181.5,0,0,-10.678527219999978,-0.3140743300000004,0,0,0,0,0,0
1004,16,1049,54,99.4516365945,-30.370987710999998,181.5,0,0,-10.67852722000005,-0.15703716499999132,0,0,0,0,0,0
1004,16,1052,57,98.38378387249999,-30.370987710999998,181.5,0,0,-10.67852722000005,-0.15703716500000908,0,0,0,0,0,0
1004,16,1055,60,97.31593115049999,-30.402395144,181.5,0,0,-10.678527219999978,-0.4711114950000095,0,0,0,0,0,0
1004,16,1058,63,96.2480784285,-30.46521001,181.5,0,0,-10.521490054999987,-0.3140743300000004,0,0,0,0,0,0
1004,16,1061,66,95.2116331395,-30.46521001,181.5,0,0,-10.364452889999995,-0.15703716499999132,0,0,0,0,0,0
1004,16,1064,69,94.1751878505,-30.496617442999998,181.5,0,0,-10.521490054999987,-0.3140743300000004,0,0,0,0,0,0
1004,16,1067,72,93.1073351285,-30.528024876,181.5,0,0,-10.83556438499997,-0.3140743300000004,0,0,0,0,0,0
1004,16,1070,75,92.0080749735,-30.559432308999998,181.5,0,0,-10.83556438500004,-0.3140743300000004,0,0,0,0,0,0
1004,16,1073,78,90.94022225149999,-30.590839742,181.5,0,0,-10.992601550000032,-0.3140743300000004,0,0,0,0,0,0
1004,16,1076,81,89.8095546635,-30.622247175,181.5,0,0,-11.149638714999952,-0.3140743300000004,0,0,0,0,0,0
1004,16,1079,84,88.7102945085,-30.653654608,181.5,0,0,-11.306675880000014,-0.4711114950000095,0,0,0,0,0,0
1004,16,1082,87,87.54821948749999,-30.716469474,181.5,0,0,-11.306675880000014,-0.3140743300000004,0,0,0,0,0,0
1004,16,1085,90,86.4489593325,-30.716469474,181.5,0,0,-11.149638714999952,-0.3140743300000004,0,0,0,0,0,0
1004,16,1088,93,85.3182917445,-30.77928434,181.5,0,0,-11.463713045000006,-0.3140743300000004,0,0,0,0,0,0
1004,16,1091,96,84.1562167235,-30.77928434,181.5,0,0,-11.463713045000006,0.0,0,0,0,0,0,0
1004,16,1094,99,83.0255491355,-30.77928434,181.5,0,0,-11.463713045000006,-0.31407432999998264,0,0,0,0,0,0
1004,16,1097,102,81.8634741145,-30.842099205999997,181.5,0,0,-11.463713045000006,-0.4711114949999917,0,0,0,0,0,0
1004,16,1100,105,80.7328065265,-30.873506639,181.5,0,0,-11.620750209999997,-0.3140743300000004,0,0,0,0,0,0
1004,16,1103,108,79.5393240725,-30.904914071999997,181.5,0,0,-11.777787374999988,-0.3140743300000004,0,0,0,0,0,0
1004,16,1106,111,78.3772490515,-30.936321505,181.5,0,0,-11.777787374999988,-0.15703716500000908,0,0,0,0,0,0
1004,16,1109,114,77.1837665975,-30.936321505,181.5,0,0,-11.77778737500006,-0.15703716499999132,0,0,0,0,0,0
1004,16,1112,117,76.02169157649999,-30.967728937999997,181.5,0,0,-11.777787374999988,-0.3140743300000004,0,0,0,0,0,0
1004,16,1115,120,74.8282091225,-30.999136371,181.5,0,0,-11.93482453999998,-0.15703716500000908,0,0,0,0,0,0
1004,16,1118,123,73.6347266685,-30.999136371,181.5,0,0,-11.620750209999997,-0.3140743300000004,0,0,0,0,0,0
1004,16,1121,126,72.5040590805,-31.061951237,181.5,0,0,-11.620750209999997,-0.6281486600000008,0,0,0,0,0,0
1004,16,1124,129,71.3105766265,-31.124766103,181.5,0,0,-11.777787374999988,-0.4711114949999917,0,0,0,0,0,0
1004,16,1127,132,70.1485016055,-31.156173535999997,181.5,0,0,-11.93482453999998,-0.15703716499999132,0,0,0,0,0,0
1004,16,1130,135,68.9236117185,-31.156173535999997,181.5,0,0,-11.93482454000005,0.0,0,0,0,0,0,0
1004,16,1133,138,67.76153669749999,-31.156173535999997,181.5,0,0,-11.93482453999998,-0.15703716500000908,0,0,0,0,0,0
1004,16,1136,141,66.5366468105,-31.187580969,181.5,0,0,-12.248898869999962,-0.15703716500000908,0,0,0,0,0,0
1004,16,1139,144,65.3117569235,-31.187580969,181.5,0,0,-11.93482454000005,-0.15703716499999132,0,0,0,0,0,0
1004,16,1142,147,64.14968190249999,-31.218988401999997,181.5,0,0,-11.777787375000024,-0.6281486600000008,0,0,0,0,0,0
1004,16,1145,150,62.956199448499994,-31.313210701,181.5,0,0,-11.93482453999998,-0.3140743300000004,0,0,0,0,0,0
1004,16,1148,153,61.762716994499996,-31.281803267999997,181.5,0,0,-12.091861704999971,0.0,0,0,0,0,0,0
1004,16,1151,156,60.5378271075,-31.313210701,181.5,0,0,-12.248898869999998,-0.4711114950000095,0,0,0,0,0,0
1004,16,1154,159,59.3129372205,-31.376025567,181.5,0,0,-12.248898869999998,-0.4711114949999917,0,0,0,0,0,0
1004,16,1157,162,58.0880473335,-31.407432999999997,181.5,0,0,-12.248898869999998,-0.15703716499999132,0,0,0,0,0,0
1004,16,1160,165,56.8631574465,-31.407432999999997,181.5,0,0,-12.405936035000025,-0.15703716500000908,0,0,0,0,0,0
1004,16,1163,168,55.606860126499996,-31.438840433,181.5,0,0,-12.40593603499999,-0.3140743300000004,0,0,0,0,0,0
1004,16,1166,171,54.3819702395,-31.470247865999998,181.5,0,0,-12.091861705000007,-0.15703716499999132,0,0,0,0,0,0
1004,16,1169,174,53.188487785499994,-31.470247865999998,181.5,0,0,-12.248898869999998,-0.3140743300000004,0,0,0,0,0,0
1004,16,1172,177,51.9321904655,-31.533062731999998,181.5,0,0,-12.40593603499999,-0.3140743300000004,0,0,0,0,0,0
1004,16,1175,180,50.707300578499996,-31.533062731999998,181.5,0,0,-12.405936035000025,0.0,0,0,0,0,0,0
1004,16,1178,183,49.451003258499995,-31.533062731999998,181.5,0,0,-12.56297319999998,-0.3140743300000004,0,0,0,0,0,0
1004,16,1181,186,48.1947059385,-31.595877597999998,181.5,0,0,-12.56297319999998,-0.4711114950000095,0,0,0,0,0,0
1004,16,1184,189,46.9384086185,-31.627285031,181.5,0,0,-12.562973200000016,-0.3140743300000004,0,0,0,0,0,0
1004,16,1187,192,45.6821112985,-31.658692463999998,181.5,0,0,-12.40593603499999,-0.15703716499999132,0,0,0,0,0,0
1004,16,1190,195,44.4572214115,-31.658692463999998,181.5,0,0,-12.720010365000007,0.0,0,0,0,0,0,0
1004,16,1193,198,43.138109225499996,-31.658692463999998,181.5,0,0,-13.034084695000026,0.0,0,0,0,0,0,0
1004,16,1196,201,41.850404472499996,-31.658692463999998,181.5,0,0,-12.56297319999998,-0.4711114950000095,0,0,0,0,0,0
1004,16,1199,204,40.6255145855,-31.752914763,181.5,0,0,-12.877047529999999,-0.3140743300000004,0,0,0,0,0,0
1004,16,1202,207,39.274994966499996,-31.721507329999998,181.5,0,0,-12.877047529999999,0.0,0,0,0,0,0,0
1004,16,1205,210,38.0501050795,-31.752914763,181.5,0,0,-12.56297319999998,-0.3140743300000004,0,0,0,0,0,0
1004,16,1208,213,36.7624003265,-31.784322195999998,181.5,0,0,-13.03408469499999,-0.3140743300000004,0,0,0,0,0,0
1004,16,1211,216,35.4432881405,-31.815729629,181.5,0,0,-12.720010365000007,-0.3140743300000004,0,0,0,0,0,0
1004,16,1214,219,34.2183982535,-31.847137061999998,181.5,0,0,-12.720010365000007,-0.3140743300000004,0,0,0,0,0,0
1004,16,1217,222,32.8992860675,-31.878544495,181.5,0,0,-12.877047529999999,0.0,0,0,0,0,0,0
1004,16,1220,225,31.6429887475,-31.847137061999998,181.5,0,0,-12.720010365000007,0.15703716500000908,0,0,0,0,0,0
1004,16,1223,228,30.3552839945,-31.847137061999998,181.5,0,0,-13.034084695000008,-0.3140743300000004,0,0,0,0,0,0
1004,16,1226,231,29.036171808499997,-31.909951927999998,181.5,0,0,-13.348159025000008,-0.3140743300000004,0,0,0,0,0,0
1004,16,1229,234,27.685652189499997,-31.909951927999998,181.5,0,0,-13.66223335499999,0.0,0,0,0,0,0,0
1004,16,1232,237,26.3037251375,-31.909951927999998,181.5,0,0,-13.34815902499999,0.0,0,0,0,0,0,0
1004,16,1235,240,25.0160203845,-31.909951927999998,181.5,0,0,-13.191121859999999,-0.3140743300000004,0,0,0,0,0,0
1004,16,1238,243,23.6655007655,-31.972766793999998,181.5,0,0,-13.348159025000008,-0.3140743300000004,0,0,0,0,0,0
1004,16,1241,246,22.346388579499997,-31.972766793999998,181.5,0,0,-13.662233355000009,0.0,0,0,0,0,0,0
1004,16,1244,249,20.933054094499997,-31.972766793999998,181.5,0,0,-13.66223335499999,0.0,0,0,0,0,0,0
1004,16,1247,252,19.6139419085,-31.972766793999998,181.5,0,0,-13.50519619,-0.3140743300000004,0,0,0,0,0,0
1004,16,1250,255,18.232014856499998,-32.03558166,181.5,0,0,-13.662233355000009,-0.3140743300000004,0,0,0,0,0,0
1004,16,1253,258,16.881495237499998,-32.03558166,181.5,0,0,-13.50519618999999,0.0,0,0,0,0,0,0
1004,16,1256,261,15.5309756185,-32.03558166,181.5,0,0,-13.819270519999991,0.0,0,0,0,0,0,0
1004,16,1259,264,14.1176411335,-32.03558166,181.5,0,0,-13.81927052,-0.31407433000001816,0,0,0,0,0,0
1004,16,1262,267,12.7671215145,-32.098396526,181.5,0,0,-13.662233355,-0.31407433000001816,0,0,0,0,0,0
1004,16,1265,270,11.3851944625,-32.098396526,181.5,0,0,-13.662233355,0.15703716500002685,0,0,0,0,0,0
1004,16,1268,273,10.0346748435,-32.066989093,181.5,0,0,-13.348159025,-0.15703716499999132,0,0,0,0,0,0
1004,16,1271,276,8.7155626575,-32.129803959,181.5,0,0,-13.191121859999999,-0.6281486600000008,0,0,0,0,0,0
1004,16,1274,279,7.3964504715,-32.192618825,181.5,0,0,-13.191121859999999,-0.15703716499999132,0,0,0,0,0,0
1004,16,1277,282,6.0773382855,-32.161211392,181.5,0,0,-13.662233355,0.15703716499999132,0,0,0,0,0,0
1004,16,1280,285,4.6640038005,-32.161211392,181.5,0,0,-13.81927052,0.0,0,0,0,0,0,0
1004,16,1283,288,3.3134841815,-32.161211392,181.5,0,0,-13.50519619,0.0,0,0,0,0,0,0
1004,17,1082,0,113.38083313,-30.1040245305,181.0,0,0,-10.678527219999978,0.0,0,0,0,0,0,0
1004,17,1085,3,112.312980408,-30.1040245305,181.0,0,0,-10.050378560000013,0.0,0,0,0,0,0,0
1004,17,1088,6,111.370757418,-30.1040245305,181.0,0,0,-9.579267065000039,-0.15703716500000908,0,0,0,0,0,0
1004,17,1091,9,110.397126995,-30.1354319635,181.0,0,0,-10.050378560000013,-0.3140743300000004,0,0,0,0,0,0
1004,17,1094,12,109.360681706,-30.1668393965,181.0,0,0,-9.893341395000022,-0.31407432999998264,0,0,0,0,0,0
1004,17,1097,15,108.41845871599999,-30.198246829499997,181.0,0,0,-9.422229899999977,-0.15703716499999132,0,0,0,0,0,0
1004,17,1100,18,107.476235726,-30.198246829499997,181.0,0,0,-9.73630422999996,-0.3140743300000004,0,0,0,0,0,0
1004,17,1103,21,106.47119787,-30.261061695499997,181.0,0,0,-9.73630423000003,-0.3140743300000004,0,0,0,0,0,0
1004,17,1106,24,105.52897487999999,-30.261061695499997,181.0,0,0,-9.73630423000003,-0.15703716500000908,0,0,0,0,0,0
1004,17,1109,27,104.52393702399999,-30.2924691285,181.0,0,0,-10.207415725000004,-0.15703716500000908,0,0,0,0,0,0
1004,17,1112,30,103.48749173499999,-30.2924691285,181.0,0,0,-10.050378560000013,0.0,0,0,0,0,0,0
1004,17,1115,33,102.51386131199999,-30.2924691285,181.0,0,0,-9.89334139499995,-0.15703716499999132,0,0,0,0,0,0
1004,17,1118,36,101.508823456,-30.323876561499997,181.0,0,0,-10.050378559999942,-0.3140743300000004,0,0,0,0,0,0
1004,17,1121,39,100.5037856,-30.3552839945,181.0,0,0,-9.697044938750068,-0.4711114950000095,0,0,0,0,0,0
1004,17,1124,42,99.56941446824999,-30.4180988605,181.0,0,0,-9.422229900000048,-0.23555574750000474,0,0,0,0,0,0
1004,17,1127,45,98.61933961999999,-30.402395144,181.5,0,0,-9.61852635624993,0.07851858249999566,0,0,0,0,0,0
1004,17,1130,48,97.645709197,-30.402395144,181.5,0,0,-10.364452889999995,0.0,0,0,0,0,0,0
1004,17,1133,51,96.54644904199999,-30.402395144,181.5,0,0,-10.521490055000058,0.0,0,0,0,0,0,0
1004,17,1136,54,95.54141118599999,-30.402395144,181.5,0,0,-10.050378560000013,-0.15703716499999132,0,0,0,0,0,0
1004,17,1139,57,94.53637332999999,-30.433802576999998,181.5,0,0,-10.364452889999995,-0.3140743300000004,0,0,0,0,0,0
1004,17,1142,60,93.46852060799999,-30.46521001,181.5,0,0,-10.050378559999942,-0.15703716500000908,0,0,0,0,0,0
1004,17,1145,63,92.526297618,-30.46521001,181.5,0,0,-10.050378560000013,-0.15703716499999132,0,0,0,0,0,0
1004,17,1148,66,91.45844489599999,-30.496617442999998,181.5,0,0,-10.67852722000005,-0.15703716499999132,0,0,0,0,0,0
1004,17,1151,69,90.39059217399999,-30.496617442999998,181.5,0,0,-10.207415724999933,-0.15703716500000908,0,0,0,0,0,0
1004,17,1154,72,89.416961751,-30.528024876,181.5,0,0,-10.521490054999987,-0.3140743300000004,0,0,0,0,0,0
1004,17,1157,75,88.286294163,-30.559432308999998,181.5,0,0,-10.992601550000032,-0.15703716499999132,0,0,0,0,0,0
1004,17,1160,78,87.218441441,-30.559432308999998,181.5,0,0,-10.678527219999978,0.0,0,0,0,0,0,0
1004,17,1163,81,86.150588719,-30.559432308999998,181.5,0,0,-10.521490054999987,-0.15703716500000908,0,0,0,0,0,0
1004,17,1166,84,85.11414343,-30.590839742,181.5,0,0,-10.678527219999978,-0.3140743300000004,0,0,0,0,0,0
1004,17,1169,87,84.014883275,-30.622247175,181.5,0,0,-10.992601550000032,-0.15703716499999132,0,0,0,0,0,0
1004,17,1172,90,82.91562311999999,-30.622247175,181.5,0,0,-10.364452890000067,-0.15703716500000908,0,0,0,0,0,0
1004,17,1175,93,81.94199269699999,-30.653654608,181.5,0,0,-11.149638714999952,-0.15703716500000908,0,0,0,0,0,0
1004,17,1178,96,80.685695377,-30.653654608,181.5,0,0,-11.149638714999952,-0.15703716499999132,0,0,0,0,0,0
1004,17,1181,99,79.712064954,-30.685062041,181.5,0,0,-10.050378560000013,-0.6281486600000008,0,0,0,0,0,0
1004,17,1184,102,78.675619665,-30.77928434,181.5,0,0,-10.521490054999987,-0.4711114950000095,0,0,0,0,0,0
1004,17,1187,105,77.607766943,-30.77928434,181.5,0,0,-10.67852722000005,-0.15703716499999132,0,0,0,0,0,0
1004,17,1190,108,76.53991422099999,-30.810691773,181.5,0,0,-10.521490055000058,-0.15703716499999132,0,0,0,0,0,0
1004,17,1193,111,75.50346893199999,-30.810691773,181.5,0,0,-10.99260154999996,-0.3140743300000004,0,0,0,0,0,0
1004,17,1196,114,74.341393911,-30.873506639,181.5,0,0,-10.99260154999996,-0.3140743300000004,0,0,0,0,0,0
1004,17,1199,117,73.304948622,-30.873506639,181.5,0,0,-10.678527219999978,0.0,0,0,0,0,0,0
1004,17,1202,120,72.205688467,-30.873506639,181.5,0,0,-10.992601550000032,-0.15703716499999132,0,0,0,0,0,0
1004,17,1205,123,71.10642831199999,-30.904914071999997,181.5,0,0,-10.83556438500004,-0.3140743300000004,0,0,0,0,0,0
1004,17,1208,126,70.03857559,-30.936321505,181.5,0,0,-10.99260154999996,-0.3140743300000004,0,0,0,0,0,0
1004,17,1211,129,68.907908002,-30.967728937999997,181.5,0,0,-11.306675880000014,-0.3140743300000004,0,0,0,0,0,0
1004,17,1214,132,67.77724041399999,-30.999136371,181.5,0,0,-10.992601550000032,-0.3140743300000004,0,0,0,0,0,0
1004,17,1217,135,66.70938769199999,-31.030543803999997,181.5,0,0,-10.99260154999996,-0.3140743300000004,0,0,0,0,0,0
1004,17,1220,138,65.578720104,-31.061951237,181.5,0,0,-11.306675880000014,-0.3140743300000004,0,0,0,0,0,0
1004,17,1223,141,64.44805251599999,-31.093358669999997,182.0,0,0,-11.306675880000014,-0.3140743300000004,0,0,0,0,0,0
1004,17,1226,144,63.317384927999996,-31.124766103,182.0,0,0,-11.66000950124996,-0.1962964562500069,0,0,0,0,0,0
1004,17,1229,147,62.11605061575,-31.13261796125,182.0,0,0,-11.463713045000006,-0.3140743300000004,0,0,0,0,0,0
1004,17,1232,150,61.024642318999994,-31.187580969,182.0,0,0,-11.267416588750017,-0.588889368750003,0,0,0,0,0,0
1004,17,1235,153,59.862567297999995,-31.250395835,182.0,0,0,-11.620750209999997,-0.6281486600000008,0,0,0,0,0,0
1004,17,1238,156,58.700492276999995,-31.313210701,182.0,0,0,-11.46371304499997,-0.6281486600000008,0,0,0,0,0,0
1004,17,1241,159,57.569824689,-31.376025567,182.0,0,0,-11.306675879999979,-0.3140743300000004,0,0,0,0,0,0
1004,17,1244,162,56.439157101,-31.376025567,182.0,0,0,-11.306675880000014,-0.15703716499999132,0,0,0,0,0,0
1004,17,1247,165,55.308489513,-31.407432999999997,182.0,0,0,-11.306675880000014,-0.15703716499999132,0,0,0,0,0,0
1004,17,1250,168,54.177821924999996,-31.407432999999997,182.0,0,0,-11.306675880000014,0.0,0,0,0,0,0,0
1004,17,1253,171,53.047154336999995,-31.407432999999997,182.0,0,0,-11.463713045000006,-0.3140743300000004,0,0,0,0,0,0
1004,17,1256,174,51.885079315999995,-31.470247865999998,182.0,0,0,-11.93482453999998,-0.6281486600000008,0,0,0,0,0,0
1004,17,1259,177,50.660189429,-31.533062731999998,182.0,0,0,-11.306675879999979,-0.3140743300000004,0,0,0,0,0,0
1004,17,1262,180,49.62374414,-31.533062731999998,182.0,0,0,-10.992601549999996,-0.3140743300000004,0,0,0,0,0,0
1004,17,1265,183,48.461669119,-31.595877597999998,182.0,0,0,-11.777787375000024,-0.6281486600000008,0,0,0,0,0,0
1004,17,1268,186,47.268186664999995,-31.658692463999998,182.0,0,0,-10.992601549999996,-0.3140743300000004,0,0,0,0,0,0
1004,17,1271,189,46.263148809,-31.658692463999998,182.0,0,0,-10.83556438499997,0.0,0,0,0,0,0,0
1004,17,1274,192,45.101073788,-31.658692463999998,182.0,0,0,-11.306675880000014,-0.15703716500000908,0,0,0,0,0,0
1004,17,1277,195,44.001813633,-31.690099897,182.0,0,0,-11.463713045000006,-0.3140743300000004,0,0,0,0,0,0
1004,17,1280,198,42.808331179,-31.721507329999998,182.0,0,0,-11.620750209999997,-0.3140743300000004,0,0,0,0,0,0
1004,17,1283,201,41.677663591,-31.752914763,182.0,0,0,-11.463713045000006,-0.4711114950000095,0,0,0,0,0,0
1004,17,1286,204,40.51558857,-31.815729629,182.0,0,0,-11.777787374999988,-0.3140743300000004,0,0,0,0,0,0
1004,17,1289,207,39.322106116,-31.815729629,182.0,0,0,-11.463713045000006,-0.15703716499999132,0,0,0,0,0,0
1004,17,1292,210,38.222845961,-31.847137061999998,182.0,0,0,-11.777787375000024,-0.6281486600000008,0,0,0,0,0,0
1004,17,1295,213,36.966548640999996,-31.941359361,182.0,0,0,-11.463713045000006,-0.4711114950000095,0,0,0,0,0,0
1004,17,1298,216,35.930103351999996,-31.941359361,182.0,0,0,-10.678527219999978,-0.15703716499999132,0,0,0,0,0,0
1004,17,1301,219,34.830843197,-31.972766793999998,182.0,0,0,-11.620750209999997,-0.4711114949999917,0,0,0,0,0,0
1004,17,1304,222,33.60595331,-32.03558166,182.0,0,0,-11.777787375000024,-0.3140743300000004,0,0,0,0,0,0
1004,17,1307,225,32.475285721999995,-32.03558166,182.0,0,0,-11.306675879999997,-0.15703716499999132,0,0,0,0,0,0
1004,17,1310,228,31.344618133999997,-32.066989093,182.0,0,0,-11.463713044999988,0.0,0,0,0,0,0,0
1004,17,1313,231,30.182543112999998,-32.03558166,182.0,0,0,-12.091861704999989,0.0,0,0,0,0,0,0
1004,17,1316,234,28.926245793,-32.066989093,182.0,0,0,-11.777787374999988,-0.31407433000001816,0,0,0,0,0,0
1004,17,1319,237,27.826985638,-32.098396526,182.0,0,0,-11.777787375000006,-0.6281486600000008,0,0,0,0,0,0
1004,17,1322,240,26.570688318,-32.192618825,181.5,0,0,-11.777787375000006,-0.47111149499997396,0,0,0,0,0,0
1004,17,1325,243,25.471428163,-32.192618825,181.5,0,0,-11.463713045000006,-0.31407433000001816,0,0,0,0,0,0
1004,17,1328,246,24.277945708999997,-32.255433691,181.5,0,0,-11.934824539999997,-0.6281486600000008,0,0,0,0,0,0
1004,17,1331,249,23.084463255,-32.318248557,181.5,0,0,-11.620750209999997,-0.15703716499999132,0,0,0,0,0,0
1004,17,1334,252,21.953795666999998,-32.286841124,181.5,0,0,-11.934824539999997,0.15703716499999132,0,0,0,0,0,0
1004,17,1337,255,20.697498347,-32.286841124,181.5,0,0,-12.40593603499999,-0.4711114950000095,0,0,0,0,0,0
1004,17,1340,258,19.47260846,-32.381063423,181.5,0,0,-11.934824539999997,-0.4711114950000095,0,0,0,0,0,0
1004,17,1343,261,18.310533439,-32.381063423,181.5,0,0,-11.306675879999997,-0.15703716499999132,0,0,0,0,0,0
1004,17,1346,264,17.211273284,-32.412470856,181.5,0,0,-11.620750210000006,-0.31407432999998264,0,0,0,0,0,0
1004,17,1349,267,15.986383396999999,-32.443878289,181.5,0,0,-12.877047530000008,-0.15703716499999132,0,0,0,0,0,0
1004,17,1352,270,14.635863778,-32.443878289,181.5,0,0,-12.720010364999998,0.0,0,0,0,0,0,0
1004,17,1355,273,13.442381324,-32.443878289,181.5,0,0,-11.777787374999997,0.0,0,0,0,0,0,0
1004,17,1358,276,12.280306303,-32.443878289,181.5,0,0,-11.620750209999997,0.0,0,0,0,0,0,0
1004,17,1361,279,11.118231282,-32.443878289,181.5,0,0,-12.091861704999998,0.0,0,0,0,0,0,0
1004,17,1364,282,9.861933962,-32.443878289,181.5,0,0,-12.248898869999998,-0.31407433000001816,0,0,0,0,0,0
1004,17,1367,285,8.668451508,-32.506693155,181.5,0,0,-10.99260155,-0.4711114950000095,0,0,0,0,0,0
1004,17,1370,288,7.663413652,-32.538100588,181.5,0,0,-10.050378560000004,-0.31407432999998264,0,0,0,0,0,0
1004,18,1124,0,117.5109105695,-30.6065434585,181.5,2.576175427059609,5.435754758494241,-9.422229900000048,0.0,0,0,0,0,0,0
1004,18,1127,3,116.5686875795,-30.6065434585,181.5,2.576175427059609,5.435754758494241,-9.422229900000048,0.0,0,0,0,0,0,0
1004,18,1130,6,115.62646458949999,-30.6065434585,181.5,2.576175427059609,5.435754758494241,-9.422229899999977,-0.15703716499999132,0,0,0,0,0,0
1004,18,1133,9,114.6842415995,-30.637950891499997,181.5,2.576175427059609,5.435754758494241,-9.422229899999977,-0.15703716499999132,0,0,0,0,0,0
1004,18,1136,12,113.7420186095,-30.637950891499997,181.5,2.576175427059609,5.435754758494241,-9.265192734999985,-0.15703716500000908,0,0,0,0,0,0
1004,18,1139,15,112.8312030525,-30.6693583245,181.5,2.576175427059609,5.435754758494241,-9.265192734999985,-0.15703716500000908,0,0,0,0,0,0
1004,18,1142,18,111.8889800625,-30.6693583245,181.5,2.576175427059609,5.435754758494241,-9.422229900000048,0.0,0,0,0,0,0,0
1004,18,1145,21,110.94675707249999,-30.6693583245,181.5,2.576175427059609,5.435754758494241,-9.422229899999977,0.0,0,0,0,0,0,0
1004,18,1148,24,110.0045340825,-30.6693583245,181.5,2.576175427059609,5.435754758494241,-9.73630422999996,-0.15703716499999132,0,0,0,0,0,0
1004,18,1151,27,108.9994962265,-30.700765757499997,181.5,2.576175427059609,5.435754758494241,-9.73630423000003,-0.15703716499999132,0,0,0,0,0,0
1004,18,1154,30,108.0572732365,-30.700765757499997,181.5,2.576175427059609,5.435754758494241,-9.422229900000048,-0.15703716500000908,0,0,0,0,0,0
1004,18,1157,33,107.11505024649999,-30.7321731905,181.5,2.576175427059609,5.435754758494241,-9.579267064999968,-0.3140743300000004,0,0,0,0,0,0
1004,18,1160,36,106.1414198235,-30.763580623499998,181.5,2.576175427059609,5.435754758494241,-9.422229899999977,-0.4711114949999917,0,0,0,0,0,0
1004,18,1163,39,105.2306042665,-30.826395489499998,181.5,2.576175427059609,5.435754758494241,-9.265192735000056,-0.3140743300000004,0,0,0,0,0,0
1004,18,1166,42,104.28838127649999,-30.826395489499998,181.5,2.576175427059609,5.435754758494241,-9.579267064999968,0.0,0,0,0,0,0,0
1004,18,1169,45,103.3147508535,-30.826395489499998,181.5,2.576175427059609,5.435754758494241,-9.73630422999996,0.0,0,0,0,0,0,0
1004,18,1172,48,102.3411204305,-30.826395489499998,181.5,2.576175427059609,5.435754758494241,-9.422229900000048,-0.15703716500000908,0,0,0,0,0,0
1004,18,1175,51,101.43030487349999,-30.8578029225,181.5,2.576175427059609,5.435754758494241,-9.579267065000039,-0.15703716500000908,0,0,0,0,0,0
1004,18,1178,54,100.42526701749999,-30.8578029225,181.5,2.576175427059609,5.435754758494241,-9.89334139499995,-0.15703716499999132,0,0,0,0,0,0
1004,18,1181,57,99.4516365945,-30.889210355499998,181.5,2.576175427059609,5.435754758494241,-9.579267064999968,0.0,0,0,0,0,0,0
1004,18,1184,60,98.5094136045,-30.8578029225,181.5,2.576175427059609,5.435754758494241,-9.579267065000039,0.15703716499999132,0,0,0,0,0,0
1004,18,1187,63,97.5357831815,-30.8578029225,181.5,2.576175427059609,5.435754758494241,-9.579267065000039,0.0,0,0,0,0,0,0
1004,18,1190,66,96.59356019149999,-30.8578029225,181.5,2.576175427059609,5.435754758494241,-9.422229899999977,-0.15703716499999132,0,0,0,0,0,0
1004,18,1193,69,95.6513372015,-30.889210355499998,181.5,2.576175427059609,5.435754758494241,-9.73630422999996,-0.3140743300000004,0,0,0,0,0,0
1004,18,1196,72,94.6462993455,-30.9206177885,181.5,2.576175427059609,5.435754758494241,-9.73630423000003,-0.15703716500000908,0,0,0,0,0,0
1004,18,1199,75,93.70407635549999,-30.9206177885,181.5,2.576175427059609,5.435754758494241,-9.422229899999977,0.0,0,0,0,0,0,0
1004,18,1202,78,92.7618533655,-30.9206177885,181.5,2.576175427059609,5.435754758494241,-9.579267064999968,0.0,0,0,0,0,0,0
1004,18,1205,81,91.7882229425,-30.9206177885,181.5,2.576175427059609,5.435754758494241,-9.73630423000003,-0.3140743300000004,0,0,0,0,0,0
1004,18,1208,84,90.8145925195,-30.9834326545,181.5,2.576175427059609,5.435754758494241,-9.579267065000039,-0.4711114949999917,0,0,0,0,0,0
1004,18,1211,87,89.87236952949999,-31.014840087499998,181.5,2.576175427059609,5.435754758494241,-9.422229899999977,-0.3140743300000004,0,0,0,0,0,0
1004,18,1214,90,88.9301465395,-31.0462475205,181.5,2.576175427059609,5.435754758494241,-9.73630422999996,-0.3140743300000004,0,0,0,0,0,0
1004,18,1217,93,87.9251086835,-31.077654953499998,181.5,2.576175427059609,5.435754758494241,-9.893341395000022,0.0,0,0,0,0,0,0
1004,18,1220,96,86.9514782605,-31.0462475205,181.5,2.576175427059609,5.435754758494241,-9.893341395000022,0.0,0,0,0,0,0,0
1004,18,1223,99,85.9464404045,-31.077654953499998,181.5,2.576175427059609,5.435754758494241,-10.050378560000013,0.0,0,0,0,0,0,0
1004,18,1226,102,84.9414025485,-31.0462475205,181.5,2.576175427059609,5.435754758494241,-10.207415725000004,0.0,0,0,0,0,0,0
1004,18,1229,105,83.9049572595,-31.077654953499998,181.5,2.576175427059609,5.435754758494241,-10.364452889999995,-0.15703716499999132,0,0,0,0,0,0
1004,18,1232,108,82.8685119705,-31.077654953499998,181.5,2.576175427059609,5.435754758494241,-10.207415725000004,-0.15703716500000908,0,0,0,0,0,0
1004,18,1235,111,81.8634741145,-31.1090623865,181.5,2.576175427059609,5.435754758494241,-10.521490054999987,-0.3140743300000004,0,0,0,0,0,0
1004,18,1238,114,80.7642139595,-31.140469819499998,181.5,2.576175427059609,5.435754758494241,-10.678527219999978,-0.15703716499999132,0,0,0,0,0,0
1004,18,1241,117,79.7277686705,-31.140469819499998,181.5,2.576175427059609,5.435754758494241,-10.364452889999995,0.0,0,0,0,0,0,0
1004,18,1244,120,78.6913233815,-31.140469819499998,181.5,2.576175427059609,5.435754758494241,-10.521490054999987,0.0,0,0,0,0,0,0
1004,18,1247,123,77.6234706595,-31.140469819499998,181.5,2.576175427059609,5.435754758494241,-10.678527219999978,-0.15703716500000908,0,0,0,0,0,0
1004,18,1250,126,76.5556179375,-31.1718772525,181.5,2.576175427059609,5.435754758494241,-10.67852722000005,-0.3140743300000004,0,0,0,0,0,0
1004,18,1253,129,75.48776521549999,-31.203284685499998,181.5,2.576175427059609,5.435754758494241,-10.83556438500004,-0.15703716499999132,0,0,0,0,0,0
1004,18,1256,132,74.3885050605,-31.203284685499998,181.5,2.576175427059609,5.435754758494241,-10.83556438499997,-0.15703716500000908,0,0,0,0,0,0
1004,18,1259,135,73.3206523385,-31.2346921185,181.5,2.576175427059609,5.435754758494241,-10.83556438499997,-0.3140743300000004,0,0,0,0,0,0
1004,18,1262,138,72.2213921835,-31.266099551499998,181.5,2.576175427059609,5.435754758494241,-11.306675880000014,-0.6281486600000008,0,0,0,0,0,0
1004,18,1265,141,71.0593171625,-31.3603218505,181.5,2.576175427059609,5.435754758494241,-10.83556438500004,-0.6281486600000008,0,0,0,0,0,0
1004,18,1268,144,70.05427930649999,-31.3917292835,181.5,2.576175427059609,5.435754758494241,-10.364452889999995,-0.3140743300000004,0,0,0,0,0,0
1004,18,1271,147,68.9864265845,-31.4231367165,181.5,2.576175427059609,5.435754758494241,-10.678527219999978,-0.15703716500000908,0,0,0,0,0,0
1004,18,1274,150,67.9185738625,-31.4231367165,181.5,2.576175427059609,5.435754758494241,-10.83556438499997,0.0,0,0,0,0,0,0
1004,18,1277,153,66.8193137075,-31.4231367165,181.5,2.576175427059609,5.435754758494241,-11.149638715000023,-0.7851858249999921,0,0,0,0,0,0
1004,18,1280,156,65.68864611949999,-31.5801738815,181.5,2.576175427059609,5.435754758494241,-11.149638715000023,-0.9422229899999834,0,0,0,0,0,0
1004,18,1283,159,64.5893859645,-31.611581314499997,181.5,2.576175427059609,5.435754758494241,-10.99260154999996,-0.15703716499999132,0,0,0,0,0,0
1004,18,1286,162,63.4901258095,-31.611581314499997,181.5,2.576175427059609,5.435754758494241,-11.149638714999988,-0.15703716500000908,0,0,0,0,0,0
1004,18,1289,165,62.3594582215,-31.6429887475,181.5,2.576175427059609,5.435754758494241,-11.306675880000014,-0.15703716500000908,0,0,0,0,0,0
1004,18,1292,168,61.2287906335,-31.6429887475,181.5,2.576175427059609,5.435754758494241,-10.992601549999996,-0.3140743300000004,0,0,0,0,0,0
1004,18,1295,171,60.1609379115,-31.7058036135,181.5,2.576175427059609,5.435754758494241,-10.678527220000014,-1.0992601549999925,0,0,0,0,0,0
1004,18,1298,174,59.093085189499995,-31.862840778499997,181.5,2.576175427059609,5.435754758494241,-10.992601549999996,-0.7851858249999921,0,0,0,0,0,0
1004,18,1301,177,57.9624176015,-31.862840778499997,181.5,2.576175427059609,5.435754758494241,-11.306675879999979,0.0,0,0,0,0,0,0
1004,18,1304,180,56.8317500135,-31.862840778499997,181.5,2.576175427059609,5.435754758494241,-11.463713045000006,0.0,0,0,0,0,0,0
1004,18,1307,183,55.6696749925,-31.862840778499997,181.5,2.576175427059609,5.435754758494241,-11.620750209999997,-0.3140743300000004,0,0,0,0,0,0
1004,18,1310,186,54.5075999715,-31.925655644499997,181.5,2.576175427059609,5.435754758494241,-11.620750209999997,-0.4711114950000095,0,0,0,0,0,0
1004,18,1313,189,53.3455249505,-31.9570630775,181.5,2.576175427059609,5.435754758494241,-11.463713045000006,-0.3140743300000004,0,0,0,0,0,0
1004,18,1316,192,52.2148573625,-31.988470510499997,181.5,2.576175427059609,5.435754758494241,-11.306675880000014,-0.7851858250000099,0,0,0,0,0,0
1004,18,1319,195,51.0841897745,-32.1141002425,181.5,2.576175427059609,5.435754758494241,-11.306675880000014,-0.4711114949999917,0,0,0,0,0,0
1004,18,1322,198,49.953522186499995,-32.082692809499996,181.5,2.576175427059609,5.435754758494241,-11.306675879999979,0.15703716500002685,0,0,0,0,0,0
1004,18,1325,201,48.8228545985,-32.082692809499996,181.5,2.576175427059609,5.435754758494241,-11.463713045000006,-0.15703716500002685,0,0,0,0,0,0
1004,18,1328,204,47.660779577499994,-32.1141002425,181.5,2.576175427059609,5.435754758494241,-11.463713045000006,-0.31407433000001816,0,0,0,0,0,0
1004,18,1331,207,46.5301119895,-32.1455076755,181.5,2.576175427059609,5.435754758494241,-11.46371304499997,-0.15703716499999132,0,0,0,0,0,0
1004,18,1334,210,45.3680369685,-32.1455076755,181.5,2.576175427059609,5.435754758494241,-11.620750209999997,0.0,0,0,0,0,0,0
1004,18,1337,213,44.2059619475,-32.1455076755,181.5,2.576175427059609,5.435754758494241,-11.620750209999997,0.0,0,0,0,0,0,0
1004,18,1340,216,43.0438869265,-32.1455076755,181.5,2.576175427059609,5.435754758494241,-11.620750209999997,-0.31407432999998264,0,0,0,0,0,0
1004,18,1343,219,41.8818119055,-32.208322541499996,181.5,2.576175427059609,5.435754758494241,-11.306675880000014,-0.31407432999998264,0,0,0,0,0,0
1004,18,1346,222,40.7825517505,-32.208322541499996,181.5,2.576175427059609,5.435754758494241,-11.620750210000033,-0.15703716500002685,0,0,0,0,0,0
1004,18,1349,225,39.557661863499995,-32.2397299745,181.5,2.576175427059609,5.435754758494241,-11.934824540000015,-0.31407433000001816,0,0,0,0,0,0
1004,18,1352,228,38.395586842499995,-32.2711374075,181.5,2.576175427059609,5.435754758494241,-11.46371304499997,-0.15703716499999132,0,0,0,0,0,0
1004,18,1355,231,37.2649192545,-32.2711374075,181.5,2.576175427059609,5.435754758494241,-11.306675879999979,-0.15703716499999132,0,0,0,0,0,0
1004,18,1358,234,36.1342516665,-32.3025448405,181.5,2.576175427059609,5.435754758494241,-11.463713045000006,-0.4711114950000095,0,0,0,0,0,0
1004,18,1361,237,34.9721766455,-32.3653597065,181.5,2.576175427059609,5.435754758494241,-11.306675880000014,-0.31407433000001816,0,0,0,0,0,0
1004,18,1364,240,33.872916490499996,-32.3653597065,181.5,2.576175427059609,5.435754758494241,-10.992601549999996,0.0,0,0,0,0,0,0
1004,18,1367,243,32.7736563355,-32.3653597065,181.5,2.576175427059609,5.435754758494241,-11.149638714999988,0.0,0,0,0,0,0,0
1004,18,1370,246,31.6429887475,-32.3653597065,181.5,2.576175427059609,5.435754758494241,-10.835564385000005,0.0,0,0,0,0,0,0
1004,18,1373,249,30.6065434585,-32.3653597065,181.5,2.576175427059609,5.435754758494241,-10.521490055000005,0.0,0,0,0,0,0,0
1004,18,1376,252,29.538690736499998,-32.3653597065,181.5,2.576175427059609,5.435754758494241,-10.678527219999996,0.0,0,0,0,0,0,0
1004,18,1379,255,28.4708380145,-32.3653597065,181.5,2.576175427059609,5.435754758494241,-10.521490054999987,-0.15703716499999132,0,0,0,0,0,0
1004,18,1382,258,27.4343927255,-32.3967671395,181.5,2.576175427059609,5.435754758494241,-10.835564385000005,-0.31407432999998264,0,0,0,0,0,0
1004,18,1385,261,26.3037251375,-32.4281745725,181.5,2.576175427059609,5.435754758494241,-10.678527220000014,-0.15703716499999132,0,0,0,0,0,0
1004,18,1388,264,25.298687281499998,-32.4281745725,181.5,2.576175427059609,5.435754758494241,-10.521490055000005,0.0,0,0,0,0,0,0
1004,18,1391,267,24.199427126499998,-32.4281745725,181.5,2.576175427059609,5.435754758494241,-11.463713044999988,0.0,0,0,0,0,0,0
1004,18,1394,270,23.0059446725,-32.4281745725,181.5,2.576175427059609,5.435754758494241,-11.306675879999997,0.0,0,0,0,0,0,0
1004,18,1397,273,21.9380919505,-32.4281745725,181.5,2.576175427059609,5.435754758494241,-11.149638715000005,-0.15703716499999132,0,0,0,0,0,0
1004,18,1400,276,20.7760169295,-32.459582005499996,181.5,2.576175427059609,5.435754758494241,-11.149638715000005,-0.31407433000001816,0,0,0,0,0,0
1004,18,1403,279,19.708164207499998,-32.4909894385,181.5,2.576175427059609,5.435754758494241,-10.992601549999996,-0.15703716500002685,0,0,0,0,0,0
1004,18,1406,282,18.5774966195,-32.4909894385,181.5,2.576175427059609,5.435754758494241,-11.149638714999988,0.0,0,0,0,0,0,0
1004,18,1409,285,17.4782364645,-32.4909894385,181.5,2.576175427059609,5.435754758494241,-10.992601549999996,0.0,0,0,0,0,0,0
1004,18,1412,288,16.3789763095,-32.4909894385,181.5,2.576175427059609,5.435754758494241,-11.306675880000006,-0.15703716499999132,0,0,0,0,0,0
1004,18,1415,291,15.216901288499999,-32.5223968715,181.5,2.576175427059609,5.435754758494241,-10.835564385000005,-0.31407432999998264,0,0,0,0,0,0
1004,18,1418,294,14.2118634325,-32.5538043045,181.5,2.576175427059609,5.435754758494241,-10.678527219999996,-0.15703716499999132,0,0,0,0,0,0
1004,18,1421,297,13.0811958445,-32.5538043045,181.5,2.576175427059609,5.435754758494241,-11.149638714999996,0.0,0,0,0,0,0,0
1004,18,1424,300,11.9819356895,-32.5538043045,181.5,2.576175427059609,5.435754758494241,-10.835564385000005,-0.15703716499999132,0,0,0,0,0,0
1004,18,1427,303,10.914082967499999,-32.585211737499996,181.5,2.576175427059609,5.435754758494241,-10.835564385000005,-0.15703716499999132,0,0,0,0,0,0
1004,18,1430,306,9.8148228125,-32.585211737499996,181.5,2.576175427059609,5.435754758494241,-11.149638714999996,-0.15703716500002685,0,0,0,0,0,0
1004,18,1433,309,8.6841552245,-32.6166191705,181.5,2.576175427059609,5.435754758494241,-11.149638714999996,-0.15703716500002685,0,0,0,0,0,0
1004,18,1436,312,7.5848950695,-32.6166191705,181.5,2.576175427059609,5.435754758494241,-10.99260155,-0.15703716499999132,0,0,0,0,0,0
1004,18,1439,315,6.485634914499999,-32.6480266035,181.5,2.576175427059609,5.435754758494241,-10.835564385000001,-0.15703716499999132,0,0,0,0,0,0
1004,18,1442,318,5.4177821925,-32.6480266035,181.5,2.576175427059609,5.435754758494241,-10.835564384999996,0.0,0,0,0,0,0,0
1004,18,1445,321,4.3185220375,-32.6480266035,181.5,2.576175427059609,5.435754758494241,-10.67852722,-0.15703716499999132,0,0,0,0,0,0
1004,18,1448,324,3.2820767484999998,-32.6794340365,181.5,2.576175427059609,5.435754758494241,-10.364452890000004,-0.31407432999998264,0,0,0,0,0,0
1004,19,1190,0,116.9455767755,-29.7585427675,181.5,2.4819822045234443,5.310178703858119,-10.050378560000013,-0.6281486600000008,0,0,0,0,0,0
1004,19,1193,3,115.9405389195,-29.8213576335,181.5,2.4819822045234443,5.310178703858119,-9.265192735000056,-0.15703716499999132,0,0,0,0,0,0
1004,19,1196,6,115.09253822849999,-29.789950200499998,181.5,2.4819822045234443,5.310178703858119,-9.265192735000056,0.0,0,0,0,0,0,0
1004,19,1199,9,114.08750037249999,-29.8213576335,181.5,2.4819822045234443,5.310178703858119,-9.579267064999968,-0.3140743300000004,0,0,0,0,0,0
1004,19,1202,12,113.1766848155,-29.852765066499998,181.5,2.4819822045234443,5.310178703858119,-9.265192734999985,-0.3140743300000004,0,0,0,0,0,0
1004,19,1205,15,112.23446182549999,-29.8841724995,181.5,2.4819822045234443,5.310178703858119,-9.422229899999977,-0.15703716500000908,0,0,0,0,0,0
1004,19,1208,18,111.2922388355,-29.8841724995,181.5,2.4819822045234443,5.310178703858119,-9.265192734999985,-0.15703716499999132,0,0,0,0,0,0
1004,19,1211,21,110.3814232785,-29.9155799325,181.5,2.4819822045234443,5.310178703858119,-9.108155570000065,-0.3140743300000004,0,0,0,0,0,0
1004,19,1214,24,109.47060772149999,-29.9469873655,181.5,2.4819822045234443,5.310178703858119,-8.951118405000003,0.0,0,0,0,0,0,0
1004,19,1217,27,108.5911995975,-29.9155799325,181.5,2.4819822045234443,5.310178703858119,-9.108155569999994,-0.15703716499999132,0,0,0,0,0,0
1004,19,1220,30,107.64897660749999,-29.9783947985,181.5,2.4819822045234443,5.310178703858119,-9.265192734999985,-0.3140743300000004,0,0,0,0,0,0
1004,19,1223,33,106.7381610505,-29.9783947985,181.5,2.4819822045234443,5.310178703858119,-9.422229899999977,0.0,0,0,0,0,0,0
1004,19,1226,36,105.7645306275,-29.9783947985,181.5,2.4819822045234443,5.310178703858119,-9.422229899999977,0.0,0,0,0,0,0,0
1004,19,1229,39,104.8537150705,-29.9783947985,181.5,2.4819822045234443,5.310178703858119,-9.108155569999994,-0.3140743300000004,0,0,0,0,0,0
1004,19,1232,42,103.9428995135,-30.0412096645,181.5,2.4819822045234443,5.310178703858119,-9.265192735000056,-0.4711114950000095,0,0,0,0,0,0
1004,19,1235,45,103.00067652349999,-30.0726170975,181.5,2.4819822045234443,5.310178703858119,-9.579267064999968,-0.15703716500000908,0,0,0,0,0,0
1004,19,1238,48,102.0270461005,-30.0726170975,181.5,2.4819822045234443,5.310178703858119,-9.579267064999968,0.0,0,0,0,0,0,0
1004,19,1241,51,101.0848231105,-30.0726170975,181.5,2.4819822045234443,5.310178703858119,-9.422229900000048,-0.15703716499999132,0,0,0,0,0,0
1004,19,1244,54,100.14260012049999,-30.1040245305,181.5,2.4819822045234443,5.310178703858119,-9.422229899999977,0.0,0,0,0,0,0,0
1004,19,1247,57,99.2003771305,-30.0726170975,181.5,2.4819822045234443,5.310178703858119,-9.265192734999985,0.0,0,0,0,0,0,0
1004,19,1250,60,98.2895615735,-30.1040245305,181.5,2.4819822045234443,5.310178703858119,-9.422229900000048,-0.15703716499999132,0,0,0,0,0,0
1004,19,1253,63,97.31593115049999,-30.1040245305,181.5,2.4819822045234443,5.310178703858119,-9.73630423000003,0.0,0,0,0,0,0,0
1004,19,1256,66,96.34230072749999,-30.1040245305,181.5,2.4819822045234443,5.310178703858119,-9.89334139499995,-0.15703716500000908,0,0,0,0,0,0
1004,19,1259,69,95.3372628715,-30.1354319635,181.5,2.4819822045234443,5.310178703858119,-9.89334139499995,-0.15703716500000908,0,0,0,0,0,0
1004,19,1262,72,94.3636324485,-30.1354319635,181.5,2.4819822045234443,5.310178703858119,-9.73630423000003,-0.15703716499999132,0,0,0,0,0,0
1004,19,1265,75,93.3900020255,-30.1668393965,181.5,2.4819822045234443,5.310178703858119,-9.579267065000039,-0.15703716499999132,0,0,0,0,0,0
1004,19,1268,78,92.44777903549999,-30.1668393965,181.5,2.4819822045234443,5.310178703858119,-9.579267064999968,-0.15703716499999132,0,0,0,0,0,0
1004,19,1271,81,91.4741486125,-30.198246829499997,181.5,2.4819822045234443,5.310178703858119,-9.422229899999977,-0.4711114949999917,0,0,0,0,0,0
1004,19,1274,84,90.5633330555,-30.261061695499997,181.5,2.4819822045234443,5.310178703858119,-9.579267065000039,-0.4711114950000095,0,0,0,0,0,0
1004,19,1277,87,89.5582951995,-30.2924691285,181.5,2.4819822045234443,5.310178703858119,-9.73630423000003,-0.15703716500000908,0,0,0,0,0,0
1004,19,1280,90,88.61607220949999,-30.2924691285,181.5,2.4819822045234443,5.310178703858119,-9.893341395000022,-0.3140743300000004,0,0,0,0,0,0
1004,19,1283,93,87.57962692049999,-30.3552839945,181.5,2.4819822045234443,5.310178703858119,-10.050378559999942,-0.3140743300000004,0,0,0,0,0,0
1004,19,1286,96,86.6059964975,-30.3552839945,181.5,2.4819822045234443,5.310178703858119,-9.73630422999996,-0.15703716499999132,0,0,0,0,0,0
1004,19,1289,99,85.6323660745,-30.386691427499997,181.5,2.4819822045234443,5.310178703858119,-10.050378560000013,-0.15703716499999132,0,0,0,0,0,0
1004,19,1292,102,84.5959207855,-30.386691427499997,181.5,2.4819822045234443,5.310178703858119,-9.893341395000022,-0.15703716500000908,0,0,0,0,0,0
1004,19,1295,105,83.6536977955,-30.4180988605,181.5,2.4819822045234443,5.310178703858119,-9.422229900000048,-0.15703716500000908,0,0,0,0,0,0
1004,19,1298,108,82.71147480549999,-30.4180988605,181.5,2.4819822045234443,5.310178703858119,-9.579267064999968,0.0,0,0,0,0,0,0
1004,19,1301,111,81.7378443825,-30.4180988605,181.5,2.4819822045234443,5.310178703858119,-10.050378559999942,-0.15703716499999132,0,0,0,0,0,0
1004,19,1304,114,80.7013990935,-30.449506293499997,181.5,2.4819822045234443,5.310178703858119,-10.364452889999995,-0.4711114949999917,0,0,0,0,0,0
1004,19,1307,117,79.6649538045,-30.512321159499997,181.5,2.4819822045234443,5.310178703858119,-10.364452889999995,-0.6281486600000008,0,0,0,0,0,0
1004,19,1310,120,78.6285085155,-30.575136025499997,181.5,2.4819822045234443,5.310178703858119,-10.364452889999995,-0.4711114950000095,0,0,0,0,0,0
1004,19,1313,123,77.5920632265,-30.6065434585,181.5,2.4819822045234443,5.310178703858119,-10.207415725000004,-0.3140743300000004,0,0,0,0,0,0
1004,19,1316,126,76.5870253705,-30.637950891499997,181.5,2.4819822045234443,5.310178703858119,-10.207415725000004,-0.3140743300000004,0,0,0,0,0,0
1004,19,1319,129,75.5505800815,-30.6693583245,181.5,2.4819822045234443,5.310178703858119,-10.364452889999995,0.0,0,0,0,0,0,0
1004,19,1322,132,74.5141347925,-30.637950891499997,181.5,2.4819822045234443,5.310178703858119,-10.364452889999995,0.0,0,0,0,0,0,0
1004,19,1325,135,73.4776895035,-30.6693583245,181.5,2.4819822045234443,5.310178703858119,-10.207415725000004,-0.6281486600000008,0,0,0,0,0,0
1004,19,1328,138,72.4726516475,-30.763580623499998,181.5,2.4819822045234443,5.310178703858119,-10.521490055000058,-0.6281486600000008,0,0,0,0,0,0
1004,19,1331,141,71.37339149249999,-30.7949880565,181.5,2.4819822045234443,5.310178703858119,-10.83556438500004,-0.4711114950000095,0,0,0,0,0,0
1004,19,1334,144,70.3055387705,-30.8578029225,181.5,2.4819822045234443,5.310178703858119,-10.678527219999978,-0.3140743300000004,0,0,0,0,0,0
1004,19,1337,147,69.2376860485,-30.8578029225,181.5,2.4819822045234443,5.310178703858119,-10.678527219999978,-0.3140743300000004,0,0,0,0,0,0
1004,19,1340,150,68.1698333265,-30.9206177885,181.5,2.4819822045234443,5.310178703858119,-10.678527219999978,-0.3140743300000004,0,0,0,0,0,0
1004,19,1343,153,67.1019806045,-30.9206177885,181.5,2.4819822045234443,5.310178703858119,-10.678527219999978,-0.3140743300000004,0,0,0,0,0,0
1004,19,1346,156,66.0341278825,-30.9834326545,181.5,2.4819822045234443,5.310178703858119,-10.83556438500004,-0.7851858249999921,0,0,0,0,0,0
1004,19,1349,159,64.93486772749999,-31.077654953499998,181.5,2.4819822045234443,5.310178703858119,-10.992601550000032,-0.6281486600000008,0,0,0,0,0,0
1004,19,1352,162,63.835607572499995,-31.1090623865,181.5,2.4819822045234443,5.310178703858119,-10.99260154999996,-0.15703716500000908,0,0,0,0,0,0
1004,19,1355,165,62.7363474175,-31.1090623865,181.5,2.4819822045234443,5.310178703858119,-10.835564385000005,-0.2748150387499848,0,0,0,0,0,0
1004,19,1358,168,61.668494695499994,-31.164025394249997,181.5,2.4819822045234443,5.310178703858119,-10.835564385000005,-0.15703716499999132,0,0,0,0,0,0
1004,19,1361,171,60.5692345405,-31.140469819499998,181.5,2.4819822045234443,5.310178703858119,-10.992601549999996,-0.5103707862500073,0,0,0,0,0,0
1004,19,1364,174,59.469974385499995,-31.266099551499998,181.5,2.4819822045234443,5.310178703858119,-10.678527220000014,-0.7851858250000099,0,0,0,0,0,0
1004,19,1367,177,58.433529096499996,-31.2975069845,181.5,2.4819822045234443,5.310178703858119,-10.364452889999995,-0.4711114950000095,0,0,0,0,0,0
1004,19,1370,180,57.397083807499996,-31.3603218505,181.5,2.4819822045234443,5.310178703858119,-10.521490054999987,-0.3140743300000004,0,0,0,0,0,0
1004,19,1373,183,56.3292310855,-31.3603218505,181.5,2.4819822045234443,5.310178703858119,-10.364452889999995,-0.3140743300000004,0,0,0,0,0,0
1004,19,1376,186,55.3241932295,-31.4231367165,181.5,2.4819822045234443,5.310178703858119,-10.364452889999995,-0.4711114949999917,0,0,0,0,0,0
1004,19,1379,189,54.2563405075,-31.4545441495,181.5,2.4819822045234443,5.310178703858119,-10.521490054999987,-0.4711114949999917,0,0,0,0,0,0
1004,19,1382,192,53.2198952185,-31.5173590155,181.5,2.4819822045234443,5.310178703858119,-10.364452889999995,-0.4711114949999917,0,0,0,0,0,0
1004,19,1385,195,52.1834499295,-31.548766448499997,181.5,2.4819822045234443,5.310178703858119,-10.364452889999995,-0.4711114949999917,0,0,0,0,0,0
1004,19,1388,198,51.1470046405,-31.611581314499997,181.5,2.4819822045234443,5.310178703858119,-10.521490055000022,-0.4711114950000095,0,0,0,0,0,0
1004,19,1391,201,50.079151918499996,-31.6429887475,181.5,2.4819822045234443,5.310178703858119,-10.992601550000032,-0.15703716500000908,0,0,0,0,0,0
1004,19,1394,204,48.948484330499994,-31.6429887475,181.5,2.4819822045234443,5.310178703858119,-11.149638714999988,-0.15703716499999132,0,0,0,0,0,0
1004,19,1397,207,47.8492241755,-31.674396180499997,181.5,2.4819822045234443,5.310178703858119,-11.149638714999988,-0.6281486600000008,0,0,0,0,0,0
1004,19,1400,210,46.7185565875,-31.7686184795,181.5,2.4819822045234443,5.310178703858119,-11.149638714999988,-0.6281486600000008,0,0,0,0,0,0
1004,19,1403,213,45.6192964325,-31.800025912499997,181.5,2.4819822045234443,5.310178703858119,-10.992601549999996,-0.15703716499999132,0,0,0,0,0,0
1004,19,1406,216,44.5200362775,-31.800025912499997,181.5,2.4819822045234443,5.310178703858119,-10.992601549999996,-0.3140743300000004,0,0,0,0,0,0
1004,19,1409,219,43.4207761225,-31.862840778499997,181.5,2.4819822045234443,5.310178703858119,-10.992601549999996,-0.6281486600000008,0,0,0,0,0,0
1004,19,1412,222,42.3215159675,-31.925655644499997,181.5,2.4819822045234443,5.310178703858119,-10.992601550000032,-0.3140743300000004,0,0,0,0,0,0
1004,19,1415,225,41.222255812499995,-31.925655644499997,181.5,2.4819822045234443,5.310178703858119,-10.992601549999996,-0.15703716500000908,0,0,0,0,0,0
1004,19,1418,228,40.1229956575,-31.9570630775,181.5,2.4819822045234443,5.310178703858119,-10.992601549999996,-0.4711114950000095,0,0,0,0,0,0
1004,19,1421,231,39.023735502499996,-32.0198779435,181.5,2.4819822045234443,5.310178703858119,-11.306675880000014,-0.4711114949999917,0,0,0,0,0,0
1004,19,1424,234,37.861660481499996,-32.0512853765,181.5,2.4819822045234443,5.310178703858119,-11.149638714999988,-0.4711114950000095,0,0,0,0,0,0
1004,19,1427,237,36.7938077595,-32.1141002425,181.5,2.4819822045234443,5.310178703858119,-10.992601549999996,-0.6281486600000008,0,0,0,0,0,0
1004,19,1430,240,35.6631401715,-32.1769151085,181.5,2.4819822045234443,5.310178703858119,-11.149638714999988,-0.15703716499999132,0,0,0,0,0,0
1004,19,1433,243,34.5638800165,-32.1455076755,181.5,2.4819822045234443,5.310178703858119,-10.992601549999996,0.0,0,0,0,0,0,0
1004,19,1436,246,33.4646198615,-32.1769151085,181.5,2.4819822045234443,5.310178703858119,-10.992601549999996,-0.31407432999998264,0,0,0,0,0,0
1004,19,1439,249,32.3653597065,-32.208322541499996,181.5,2.4819822045234443,5.310178703858119,-10.992601549999996,-0.4711114950000095,0,0,0,0,0,0
1004,19,1442,252,31.266099551499998,-32.2711374075,181.5,2.4819822045234443,5.310178703858119,-10.835564385000023,-0.4711114950000095,0,0,0,0,0,0
1004,19,1445,255,30.198246829499997,-32.3025448405,181.5,2.4819822045234443,5.310178703858119,-10.992601549999996,-0.31407432999998264,0,0,0,0,0,0
1004,19,1448,258,29.0675792415,-32.333952273499996,181.5,2.4819822045234443,5.310178703858119,-10.992601549999996,-0.15703716499999132,0,0,0,0,0,0
1004,19,1451,261,27.999726519499998,-32.333952273499996,181.5,2.4819822045234443,5.310178703858119,-10.992601549999996,-0.15703716500002685,0,0,0,0,0,0
1004,19,1454,264,26.8690589315,-32.3653597065,181.5,2.4819822045234443,5.310178703858119,-11.149638714999988,-0.31407433000001816,0,0,0,0,0,0
1004,19,1457,267,25.7697987765,-32.3967671395,181.5,2.4819822045234443,5.310178703858119,-11.149638715000005,-0.15703716499999132,0,0,0,0,0,0
1004,19,1460,270,24.6391311885,-32.3967671395,181.5,2.4819822045234443,5.310178703858119,-11.149638715000005,-0.15703716499999132,0,0,0,0,0,0
1004,19,1463,273,23.5398710335,-32.4281745725,181.5,2.4819822045234443,5.310178703858119,-11.306675879999997,-0.31407432999998264,0,0,0,0,0,0
1004,19,1466,276,22.3777960125,-32.459582005499996,181.5,2.4819822045234443,5.310178703858119,-11.306675879999997,-0.15703716499999132,0,0,0,0,0,0
1004,19,1469,279,21.2785358575,-32.459582005499996,181.5,2.4819822045234443,5.310178703858119,-11.149638715000005,0.0,0,0,0,0,0,0
1004,19,1472,282,20.147868269499998,-32.459582005499996,181.5,2.4819822045234443,5.310178703858119,-11.306675879999997,-0.15703716500002685,0,0,0,0,0,0
1004,19,1475,285,19.0172006815,-32.4909894385,181.5,2.4819822045234443,5.310178703858119,-11.306675879999997,-0.15703716500002685,0,0,0,0,0,0
1004,19,1478,288,17.8865330935,-32.4909894385,181.5,2.4819822045234443,5.310178703858119,-10.992601550000014,-0.31407432999998264,0,0,0,0,0,0
1004,19,1481,291,16.818680371499998,-32.5538043045,181.5,2.4819822045234443,5.310178703858119,-10.992601549999996,-0.31407432999998264,0,0,0,0,0,0
1004,19,1484,294,15.6880127835,-32.5538043045,181.5,2.4819822045234443,5.310178703858119,-10.992601549999987,-0.15703716499999132,0,0,0,0,0,0
1004,19,1487,297,14.6201600615,-32.585211737499996,181.5,2.4819822045234443,5.310178703858119,-10.835564385000005,-0.15703716499999132,0,0,0,0,0,0
1004,19,1490,300,13.520899906499999,-32.585211737499996,181.5,2.4819822045234443,5.310178703858119,-11.306675880000006,0.0,0,0,0,0,0,0
1004,19,1493,303,12.358824885499999,-32.585211737499996,181.5,2.4819822045234443,5.310178703858119,-11.306675879999997,0.0,0,0,0,0,0,0
1004,19,1496,306,11.2595647305,-32.585211737499996,181.5,2.4819822045234443,5.310178703858119,-11.149638714999996,0.0,0,0,0,0,0,0
1004,19,1499,309,10.1288971425,-32.585211737499996,181.5,2.4819822045234443,5.310178703858119,-9.265192735000003,0.0,0,0,0,0,0,0
1004,19,1501,311,9.406526183499999,-32.585211737499996,181.5,2.4819822045234443,5.310178703858119,-9.108155570000003,-0.15703716500002685,0,0,0,0,0,0
1004,19,1504,314,8.307266028499999,-32.6166191705,181.5,2.4819822045234443,5.310178703858119,-10.992601549999996,-0.15703716500002685,0,0,0,0,0,0
1004,19,1507,317,7.208005873499999,-32.6166191705,181.5,2.4819822045234443,5.310178703858119,-10.992601549999996,0.31407433000001816,0,0,0,0,0,0
1004,19,1510,320,6.1087457185,-32.5538043045,181.5,2.4819822045234443,5.310178703858119,-11.306675879999997,0.15703716500002685,0,0,0,0,0,0
1004,19,1513,323,4.9466706975,-32.585211737499996,181.5,2.4819822045234443,5.310178703858119,-11.149638715000002,-0.4711114950000095,0,0,0,0,0,0
1004,19,1516,326,3.8788179754999996,-32.6480266035,181.5,2.4819822045234443,5.310178703858119,-11.149638715000002,-0.31407433000001816,0,0,0,0,0,0
1004,19,1519,329,2.7167429545,-32.6480266035,181.5,2.4819822045234443,5.310178703858119,-11.620750209999997,0.0,0,0,0,0,0,0
1004,28,1208,0,3.1878544494999996,-39.227883817,1.0,2.5441959386564443,5.465705542843007,16.645939490000004,0.0,0,0,0,0,0,0
1004,28,1211,3,4.8524483985,-39.227883817,1.0,2.5441959386564443,5.465705542843007,16.488902324999998,0.0,0,0,0,0,0,0
1004,28,1214,6,6.485634914499999,-39.227883817,1.0,2.5441959386564443,5.465705542843007,16.645939489999993,0.0,0,0,0,0,0,0
1004,28,1217,9,8.181636296499999,-39.227883817,1.0,2.5441959386564443,5.465705542843007,16.645939489999996,0.0,0,0,0,0,0,0
1004,28,1220,12,9.8148228125,-39.227883817,1.0,2.5441959386564443,5.465705542843007,16.488902325000005,0.0,0,0,0,0,0,0
1004,28,1223,15,11.4794167615,-39.227883817,1.0,2.5441959386564443,5.465705542843007,16.174827995,0.15703716499999132,0,0,0,0,0,0
1004,28,1226,18,13.0497884115,-39.196476384,1.0,2.5441959386564443,5.465705542843007,16.017790830000003,0.15703716499999132,0,0,0,0,0,0
1004,28,1229,21,14.6829749275,-39.196476384,1.0,2.5441959386564443,5.465705542843007,16.331865160000003,0.0,0,0,0,0,0,0
1004,28,1232,24,16.3161614435,-39.196476384,1.0,2.5441959386564443,5.465705542843007,16.017790829999996,0.0,0,0,0,0,0,0
1004,28,1235,27,17.8865330935,-39.196476384,1.0,2.5441959386564443,5.465705542843007,16.017790829999985,-0.15703716499999132,0,0,0,0,0,0
1004,28,1238,30,19.519719609499997,-39.227883817,1.0,2.5441959386564443,5.465705542843007,16.488902324999994,-0.31407432999998264,0,0,0,0,0,0
1004,28,1241,33,21.184313558499998,-39.25929125,1.0,2.5441959386564443,5.465705542843007,16.331865160000003,0.0,0,0,0,0,0,0
1004,28,1244,36,22.786092641499998,-39.227883817,1.0,2.5441959386564443,5.465705542843007,16.331865160000003,0.15703716499999132,0,0,0,0,0,0
1004,28,1247,39,24.4506865905,-39.227883817,1.0,2.5441959386564443,5.465705542843007,16.331865160000003,0.31407433000001816,0,0,0,0,0,0
1004,28,1250,42,26.0524656735,-39.165068950999995,1.0,2.5441959386564443,5.465705542843007,16.174827994999994,0.31407433000001816,0,0,0,0,0,0
1004,28,1253,45,27.685652189499997,-39.165068950999995,1.0,2.5441959386564443,5.465705542843007,16.331865160000003,0.0,0,0,0,0,0,0
1004,28,1256,48,29.3188387055,-39.165068950999995,1.0,2.5441959386564443,5.465705542843007,16.174827995000012,0.15703716499999132,0,0,0,0,0,0
1004,28,1259,51,30.9206177885,-39.133661518,1.0,2.5441959386564443,5.465705542843007,16.331865159999985,0.15703716499999132,0,0,0,0,0,0
1004,28,1262,54,32.585211737499996,-39.133661518,1.0,2.5441959386564443,5.465705542843007,16.174827995000012,0.15703716499999132,0,0,0,0,0,0
1004,28,1265,57,34.1555833875,-39.102254085,1.0,2.5441959386564443,5.465705542843007,16.33186516000002,0.31407432999998264,0,0,0,0,0,0
1004,28,1268,60,35.8515847695,-39.070846652,1.0,2.5441959386564443,5.465705542843007,16.802976654999995,0.31407433000001816,0,0,0,0,0,0
1004,28,1271,63,37.5161787185,-39.039439218999995,1.0,2.5441959386564443,5.465705542843007,16.960013819999986,0.15703716500002685,0,0,0,0,0,0
1004,28,1274,66,39.2435875335,-39.039439218999995,1.0,2.5441959386564443,5.465705542843007,16.802976654999995,0.31407432999998264,0,0,0,0,0,0
1004,28,1277,69,40.8767740495,-38.976624353,1.0,2.5441959386564443,5.465705542843007,16.802976654999995,0.6281486600000008,0,0,0,0,0,0
1004,28,1280,72,42.6041828645,-38.913809486999995,1.0,2.5441959386564443,5.465705542843007,16.960013819999986,0.4711114950000095,0,0,0,0,0,0
1004,28,1283,75,44.2687768135,-38.882402053999996,1.0,2.5441959386564443,5.465705542843007,16.96001382000002,0.15703716499999132,0,0,0,0,0,0
1004,28,1286,78,45.9961856285,-38.882402053999996,1.0,2.5441959386564443,5.465705542843007,17.274088150000004,0.31407432999998264,0,0,0,0,0,0
1004,28,1289,81,47.7235944435,-38.819587188,1.0,2.5441959386564443,5.465705542843007,16.802976654999995,0.6281486600000008,0,0,0,0,0,0
1004,28,1292,84,49.3567809595,-38.756772321999996,1.0,2.5441959386564443,5.465705542843007,16.960013819999986,0.4711114950000095,0,0,0,0,0,0
1004,28,1295,87,51.115597207499995,-38.725364889,1.0,2.5441959386564443,5.465705542843007,17.274088150000004,0.31407432999998264,0,0,0,0,0,0
1004,28,1298,90,52.8115985895,-38.693957456,1.0,2.5441959386564443,5.465705542843007,17.117050985000013,0.6281486600000008,0,0,0,0,0,0
1004,28,1301,93,54.5390074045,-38.599735157,1.0,2.5441959386564443,5.465705542843007,17.27408814999997,0.7851858249999921,0,0,0,0,0,0
1004,28,1304,96,56.266416219499995,-38.536920291,1.0,2.5441959386564443,5.465705542843007,17.117050985000013,0.6281486600000008,0,0,0,0,0,0
1004,28,1307,99,57.9624176015,-38.474105425,1.0,2.5441959386564443,5.465705542843007,16.96001382000002,0.4711114950000095,0,0,0,0,0,0
1004,28,1310,102,59.6584189835,-38.442697992,1.0,2.5441959386564443,5.465705542843007,17.27408814999997,0.31407432999998264,0,0,0,0,0,0
1004,28,1313,105,61.417235231499994,-38.411290559,1.0,2.5441959386564443,5.465705542843007,17.117050984999977,0.15703716499999132,0,0,0,0,0,0
1004,28,1316,108,63.081829180499994,-38.411290559,1.0,2.5441959386564443,5.465705542843007,17.117050985000013,0.6281486600000008,0,0,0,0,0,0
1004,28,1319,111,64.8406454285,-38.285660827,1.0,2.5441959386564443,5.465705542843007,17.43112531500003,0.7851858250000276,0,0,0,0,0,0
1004,28,1322,114,66.5680542435,-38.254253393999996,1.0,2.5441959386564443,5.465705542843007,17.43112531500003,0.7851858250000276,0,0,0,0,0,0
1004,28,1325,117,68.3268704915,-38.128623661999995,1.0,2.5441959386564443,5.465705542843007,17.745199645000014,0.9422229899999834,0,0,0,0,0,0
1004,28,1328,120,70.1170941725,-38.065808796,1.0,2.5441959386564443,5.465705542843007,17.58816247999995,0.47111149499997396,0,0,0,0,0,0
1004,28,1331,123,71.8445029875,-38.034401363,1.0,2.5441959386564443,5.465705542843007,17.58816247999995,0.6281486600000008,0,0,0,0,0,0
1004,28,1334,126,73.6347266685,-37.940179064,1.0,2.5441959386564443,5.465705542843007,17.745199645000014,0.7851858250000276,0,0,0,0,0,0
1004,28,1337,129,75.3935429165,-37.877364197999995,1.0,2.5441959386564443,5.465705542843007,17.745199645000014,0.4711114950000095,0,0,0,0,0,0
1004,28,1340,132,77.1837665975,-37.845956765,1.5,2.5441959386564443,5.465705542843007,17.82371822750001,0.5496300774999696,0,0,0,0,0,0
1004,28,1343,135,78.958286562,-37.7674381825,1.5,2.5441959386564443,5.465705542843007,17.82371822750001,0.8637044074999878,0,0,0,0,0,0
1004,28,1346,138,80.748510243,-37.6732158835,1.5,2.5441959386564443,5.465705542843007,17.82371822750001,0.942222990000019,0,0,0,0,0,0
1004,28,1349,141,82.5230302075,-37.5789935845,2.0,2.5441959386564443,5.465705542843007,17.82371822750001,0.7851858249999921,0,0,0,0,0,0
1004,28,1352,144,84.3132538885,-37.5161787185,2.0,2.5441959386564443,5.465705542843007,17.902236810000005,0.7851858249999921,0,0,0,0,0,0
1004,28,1355,147,86.1034775695,-37.4219564195,2.0,2.5441959386564443,5.465705542843007,17.902236810000005,0.942222990000019,0,0,0,0,0,0
1004,28,1358,150,87.8937012505,-37.3277341205,2.5,2.5441959386564443,5.465705542843007,18.216311139999988,0.942222990000019,0,0,0,0,0,0
1004,28,1361,153,89.7467397975,-37.233511821499995,2.5,2.5441959386564443,5.465705542843007,18.37334830499998,0.6281486600000008,0,0,0,0,0,0
1004,28,1364,156,91.5683709115,-37.2021043885,2.5,2.5441959386564443,5.465705542843007,18.37334830499998,0.47111149499997396,0,0,0,0,0,0
1004,28,1367,159,93.4214094585,-37.1392895225,2.5,2.5441959386564443,5.465705542843007,18.68742263499996,0.6281486600000008,0,0,0,0,0,0
1004,28,1370,162,95.30585543849999,-37.0764746565,2.5,2.5441959386564443,5.465705542843007,19.001496965000015,0.4711114950000095,0,0,0,0,0,0
1004,28,1373,165,97.2217088515,-37.0450672235,2.5,2.5441959386564443,5.465705542843007,19.001496965000015,0.31407432999998264,0,0,0,0,0,0
1004,28,1376,168,99.10615483149999,-37.0136597905,2.5,2.5441959386564443,5.465705542843007,19.001496965000015,0.4711114950000095,0,0,0,0,0,0
1004,28,1379,171,101.0220082445,-36.9508449245,2.5,2.5441959386564443,5.465705542843007,19.001496965000015,0.6281486600000008,0,0,0,0,0,0
1004,28,1382,174,102.9064542245,-36.8880300585,2.5,2.5441959386564443,5.465705542843007,18.68742263499996,0.6281486600000008,0,0,0,0,0,0
1004,28,1385,177,104.75949277149999,-36.825215192499996,2.5,2.5441959386564443,5.465705542843007,18.844459800000024,0.7851858249999921,0,0,0,0,0,0
1004,28,1388,180,106.6753461845,-36.7309928935,2.5,2.5441959386564443,5.465705542843007,18.53038547000004,0.7851858249999921,0,0,0,0,0,0
1004,28,1391,183,108.4655698655,-36.6681780275,2.5,2.5441959386564443,5.465705542843007,17.902236810000005,0.6281486600000008,0,0,0,0,0,0
1004,28,1394,186,110.2557935465,-36.6053631615,2.5,2.5441959386564443,5.465705542843007,18.059273974999996,0.6281486600000008,0,0,0,0,0,0
1004,28,1397,189,112.0774246605,-36.5425482955,2.5,2.5441959386564443,5.465705542843007,18.059273974999996,0.6281486600000008,0,0,0,0,0,0
1004,28,1400,192,113.8676483415,-36.4797334295,2.5,2.5441959386564443,5.465705542843007,17.745199644999943,0.4711114950000095,0,0,0,0,0,0
1004,28,1403,195,115.62646458949999,-36.448325996499996,2.5,2.5441959386564443,5.465705542843007,17.902236809999934,0.31407433000001816,0,0,0,0,0,0
1004,28,1406,198,117.44809570349999,-36.4169185635,2.5,2.5441959386564443,5.465705542843007,18.216311139999988,0.31407432999998264,0,0,0,0,0,0
1004,20,1250,0,117.18113252299999,-29.7585427675,181.5,2.6399063768708992,5.938081684860745,-10.05037855999987,-0.31407432999998264,0,0,0,0,0,0
1004,20,1253,3,116.176094667,-29.789950200499998,181.5,2.6399063768708992,5.938081684860745,-9.579267064999968,-0.4711114949999917,0,0,0,0,0,0
1004,20,1256,6,115.26527911,-29.852765066499998,181.5,2.6399063768708992,5.938081684860745,-9.422229900000048,-0.3140743300000004,0,0,0,0,0,0
1004,20,1259,9,114.29164868699999,-29.852765066499998,181.5,2.6399063768708992,5.938081684860745,-8.951118405000003,0.0,0,0,0,0,0,0
1004,20,1262,12,113.475055429,-29.852765066499998,181.5,2.6399063768708992,5.938081684860745,-9.422229899999977,0.0,0,0,0,0,0,0
1004,20,1265,15,112.407202707,-29.852765066499998,181.5,2.6399063768708992,5.938081684860745,-9.893341395000022,-0.3140743300000004,0,0,0,0,0,0
1004,20,1268,18,111.49638714999999,-29.9155799325,181.5,2.6399063768708992,5.938081684860745,-8.794081240000011,-0.3140743300000004,0,0,0,0,0,0
1004,20,1271,21,110.648386459,-29.9155799325,181.5,2.6399063768708992,5.938081684860745,-8.322969744999966,0.0,0,0,0,0,0,0
1004,20,1274,24,109.831793201,-29.9155799325,181.5,2.6399063768708992,5.938081684860745,-8.794081240000011,-0.3140743300000004,0,0,0,0,0,0
1004,20,1277,27,108.88957021099999,-29.9783947985,181.5,2.6399063768708992,5.938081684860745,-9.265192734999985,-0.4711114950000095,0,0,0,0,0,0
1004,20,1280,30,107.978754654,-30.0098022315,181.5,2.6399063768708992,5.938081684860745,-9.265192734999985,-0.3140743300000004,0,0,0,0,0,0
1004,20,1283,33,107.036531664,-30.0412096645,181.5,2.6399063768708992,5.938081684860745,-9.422229900000048,-0.3140743300000004,0,0,0,0,0,0
1004,20,1286,36,106.09430867399999,-30.0726170975,181.5,2.6399063768708992,5.938081684860745,-9.265192734999985,-0.15703716500000908,0,0,0,0,0,0
1004,20,1289,39,105.183493117,-30.0726170975,181.5,2.6399063768708992,5.938081684860745,-9.108155569999994,-0.3140743300000004,0,0,0,0,0,0
1004,20,1292,42,104.27267755999999,-30.1354319635,181.5,2.6399063768708992,5.938081684860745,-8.951118405000003,-0.4711114949999917,0,0,0,0,0,0
1004,20,1295,45,103.393269436,-30.1668393965,181.5,2.6399063768708992,5.938081684860745,-8.951118405000003,0.15703716500000908,0,0,0,0,0,0
1004,20,1298,48,102.48245387899999,-30.1040245305,181.5,2.6399063768708992,5.938081684860745,-8.63704407500002,0.0,0,0,0,0,0,0
1004,20,1301,51,101.665860621,-30.1668393965,181.5,2.6399063768708992,5.938081684860745,-8.951118405000003,-0.4711114949999917,0,0,0,0,0,0
1004,20,1304,54,100.69223019799999,-30.198246829499997,181.5,2.6399063768708992,5.938081684860745,-9.265192734999985,-0.3140743300000004,0,0,0,0,0,0
1004,20,1307,57,99.812822074,-30.2296542625,181.5,2.6399063768708992,5.938081684860745,-9.265192734999985,-0.15703716500000908,0,0,0,0,0,0
1004,20,1310,60,98.839191651,-30.2296542625,181.5,2.6399063768708992,5.938081684860745,-9.579267065000039,-0.15703716499999132,0,0,0,0,0,0
1004,20,1313,63,97.89696866099999,-30.261061695499997,181.5,2.6399063768708992,5.938081684860745,-9.422229899999977,-0.3140743300000004,0,0,0,0,0,0
1004,20,1316,66,96.954745671,-30.2924691285,181.5,2.6399063768708992,5.938081684860745,-9.108155569999994,0.0,0,0,0,0,0,0
1004,20,1319,69,96.07533754699999,-30.261061695499997,181.5,2.6399063768708992,5.938081684860745,-9.73630423000003,0.15703716500000908,0,0,0,0,0,0
1004,20,1322,72,95.00748482499999,-30.261061695499997,181.5,2.6399063768708992,5.938081684860745,-9.73630422999996,-0.3140743300000004,0,0,0,0,0,0
1004,20,1325,75,94.128076701,-30.323876561499997,181.5,2.6399063768708992,5.938081684860745,-8.637044074999949,-0.6281486600000008,0,0,0,0,0,0
1004,20,1328,78,93.28007601,-30.386691427499997,181.5,2.6399063768708992,5.938081684860745,-9.108155569999994,-0.3140743300000004,0,0,0,0,0,0
1004,20,1331,81,92.306445587,-30.386691427499997,181.5,2.6399063768708992,5.938081684860745,-9.579267065000039,0.0,0,0,0,0,0,0
1004,20,1334,84,91.364222597,-30.386691427499997,181.5,2.6399063768708992,5.938081684860745,-9.422229900000048,0.0,0,0,0,0,0,0
1004,20,1337,87,90.42199960699999,-30.386691427499997,181.5,2.6399063768708992,5.938081684860745,-9.73630422999996,-0.3140743300000004,0,0,0,0,0,0
1004,20,1340,90,89.416961751,-30.449506293499997,181.5,2.6399063768708992,5.938081684860745,-9.73630422999996,-0.15703716500000908,0,0,0,0,0,0
1004,20,1343,93,88.474738761,-30.4180988605,181.5,2.6399063768708992,5.938081684860745,-9.73630423000003,0.15703716499999132,0,0,0,0,0,0
1004,20,1346,96,87.469700905,-30.4180988605,181.5,2.6399063768708992,5.938081684860745,-9.73630423000003,-0.15703716499999132,0,0,0,0,0,0
1004,20,1349,99,86.52747791499999,-30.449506293499997,181.5,2.6399063768708992,5.938081684860745,-9.73630423000003,-0.15703716499999132,0,0,0,0,0,0
1004,20,1352,102,85.52244005899999,-30.449506293499997,181.5,2.6399063768708992,5.938081684860745,-9.89334139499995,0.0,0,0,0,0,0,0
1004,20,1355,105,84.548809636,-30.449506293499997,181.5,2.6399063768708992,5.938081684860745,-9.89334139499995,-0.15703716500000908,0,0,0,0,0,0
1004,20,1358,108,83.54377178,-30.4809137265,181.5,2.6399063768708992,5.938081684860745,-9.893341395000022,-0.3140743300000004,0,0,0,0,0,0
1004,20,1361,111,82.570141357,-30.512321159499997,181.5,2.6399063768708992,5.938081684860745,-9.73630423000003,-0.3140743300000004,0,0,0,0,0,0
1004,20,1364,114,81.596510934,-30.5437285925,181.5,2.6399063768708992,5.938081684860745,-9.893341395000022,-0.15703716500000908,0,0,0,0,0,0
1004,20,1367,117,80.59147307799999,-30.5437285925,181.5,2.6399063768708992,5.938081684860745,-9.73630422999996,-0.3140743300000004,0,0,0,0,0,0
1004,20,1370,120,79.649250088,-30.6065434585,181.5,2.6399063768708992,5.938081684860745,-4.0829662899999875,-0.6281486600000008,0,0,0,0,0,0
1004,20,1373,123,79.77487982,-30.6693583245,181.5,2.6399063768708992,5.938081684860745,-9.422229900000048,-0.15703716499999132,0,0,0,0,0,0
1004,20,1376,126,77.76480410799999,-30.637950891499997,181.5,2.6399063768708992,5.938081684860745,-14.918530675000028,0.3140743300000004,0,0,0,0,0,0
1004,20,1379,129,76.79117368499999,-30.6065434585,181.5,2.6399063768708992,5.938081684860745,-9.89334139499995,0.0,0,0,0,0,0,0
1004,20,1382,132,75.786135829,-30.637950891499997,181.5,2.6399063768708992,5.938081684860745,-9.73630422999996,-0.15703716499999132,0,0,0,0,0,0
1004,20,1385,135,74.843912839,-30.637950891499997,181.5,2.6399063768708992,5.938081684860745,-9.422229900000048,-0.15703716500000908,0,0,0,0,0,0
1004,20,1388,138,73.901689849,-30.6693583245,181.5,2.6399063768708992,5.938081684860745,-9.893341395000022,-0.15703716500000908,0,0,0,0,0,0
1004,20,1391,141,72.86524456,-30.6693583245,181.5,2.6399063768708992,5.938081684860745,-10.364452889999995,-0.15703716499999132,0,0,0,0,0,0
1004,20,1394,144,71.828799271,-30.700765757499997,181.5,2.6399063768708992,5.938081684860745,-10.364452889999995,-0.3140743300000004,0,0,0,0,0,0
1004,20,1397,147,70.792353982,-30.7321731905,181.5,2.6399063768708992,5.938081684860745,-10.521490054999987,-0.3140743300000004,0,0,0,0,0,0
1004,20,1400,150,69.72450126,-30.763580623499998,181.5,2.6399063768708992,5.938081684860745,-10.521490054999987,-0.3140743300000004,0,0,0,0,0,0
1004,20,1403,153,68.688055971,-30.7949880565,181.5,2.6399063768708992,5.938081684860745,-10.521490054999987,-0.3140743300000004,0,0,0,0,0,0
1004,20,1406,156,67.620203249,-30.826395489499998,181.5,2.6399063768708992,5.938081684860745,-10.83556438499997,-0.3140743300000004,0,0,0,0,0,0
1004,20,1409,159,66.520943094,-30.8578029225,181.5,2.6399063768708992,5.938081684860745,-10.521490054999987,-0.3140743300000004,0,0,0,0,0,0
1004,20,1412,162,65.515905238,-30.889210355499998,181.5,2.6399063768708992,5.938081684860745,-10.521490055000058,-0.15703716499999132,0,0,0,0,0,0
1004,20,1415,165,64.41664508299999,-30.889210355499998,181.5,2.6399063768708992,5.938081684860745,-10.678527220000014,-0.3140743300000004,0,0,0,0,0,0
1004,20,1418,168,63.380199794,-30.952025221499998,181.5,2.6399063768708992,5.938081684860745,-10.521490054999987,-0.4711114950000095,0,0,0,0,0,0
1004,20,1421,171,62.312347071999994,-30.9834326545,181.5,2.6399063768708992,5.938081684860745,-10.56074934625002,-0.4711114950000095,0,0,0,0,0,0
1004,20,1424,174,61.268049924749995,-31.0462475205,181.5,2.6399063768708992,5.938081684860745,-10.83556438499997,0.0,0,0,0,0,0,0
1004,20,1427,177,60.145234195,-30.9834326545,181.5,2.6399063768708992,5.938081684860745,-11.11037942374999,0.0,0,0,0,0,0,0
1004,20,1430,180,59.04597404,-31.0462475205,181.5,2.6399063768708992,5.938081684860745,-11.149638715000023,-0.4711114949999917,0,0,0,0,0,0
1004,20,1433,183,57.915306451999996,-31.077654953499998,181.5,2.6399063768708992,5.938081684860745,-10.835564385000005,-0.4711114949999917,0,0,0,0,0,0
1004,20,1436,186,56.878861162999996,-31.140469819499998,181.5,2.6399063768708992,5.938081684860745,-10.835564385000005,-0.4711114950000095,0,0,0,0,0,0
1004,20,1439,189,55.748193574999995,-31.1718772525,181.5,2.6399063768708992,5.938081684860745,-10.992601549999996,-0.3140743300000004,0,0,0,0,0,0
1004,20,1442,192,54.680340853,-31.203284685499998,181.5,2.6399063768708992,5.938081684860745,-10.83556438499997,-0.4711114949999917,0,0,0,0,0,0
1004,20,1445,195,53.581080698,-31.266099551499998,181.5,2.6399063768708992,5.938081684860745,-10.992601549999996,-0.3140743300000004,0,0,0,0,0,0
1004,20,1448,198,52.481820543,-31.266099551499998,181.5,2.6399063768708992,5.938081684860745,-10.835564385000005,-0.15703716500000908,0,0,0,0,0,0
1004,20,1451,201,51.413967821,-31.2975069845,181.5,2.6399063768708992,5.938081684860745,-11.149638714999988,-0.4711114950000095,0,0,0,0,0,0
1004,20,1454,204,50.2518928,-31.3603218505,181.5,2.6399063768708992,5.938081684860745,-11.463713045000006,-0.4711114949999917,0,0,0,0,0,0
1004,20,1457,207,49.121225212,-31.3917292835,181.5,2.6399063768708992,5.938081684860745,-10.992601549999996,-0.4711114949999917,0,0,0,0,0,0
1004,20,1460,210,48.05337249,-31.4545441495,181.5,2.6399063768708992,5.938081684860745,-11.149638714999988,-0.4711114950000095,0,0,0,0,0,0
1004,20,1463,213,46.891297469,-31.4859515825,181.5,2.6399063768708992,5.938081684860745,-11.463713045000006,-0.4711114949999917,0,0,0,0,0,0
1004,20,1466,216,45.760629881,-31.548766448499997,181.5,2.6399063768708992,5.938081684860745,-11.463713045000006,-0.4711114949999917,0,0,0,0,0,0
1004,20,1469,219,44.59855486,-31.5801738815,181.5,2.6399063768708992,5.938081684860745,-11.463713045000006,-0.3140743300000004,0,0,0,0,0,0
1004,20,1472,222,43.467887272,-31.611581314499997,181.5,2.6399063768708992,5.938081684860745,-11.777787375000024,-0.4711114949999917,0,0,0,0,0,0
1004,20,1475,225,42.242997384999995,-31.674396180499997,181.5,2.6399063768708992,5.938081684860745,-11.934824540000015,-0.4711114950000095,0,0,0,0,0,0
1004,20,1478,228,41.080922363999996,-31.7058036135,181.5,2.6399063768708992,5.938081684860745,-11.620750209999997,-0.4711114950000095,0,0,0,0,0,0
1004,20,1481,231,39.918847342999996,-31.7686184795,181.5,2.6399063768708992,5.938081684860745,-11.777787374999988,-0.6281486600000008,0,0,0,0,0,0
1004,20,1484,234,38.725364889,-31.8314333455,181.5,2.6399063768708992,5.938081684860745,-11.93482453999998,-0.4711114949999917,0,0,0,0,0,0
1004,20,1487,237,37.531882435,-31.862840778499997,181.5,2.6399063768708992,5.938081684860745,-11.934824540000015,-0.4711114949999917,0,0,0,0,0,0
1004,20,1490,240,36.338399980999995,-31.925655644499997,181.5,2.6399063768708992,5.938081684860745,-11.934824540000015,-0.6281486600000008,0,0,0,0,0,0
1004,20,1493,243,35.144917527,-31.988470510499997,181.5,2.6399063768708992,5.938081684860745,-11.93482453999998,-0.7851858249999921,0,0,0,0,0,0
1004,20,1496,246,33.951435073,-32.082692809499996,181.5,2.6399063768708992,5.938081684860745,-12.091861705000007,-0.3140743300000004,0,0,0,0,0,0
1004,20,1499,249,32.726545185999996,-32.0512853765,181.5,2.6399063768708992,5.938081684860745,-10.364452889999995,0.15703716499999132,0,0,0,0,0,0
1004,20,1501,251,31.878544495,-32.0512853765,181.5,2.6399063768708992,5.938081684860745,-9.893341394999986,0.0,0,0,0,0,0,0
1004,20,1504,254,30.747876907,-32.0512853765,181.5,2.6399063768708992,5.938081684860745,-11.777787375000006,-0.15703716499999132,0,0,0,0,0,0
1004,20,1507,257,29.52298702,-32.082692809499996,181.5,2.6399063768708992,5.938081684860745,-12.248898869999998,-0.31407433000001816,0,0,0,0,0,0
1004,20,1510,260,28.298097133,-32.1141002425,181.5,2.6399063768708992,5.938081684860745,-12.091861705000007,-0.31407433000001816,0,0,0,0,0,0
1004,20,1513,263,27.104614678999997,-32.1455076755,181.5,2.6399063768708992,5.938081684860745,-11.934824539999997,-0.15703716499999132,0,0,0,0,0,0
1004,20,1516,266,25.911132225,-32.1455076755,181.5,2.6399063768708992,5.938081684860745,-12.248898869999998,0.0,0,0,0,0,0,0
1004,20,1519,269,24.654834904999998,-32.1455076755,181.5,2.6399063768708992,5.938081684860745,-12.405936035000007,-0.15703716499999132,0,0,0,0,0,0
1004,20,1522,272,23.429945017999998,-32.1769151085,181.5,2.6399063768708992,5.938081684860745,-12.40593603499999,-0.4711114950000095,0,0,0,0,0,0
1004,20,1525,275,22.173647698,-32.2397299745,181.5,2.6399063768708992,5.938081684860745,-12.248898869999998,-0.31407433000001816,0,0,0,0,0,0
1004,20,1528,278,20.980165244,-32.2397299745,181.5,2.6399063768708992,5.938081684860745,-12.248898869999998,0.0,0,0,0,0,0,0
1004,20,1531,281,19.723867924,-32.2397299745,181.5,2.6399063768708992,5.938081684860745,-12.40593603499999,-0.15703716499999132,0,0,0,0,0,0
1004,20,1534,284,18.498978037,-32.2711374075,181.5,2.6399063768708992,5.938081684860745,-12.248898869999998,-0.15703716499999132,0,0,0,0,0,0
1004,20,1537,287,17.27408815,-32.2711374075,181.5,2.6399063768708992,5.938081684860745,-12.405936035000007,0.0,0,0,0,0,0,0
1004,20,1540,290,16.01779083,-32.2711374075,181.5,2.6399063768708992,5.938081684860745,-12.405936035000007,-0.31407432999998264,0,0,0,0,0,0
1004,20,1543,293,14.792900943,-32.333952273499996,181.5,2.6399063768708992,5.938081684860745,-12.248898869999998,-0.4711114950000095,0,0,0,0,0,0
1004,20,1546,296,13.568011056,-32.3653597065,181.5,2.6399063768708992,5.938081684860745,-12.091861704999998,-0.15703716500002685,0,0,0,0,0,0
1004,20,1549,299,12.374528602,-32.3653597065,181.5,2.6399063768708992,5.938081684860745,-12.091861704999998,0.4711114950000095,0,0,0,0,0,0
1004,20,1552,302,11.149638715,-32.2711374075,181.5,2.6399063768708992,5.938081684860745,-12.405936034999998,0.4711114950000095,0,0,0,0,0,0
1004,20,1555,305,9.893341395,-32.2711374075,181.5,2.6399063768708992,5.938081684860745,-11.777787375000006,-0.31407432999998264,0,0,0,0,0,0
1004,20,1558,308,8.794081239999999,-32.333952273499996,181.5,2.6399063768708992,5.938081684860745,-11.934824540000001,0.0,0,0,0,0,0,0
1004,20,1561,311,7.506376487,-32.2711374075,181.5,2.6399063768708992,5.938081684860745,-12.248898869999994,0.0,0,0,0,0,0,0
1004,20,1564,314,6.344301466,-32.333952273499996,181.5,2.6399063768708992,5.938081684860745,-11.62075021,-0.4711114950000095,0,0,0,0,0,0
1004,20,1567,317,5.1822264449999995,-32.3653597065,181.5,2.6399063768708992,5.938081684860745,-12.091861705000003,-0.15703716500002685,0,0,0,0,0,0
1004,20,1570,320,3.9259291249999997,-32.3653597065,181.5,2.6399063768708992,5.938081684860745,-12.562973199999998,0.0,0,0,0,0,0,0
1004,21,1334,0,116.710021028,-30.0726170975,181.0,2.324362244697726,5.434302803941864,-10.050378560000013,0.0,0,0,0,0,0,0
1004,21,1337,3,115.704983172,-30.0726170975,181.0,2.324362244697726,5.434302803941864,-10.207415725000004,-0.15703716499999132,0,0,0,0,0,0
1004,21,1340,6,114.668537883,-30.1040245305,181.0,2.324362244697726,5.434302803941864,-10.67852722000005,-0.15703716499999132,0,0,0,0,0,0
1004,21,1343,9,113.56927772799999,-30.1040245305,181.0,2.324362244697726,5.434302803941864,-10.67852722000005,-0.15703716500000908,0,0,0,0,0,0
1004,21,1346,12,112.53283243899999,-30.1354319635,181.0,2.324362244697726,5.434302803941864,-10.678527219999978,-0.15703716500000908,0,0,0,0,0,0
1004,21,1349,15,111.433572284,-30.1354319635,181.0,2.324362244697726,5.434302803941864,-10.678527219999978,-0.15703716499999132,0,0,0,0,0,0
1004,21,1352,18,110.397126995,-30.1668393965,181.0,2.324362244697726,5.434302803941864,-10.364452889999995,-0.31407432999998264,0,0,0,0,0,0
1004,21,1355,21,109.360681706,-30.198246829499997,181.0,2.324362244697726,5.434302803941864,-10.83556438499997,-0.15703716499999132,0,0,0,0,0,0
1004,21,1358,24,108.230014118,-30.198246829499997,181.0,2.324362244697726,5.434302803941864,-10.678527219999978,-0.15703716500000908,0,0,0,0,0,0
1004,21,1361,27,107.224976262,-30.2296542625,181.0,2.324362244697726,5.434302803941864,-10.207415725000004,-0.4711114950000095,0,0,0,0,0,0
1004,21,1364,30,106.188530973,-30.2924691285,181.0,2.324362244697726,5.434302803941864,-10.364452889999995,-0.4711114949999917,0,0,0,0,0,0
1004,21,1367,33,105.152085684,-30.323876561499997,181.0,2.324362244697726,5.434302803941864,-10.207415725000004,-0.3140743300000004,0,0,0,0,0,0
1004,21,1370,36,104.147047828,-30.3552839945,181.0,2.324362244697726,5.434302803941864,-10.207415725000004,-0.3140743300000004,0,0,0,0,0,0
1004,21,1373,39,103.110602539,-30.386691427499997,181.0,2.324362244697726,5.434302803941864,-10.364452889999995,-0.15703716499999132,0,0,0,0,0,0
1004,21,1376,42,102.07415725,-30.386691427499997,181.0,2.324362244697726,5.434302803941864,-9.893341395000022,0.0,0,0,0,0,0,0
1004,21,1379,45,101.13193426,-30.386691427499997,181.0,2.324362244697726,5.434302803941864,-9.73630423000003,-0.15703716500000908,0,0,0,0,0,0
1004,21,1382,48,100.126896404,-30.4180988605,181.0,2.324362244697726,5.434302803941864,-10.207415725000004,-0.15703716500000908,0,0,0,0,0,0
1004,21,1385,51,99.090451115,-30.4180988605,181.0,2.324362244697726,5.434302803941864,-10.050378560000013,-0.15703716499999132,0,0,0,0,0,0
1004,21,1388,54,98.11682069199999,-30.449506293499997,181.0,2.324362244697726,5.434302803941864,-10.364452889999995,-0.3140743300000004,0,0,0,0,0,0
1004,21,1391,57,97.017560537,-30.4809137265,181.0,2.324362244697726,5.434302803941864,-10.99260154999996,-0.3140743300000004,0,0,0,0,0,0
1004,21,1394,60,95.918300382,-30.512321159499997,181.0,2.324362244697726,5.434302803941864,-10.83556438499997,-0.15703716499999132,0,0,0,0,0,0
1004,21,1397,63,94.85044766,-30.512321159499997,181.0,2.324362244697726,5.434302803941864,-10.83556438500004,-0.15703716500000908,0,0,0,0,0,0
1004,21,1400,66,93.75118750499999,-30.5437285925,181.0,2.324362244697726,5.434302803941864,-10.83556438500004,-0.3140743300000004,0,0,0,0,0,0
1004,21,1403,69,92.68333478299999,-30.575136025499997,181.0,2.324362244697726,5.434302803941864,-10.83556438499997,0.0,0,0,0,0,0,0
1004,21,1406,72,91.584074628,-30.5437285925,181.0,2.324362244697726,5.434302803941864,-10.99260154999996,-0.15703716500000908,0,0,0,0,0,0
1004,21,1409,75,90.484814473,-30.6065434585,181.0,2.324362244697726,5.434302803941864,-10.678527219999978,-0.3140743300000004,0,0,0,0,0,0
1004,21,1412,78,89.448369184,-30.6065434585,181.0,2.324362244697726,5.434302803941864,-10.521490054999987,-0.15703716499999132,0,0,0,0,0,0
1004,21,1415,81,88.380516462,-30.637950891499997,181.0,2.324362244697726,5.434302803941864,-10.83556438500004,-0.3140743300000004,0,0,0,0,0,0
1004,21,1418,84,87.28125630699999,-30.6693583245,181.0,2.324362244697726,5.434302803941864,-10.83556438500004,-0.3140743300000004,0,0,0,0,0,0
1004,21,1421,87,86.213403585,-30.700765757499997,181.0,2.324362244697726,5.434302803941864,-10.521490054999987,-0.3140743300000004,0,0,0,0,0,0
1004,21,1424,90,85.176958296,-30.7321731905,181.0,2.324362244697726,5.434302803941864,-10.678527219999978,-0.3140743300000004,0,0,0,0,0,0
1004,21,1427,93,84.077698141,-30.763580623499998,181.0,2.324362244697726,5.434302803941864,-10.678527219999978,-0.4711114949999917,0,0,0,0,0,0
1004,21,1430,96,83.041252852,-30.826395489499998,181.0,2.324362244697726,5.434302803941864,-10.364452889999995,-0.4711114950000095,0,0,0,0,0,0
1004,21,1433,99,82.004807563,-30.8578029225,181.0,2.324362244697726,5.434302803941864,-10.364452889999995,-0.15703716500000908,0,0,0,0,0,0
1004,21,1436,102,80.968362274,-30.8578029225,181.0,2.324362244697726,5.434302803941864,-10.521490054999987,-0.15703716499999132,0,0,0,0,0,0
1004,21,1439,105,79.900509552,-30.889210355499998,181.0,2.324362244697726,5.434302803941864,-10.521490054999987,-0.6281486600000008,0,0,0,0,0,0
1004,21,1442,108,78.864064263,-30.9834326545,181.0,2.324362244697726,5.434302803941864,-10.364452890000067,-0.6281486600000008,0,0,0,0,0,0
1004,21,1445,111,77.82761897399999,-31.014840087499998,181.0,2.324362244697726,5.434302803941864,-10.207415725000004,-0.3140743300000004,0,0,0,0,0,0
1004,21,1448,114,76.822581118,-31.0462475205,181.0,2.324362244697726,5.434302803941864,-10.207415724999933,-0.4711114950000095,0,0,0,0,0,0
1004,21,1451,117,75.786135829,-31.1090623865,181.0,2.324362244697726,5.434302803941864,-10.521490055000058,-0.3140743300000004,0,0,0,0,0,0
1004,21,1454,120,74.71828310699999,-31.1090623865,181.0,2.324362244697726,5.434302803941864,-10.521490055000058,-0.15703716499999132,0,0,0,0,0,0
1004,21,1457,123,73.68183781799999,-31.140469819499998,181.0,2.324362244697726,5.434302803941864,-10.364452889999995,-0.4711114949999917,0,0,0,0,0,0
1004,21,1460,126,72.64539252899999,-31.203284685499998,181.0,2.324362244697726,5.434302803941864,-10.678527219999978,-0.3140743300000004,0,0,0,0,0,0
1004,21,1463,129,71.546132374,-31.203284685499998,181.0,2.324362244697726,5.434302803941864,-10.364452889999995,-0.15703716500000908,0,0,0,0,0,0
1004,21,1466,132,70.57250195099999,-31.2346921185,181.0,2.324362244697726,5.434302803941864,-10.207415725000004,-0.15703716500000908,0,0,0,0,0,0
1004,21,1469,135,69.504649229,-31.2346921185,181.0,2.324362244697726,5.434302803941864,-10.521490054999987,-0.4711114949999917,0,0,0,0,0,0
1004,21,1472,138,68.46820394,-31.3289144175,181.0,2.324362244697726,5.434302803941864,-10.521490054999987,-0.6281486600000008,0,0,0,0,0,0
1004,21,1475,141,67.400351218,-31.3603218505,181.0,2.324362244697726,5.434302803941864,-10.521490054999987,-0.15703716500000908,0,0,0,0,0,0
1004,21,1478,144,66.363905929,-31.3603218505,181.0,2.324362244697726,5.434302803941864,-10.364452889999995,0.0,0,0,0,0,0,0
1004,21,1481,147,65.32746064,-31.3603218505,181.0,2.324362244697726,5.434302803941864,-10.364452889999995,-0.15703716499999132,0,0,0,0,0,0
1004,21,1484,150,64.291015351,-31.3917292835,181.0,2.324362244697726,5.434302803941864,-10.521490055000022,-0.3140743300000004,0,0,0,0,0,0
1004,21,1487,153,63.223162628999994,-31.4231367165,181.0,2.324362244697726,5.434302803941864,-10.364452889999995,-0.4711114950000095,0,0,0,0,0,0
1004,21,1490,156,62.218124773,-31.4859515825,181.0,2.324362244697726,5.434302803941864,-10.482230763749989,-0.628148659999983,0,0,0,0,0,0
1004,21,1493,159,61.126716476249996,-31.548766448499997,181.0,2.324362244697726,5.434302803941864,-10.835564385000005,-0.31407432999998264,0,0,0,0,0,0
1004,21,1496,162,60.051011896,-31.548766448499997,181.0,2.324362244697726,5.434302803941864,-10.403712181249993,0.0,0,0,0,0,0,0
1004,21,1499,165,59.04597404,-31.548766448499997,181.0,2.324362244697726,5.434302803941864,-8.63704407500002,-0.15703716500000908,0,0,0,0,0,0
1004,21,1501,167,58.323603080999995,-31.5801738815,181.0,2.324362244697726,5.434302803941864,-8.794081240000011,-0.15703716500000908,0,0,0,0,0,0
1004,21,1504,170,57.287157791999995,-31.5801738815,181.0,2.324362244697726,5.434302803941864,-10.207415724999969,-0.15703716499999132,0,0,0,0,0,0
1004,21,1507,173,56.282119936,-31.611581314499997,181.0,2.324362244697726,5.434302803941864,-10.207415725000004,-0.3140743300000004,0,0,0,0,0,0
1004,21,1510,176,55.245674646999994,-31.6429887475,181.0,2.324362244697726,5.434302803941864,-10.050378560000013,-0.3140743300000004,0,0,0,0,0,0
1004,21,1513,179,54.272044224,-31.674396180499997,181.0,2.324362244697726,5.434302803941864,-10.207415724999969,-0.15703716499999132,0,0,0,0,0,0
1004,21,1516,182,53.204191502,-31.674396180499997,181.0,2.324362244697726,5.434302803941864,-10.678527220000014,-0.15703716500000908,0,0,0,0,0,0
1004,21,1519,185,52.136338779999996,-31.7058036135,181.0,2.324362244697726,5.434302803941864,-10.521490055000022,-0.3140743300000004,0,0,0,0,0,0
1004,21,1522,188,51.099893490999996,-31.737211046499997,181.0,2.324362244697726,5.434302803941864,-10.521490054999987,-0.15703716499999132,0,0,0,0,0,0
1004,21,1525,191,50.032040769,-31.737211046499997,181.0,2.324362244697726,5.434302803941864,-10.207415725000004,0.0,0,0,0,0,0,0
1004,21,1528,194,49.058410345999995,-31.737211046499997,181.0,2.324362244697726,5.434302803941864,-10.364452889999995,-0.15703716500000908,0,0,0,0,0,0
1004,21,1531,197,47.959150191,-31.7686184795,181.0,2.324362244697726,5.434302803941864,-10.678527219999978,0.0,0,0,0,0,0,0
1004,21,1534,200,46.922704902,-31.737211046499997,181.0,2.324362244697726,5.434302803941864,-10.678527220000014,-0.3140743300000004,0,0,0,0,0,0
1004,21,1537,203,45.823444746999996,-31.8314333455,181.0,2.324362244697726,5.434302803941864,-10.678527220000014,-0.7851858250000099,0,0,0,0,0,0
1004,21,1540,206,44.786999458,-31.8942482115,181.0,2.324362244697726,5.434302803941864,-10.207415725000004,-0.15703716499999132,0,0,0,0,0,0
1004,21,1543,209,43.781961601999996,-31.862840778499997,181.0,2.324362244697726,5.434302803941864,-10.050378559999977,0.0,0,0,0,0,0,0
1004,21,1546,212,42.776923746,-31.8942482115,181.0,2.324362244697726,5.434302803941864,-10.521490054999987,-0.4711114950000095,0,0,0,0,0,0
1004,21,1549,215,41.677663591,-31.9570630775,181.0,2.324362244697726,5.434302803941864,-10.521490055000022,-0.3140743300000004,0,0,0,0,0,0
1004,21,1552,218,40.672625735,-31.9570630775,181.0,2.324362244697726,5.434302803941864,-10.207415725000004,-0.3140743300000004,0,0,0,0,0,0
1004,21,1555,221,39.636180446,-32.0198779435,181.0,2.324362244697726,5.434302803941864,-10.207415725000004,-0.4711114949999917,0,0,0,0,0,0
1004,21,1558,224,38.631142589999996,-32.0512853765,181.0,2.324362244697726,5.434302803941864,-10.364452889999995,-0.4711114950000095,0,0,0,0,0,0
1004,21,1561,227,37.563289868,-32.1141002425,181.0,2.324362244697726,5.434302803941864,-10.678527219999978,-0.4711114950000095,0,0,0,0,0,0
1004,21,1564,230,36.495437146,-32.1455076755,181.0,2.324362244697726,5.434302803941864,-10.364452889999995,-0.31407432999998264,0,0,0,0,0,0
1004,21,1567,233,35.49039929,-32.1769151085,181.0,2.324362244697726,5.434302803941864,-10.050378560000013,-0.31407432999998264,0,0,0,0,0,0
1004,21,1570,236,34.485361434,-32.208322541499996,181.0,2.324362244697726,5.434302803941864,-10.207415725000004,-0.15703716499999132,0,0,0,0,0,0
1004,21,1573,239,33.448916145,-32.208322541499996,181.0,2.324362244697726,5.434302803941864,-10.050378560000013,-0.15703716500002685,0,0,0,0,0,0
1004,21,1576,242,32.475285721999995,-32.2397299745,181.0,2.324362244697726,5.434302803941864,-9.893341395000004,-0.15703716500002685,0,0,0,0,0,0
1004,21,1579,245,31.470247865999998,-32.2397299745,181.0,2.324362244697726,5.434302803941864,-10.050378559999977,-0.31407432999998264,0,0,0,0,0,0
1004,21,1582,248,30.46521001,-32.3025448405,181.0,2.324362244697726,5.434302803941864,-10.364452889999995,-0.47111149499997396,0,0,0,0,0,0
1004,21,1585,251,29.397357288,-32.333952273499996,181.0,2.324362244697726,5.434302803941864,-10.364452890000013,-0.31407433000001816,0,0,0,0,0,0
1004,21,1588,254,28.392319431999997,-32.3653597065,181.0,2.324362244697726,5.434302803941864,-10.050378559999995,-0.31407433000001816,0,0,0,0,0,0
1004,21,1591,257,27.387281576,-32.3967671395,181.0,2.324362244697726,5.434302803941864,-10.050378559999995,-0.15703716499999132,0,0,0,0,0,0
1004,21,1594,260,26.382243719999998,-32.3967671395,181.0,2.324362244697726,5.434302803941864,-10.050378559999995,0.0,0,0,0,0,0,0
1004,21,1597,263,25.377205864,-32.3967671395,181.0,2.324362244697726,5.434302803941864,-10.050378559999995,-0.31407432999998264,0,0,0,0,0,0
1004,21,1600,266,24.372168008,-32.459582005499996,181.0,2.324362244697726,5.434302803941864,-10.207415725000004,-0.31407432999998264,0,0,0,0,0,0
1004,21,1603,269,23.335722719,-32.459582005499996,181.0,2.324362244697726,5.434302803941864,-10.207415725000004,-0.15703716500002685,0,0,0,0,0,0
1004,21,1606,272,22.330684863,-32.4909894385,181.0,2.324362244697726,5.434302803941864,-10.521490055000005,0.0,0,0,0,0,0,0
1004,21,1609,275,21.231424708,-32.459582005499996,181.0,2.324362244697726,5.434302803941864,-10.207415725000004,0.0,0,0,0,0,0,0
1004,21,1612,278,20.289201717999997,-32.4909894385,181.0,2.324362244697726,5.434302803941864,-10.050378559999995,-0.15703716500002685,0,0,0,0,0,0
1004,21,1615,281,19.221348996,-32.4909894385,181.0,2.324362244697726,5.434302803941864,-10.521490054999987,-0.15703716499999132,0,0,0,0,0,0
1004,21,1618,284,18.184903707,-32.5223968715,181.0,2.324362244697726,5.434302803941864,-10.207415725000004,-0.31407432999998264,0,0,0,0,0,0
1004,21,1621,287,17.179865851,-32.5538043045,181.0,2.324362244697726,5.434302803941864,-10.207415725000004,-0.15703716499999132,0,0,0,0,0,0
1004,21,1624,290,16.143420562,-32.5538043045,181.0,2.324362244697726,5.434302803941864,-10.364452889999995,0.0,0,0,0,0,0,0
1004,21,1627,293,15.106975273,-32.5538043045,181.0,2.324362244697726,5.434302803941864,-10.835564384999996,0.15703716499999132,0,0,0,0,0,0
1004,21,1630,296,13.976307685,-32.5223968715,181.0,2.324362244697726,5.434302803941864,-10.835564385000005,-0.15703716499999132,0,0,0,0,0,0
1004,21,1633,299,12.939862395999999,-32.585211737499996,181.0,2.324362244697726,5.434302803941864,-10.521490055000005,-0.31407432999998264,0,0,0,0,0,0
1004,21,1636,302,11.872009674,-32.585211737499996,181.0,2.324362244697726,5.434302803941864,-10.521490054999996,-0.15703716500002685,0,0,0,0,0,0
1004,21,1639,305,10.835564385,-32.6166191705,181.0,2.324362244697726,5.434302803941864,-10.992601549999996,-0.31407433000001816,0,0,0,0,0,0
1004,21,1642,308,9.673489364,-32.6480266035,181.0,2.324362244697726,5.434302803941864,-11.306675879999997,0.0,0,0,0,0,0,0
1004,21,1645,311,8.574229209,-32.6166191705,181.0,2.324362244697726,5.434302803941864,-11.463713045000002,0.15703716499999132,0,0,0,0,0,0
1004,21,1648,314,7.380746755,-32.6166191705,181.0,2.324362244697726,5.434302803941864,-11.149638715000002,0.0,0,0,0,0,0,0
1004,21,1651,317,6.344301466,-32.6166191705,181.0,2.324362244697726,5.434302803941864,-10.521490055000001,-0.15703716499999132,0,0,0,0,0,0
1004,21,1654,320,5.276448744,-32.6480266035,181.0,2.324362244697726,5.434302803941864,-10.835564385000001,-0.15703716499999132,0,0,0,0,0,0
1004,21,1657,323,4.177188589,-32.6480266035,181.0,2.324362244697726,5.434302803941864,-10.992601549999998,0.0,0,0,0,0,0,0
1004,21,1660,326,3.077928434,-32.6480266035,181.0,2.324362244697726,5.434302803941864,-10.99260155,0.0,0,0,0,0,0,0
1004,27,1373,0,4.1300774395,-39.1179578015,359.5,2.8587665929166053,6.22065421048637,16.960013819999993,-0.31407432999998264,0,0,0,0,0,0
1004,27,1376,3,5.8260788214999994,-39.149365234499996,359.5,2.8587665929166053,6.22065421048637,17.117050985,0.31407432999998264,0,0,0,0,0,0
1004,27,1379,6,7.5534876365,-39.0551429355,359.5,2.8587665929166053,6.22065421048637,17.117050985000006,0.47111149499997396,0,0,0,0,0,0
1004,27,1382,9,9.2494890185,-39.0551429355,359.5,2.8587665929166053,6.22065421048637,17.588162479999994,0.15703716500002685,0,0,0,0,0,0
1004,27,1385,12,11.071120132499999,-39.023735502499996,359.5,2.8587665929166053,6.22065421048637,17.588162479999994,-0.15703716499999132,0,0,0,0,0,0
1004,27,1388,15,12.7671215145,-39.0865503685,359.5,2.8587665929166053,6.22065421048637,16.960013820000004,-0.15703716500002685,0,0,0,0,0,0
1004,27,1391,18,14.4631228965,-39.0551429355,359.5,2.8587665929166053,6.22065421048637,16.802976655000002,-0.15703716499999132,0,0,0,0,0,0
1004,27,1394,21,16.1277168455,-39.1179578015,359.5,2.8587665929166053,6.22065421048637,16.488902324999994,-0.15703716499999132,0,0,0,0,0,0
1004,27,1397,24,17.7609033615,-39.0865503685,359.5,2.8587665929166053,6.22065421048637,16.488902324999994,0.15703716499999132,0,0,0,0,0,0
1004,27,1400,27,19.4254973105,-39.0865503685,359.5,2.8587665929166053,6.22065421048637,16.645939490000004,0.0,0,0,0,0,0,0
1004,27,1403,30,21.0900912595,-39.0865503685,359.5,2.8587665929166053,6.22065421048637,16.645939490000004,-0.15703716499999132,0,0,0,0,0,0
1004,27,1406,33,22.7546852085,-39.1179578015,359.5,2.8587665929166053,6.22065421048637,16.802976654999995,-0.15703716499999132,0,0,0,0,0,0
1004,27,1409,36,24.4506865905,-39.1179578015,0.5,2.8587665929166053,6.22065421048637,16.802976654999995,0.0,0,0,0,0,0,0
1004,27,1412,39,26.1152805395,-39.1179578015,0.5,2.8587665929166053,6.22065421048637,16.960013820000004,0.0,0,0,0,0,0,0
1004,27,1415,42,27.8426893545,-39.1179578015,0.5,2.8587665929166053,6.22065421048637,16.802976654999995,0.0,0,0,0,0,0,0
1004,27,1418,45,29.475875870499998,-39.1179578015,0.5,2.8587665929166053,6.22065421048637,16.331865160000003,-0.15703716499999132,0,0,0,0,0,0
1004,27,1421,48,31.1090623865,-39.149365234499996,0.5,2.8587665929166053,6.22065421048637,16.960013819999986,-0.15703716499999132,0,0,0,0,0,0
1004,27,1424,51,32.867878634499995,-39.149365234499996,0.5,2.8587665929166053,6.22065421048637,16.802976654999995,0.31407432999998264,0,0,0,0,0,0
1004,27,1427,54,34.4696577175,-39.0865503685,0.5,2.8587665929166053,6.22065421048637,16.488902325000012,0.31407432999998264,0,0,0,0,0,0
1004,27,1430,57,36.1656590995,-39.0865503685,0.5,2.8587665929166053,6.22065421048637,17.588162479999987,0.0,0,0,0,0,0,0
1004,27,1433,60,37.987290213499996,-39.0865503685,0.5,2.8587665929166053,6.22065421048637,17.234828858750006,0.15703716499999132,0,0,0,0,0,0
1004,27,1436,63,39.61262487125,-39.0551429355,0.5,2.8587665929166053,6.22065421048637,16.410383742500017,0.07851858249999566,0,0,0,0,0,0
1004,27,1439,66,41.269366962,-39.070846652,1.5,2.8587665929166053,6.22065421048637,16.92075452874999,0.07851858250003119,0,0,0,0,0,0
1004,27,1442,69,42.996775776999996,-39.039439218999995,1.5,2.8587665929166053,6.22065421048637,17.274088150000004,0.4711114950000095,0,0,0,0,0,0
1004,27,1445,72,44.724184592,-38.976624353,1.5,2.8587665929166053,6.22065421048637,16.802976654999995,0.31407432999998264,0,0,0,0,0,0
1004,27,1448,75,46.357371107999995,-38.976624353,1.5,2.8587665929166053,6.22065421048637,16.802976654999995,0.15703716499999132,0,0,0,0,0,0
1004,27,1451,78,48.084779923,-38.94521692,1.5,2.8587665929166053,6.22065421048637,17.274088150000004,0.6281486600000008,0,0,0,0,0,0
1004,27,1454,81,49.812188737999996,-38.850994621,1.5,2.8587665929166053,6.22065421048637,17.117050984999977,0.6281486600000008,0,0,0,0,0,0
1004,27,1457,84,51.508190119999995,-38.819587188,1.5,2.8587665929166053,6.22065421048637,17.274088150000004,0.6281486600000008,0,0,0,0,0,0
1004,27,1460,87,53.267006368,-38.725364889,1.5,2.8587665929166053,6.22065421048637,16.96001382000002,0.6281486600000008,0,0,0,0,0,0
1004,27,1463,90,54.900192884,-38.693957456,1.5,2.8587665929166053,6.22065421048637,16.960013819999986,0.31407432999998264,0,0,0,0,0,0
1004,27,1466,93,56.659009131999994,-38.662550023,1.5,2.8587665929166053,6.22065421048637,16.960013819999986,0.7851858249999921,0,0,0,0,0,0
1004,27,1469,96,58.292195647999996,-38.536920291,1.5,2.8587665929166053,6.22065421048637,16.645939490000004,0.7851858250000276,0,0,0,0,0,0
1004,27,1472,99,59.988197029999995,-38.505512857999996,1.5,2.8587665929166053,6.22065421048637,17.117050985000013,0.6281486600000008,0,0,0,0,0,0
1004,27,1475,102,61.715605845,-38.411290559,1.5,2.8587665929166053,6.22065421048637,17.274088150000004,0.9422229899999834,0,0,0,0,0,0
1004,27,1478,105,63.443014659999996,-38.31706826,1.5,2.8587665929166053,6.22065421048637,17.27408814999997,0.7851858250000276,0,0,0,0,0,0
1004,27,1481,108,65.17042347499999,-38.254253393999996,1.5,2.8587665929166053,6.22065421048637,16.80297665500003,0.4711114950000095,0,0,0,0,0,0
1004,27,1484,111,66.803609991,-38.222845961,1.5,2.8587665929166053,6.22065421048637,16.802976654999995,0.7851858249999921,0,0,0,0,0,0
1004,27,1487,114,68.53101880599999,-38.097216229,1.5,2.8587665929166053,6.22065421048637,17.27408814999997,1.2562973200000016,0,0,0,0,0,0
1004,27,1490,117,70.258427621,-37.971586497,1.5,2.8587665929166053,6.22065421048637,17.11705098500005,0.7851858249999921,0,0,0,0,0,0
1004,27,1493,120,71.954429003,-37.940179064,1.5,2.8587665929166053,6.22065421048637,16.960013819999986,0.7851858249999921,0,0,0,0,0,0
1004,27,1496,123,73.65043038499999,-37.814549332,1.5,2.8587665929166053,6.22065421048637,17.117050984999977,1.2562973200000016,0,0,0,0,0,0
1004,27,1499,126,75.3778392,-37.6889196,1.5,2.8587665929166053,6.22065421048637,14.447419179999983,1.2562973200000016,0,0,0,0,0,0
1004,27,1501,128,76.53991422099999,-37.563289868,1.5,2.8587665929166053,6.22065421048637,14.447419179999983,1.0992601550000103,0,0,0,0,0,0
1004,27,1504,131,78.267323036,-37.469067568999996,1.5,2.8587665929166053,6.22065421048637,17.11705098500005,1.2562973200000016,0,0,0,0,0,0
1004,27,1507,134,79.963324418,-37.312030404,1.5,2.8587665929166053,6.22065421048637,17.43112531500003,0.9422229899999834,0,0,0,0,0,0
1004,27,1510,137,81.753548099,-37.280622971,1.5,2.8587665929166053,6.22065421048637,17.745199645000014,1.0992601550000103,0,0,0,0,0,0
1004,27,1513,140,83.512364347,-37.092178372999996,1.5,2.8587665929166053,6.22065421048637,17.43112531499996,1.413334484999993,0,0,0,0,0,0
1004,27,1516,143,85.23977316199999,-36.997956074,1.5,2.8587665929166053,6.22065421048637,17.43112531499996,1.0992601549999748,0,0,0,0,0,0
1004,27,1519,146,86.99858941,-36.872326342,1.5,2.8587665929166053,6.22065421048637,17.11705098500005,0.942222990000019,0,0,0,0,0,0
1004,27,1522,149,88.663183359,-36.809511476,1.5,2.8587665929166053,6.22065421048637,16.802976654999995,0.7851858250000276,0,0,0,0,0,0
1004,27,1525,152,90.35918474099999,-36.715289176999995,1.5,2.8587665929166053,6.22065421048637,17.117050984999977,1.0992601550000103,0,0,0,0,0,0
1004,27,1528,155,92.086593556,-36.589659444999995,1.5,2.8587665929166053,6.22065421048637,17.43112531500003,0.6281486600000008,0,0,0,0,0,0
1004,27,1531,158,93.845409804,-36.589659444999995,1.5,2.8587665929166053,6.22065421048637,17.27408814999997,0.15703716499999132,0,0,0,0,0,0
1004,27,1534,161,95.54141118599999,-36.558252012,1.5,2.8587665929166053,6.22065421048637,17.27408814999997,0.31407432999998264,0,0,0,0,0,0
1004,27,1537,164,97.30022743399999,-36.526844579,1.5,2.8587665929166053,6.22065421048637,17.43112531500003,0.6281486600000008,0,0,0,0,0,0
1004,27,1540,167,99.027636249,-36.43262228,1.5,2.8587665929166053,6.22065421048637,17.27408815000004,0.4711114950000095,0,0,0,0,0,0
1004,27,1543,170,100.755045064,-36.43262228,1.5,2.8587665929166053,6.22065421048637,17.117050984999977,0.15703716499999132,0,0,0,0,0,0
1004,27,1546,173,102.45104644599999,-36.401214847,1.5,2.8587665929166053,6.22065421048637,17.117050984999977,0.15703716499999132,0,0,0,0,0,0
1004,27,1549,176,104.178455261,-36.401214847,1.5,2.8587665929166053,6.22065421048637,17.27408815000004,0.15703716499999132,0,0,0,0,0,0
1004,27,1552,179,105.905864076,-36.369807414,1.5,2.8587665929166053,6.22065421048637,17.43112531499996,0.31407433000001816,0,0,0,0,0,0
1004,27,1555,182,107.66468032399999,-36.338399980999995,1.5,2.8587665929166053,6.22065421048637,17.745199644999943,0.4711114950000095,0,0,0,0,0,0
1004,27,1558,185,109.45490400499999,-36.275585115,1.5,2.8587665929166053,6.22065421048637,16.960013820000057,0.31407432999998264,0,0,0,0,0,0
1004,27,1561,188,111.056683088,-36.275585115,1.5,2.8587665929166053,6.22065421048637,16.960013820000057,0.31407433000001816,0,0,0,0,0,0
1004,27,1564,191,112.846906769,-36.212770248999995,1.5,2.8587665929166053,6.22065421048637,16.960013819999986,0.4711114950000095,0,0,0,0,0,0
1004,27,1567,194,114.448685852,-36.181362816,1.5,2.8587665929166053,6.22065421048637,16.802976654999995,0.15703716499999132,0,0,0,0,0,0
1004,27,1570,197,116.2075021,-36.181362816,1.5,2.8587665929166053,6.22065421048637,17.588162480000022,0.0,0,0,0,0,0,0
1004,22,1400,0,117.18113252299999,-29.397357288,180.5,2.5127909287890184,5.3082278495847985,-8.480006909999958,0.0,0,0,0,0,0,0
1004,22,1403,3,116.33313183199999,-29.397357288,180.5,2.5127909287890184,5.3082278495847985,-8.79408123999994,0.0,0,0,0,0,0,0
1004,22,1406,6,115.422316275,-29.397357288,180.5,2.5127909287890184,5.3082278495847985,-8.63704407500002,-0.3140743300000004,0,0,0,0,0,0
1004,22,1409,9,114.60572301699999,-29.460172154,180.5,2.5127909287890184,5.3082278495847985,-8.165932580000046,-0.3140743300000004,0,0,0,0,0,0
1004,22,1412,12,113.78912975899999,-29.460172154,180.5,2.5127909287890184,5.3082278495847985,-8.637044074999949,-0.15703716499999132,0,0,0,0,0,0
1004,22,1415,15,112.878314202,-29.491579586999997,180.5,2.5127909287890184,5.3082278495847985,-8.008895414999984,-0.3140743300000004,0,0,0,0,0,0
1004,22,1418,18,112.187350676,-29.52298702,180.5,2.5127909287890184,5.3082278495847985,-7.851858249999992,0.0,0,0,0,0,0,0
1004,22,1421,21,111.307942552,-29.491579586999997,180.5,2.5127909287890184,5.3082278495847985,-8.322969744999966,0.0,0,0,0,0,0,0
1004,22,1424,24,110.522756727,-29.52298702,180.5,2.5127909287890184,5.3082278495847985,-8.322969745000037,-0.3140743300000004,0,0,0,0,0,0
1004,22,1427,27,109.64334860299999,-29.554394452999997,180.5,2.5127909287890184,5.3082278495847985,-8.480006910000029,-0.15703716499999132,0,0,0,0,0,0
1004,22,1430,30,108.826755345,-29.554394452999997,180.5,2.5127909287890184,5.3082278495847985,-7.851858249999992,-0.15703716500000908,0,0,0,0,0,0
1004,22,1433,33,108.072976953,-29.585801886,180.5,2.5127909287890184,5.3082278495847985,-8.322969744999966,-0.3140743300000004,0,0,0,0,0,0
1004,22,1436,36,107.162161396,-29.617209318999997,180.5,2.5127909287890184,5.3082278495847985,-8.794081240000011,-0.15703716499999132,0,0,0,0,0,0
1004,22,1439,39,106.31416070499999,-29.617209318999997,180.5,2.5127909287890184,5.3082278495847985,-8.165932580000046,-0.15703716500000908,0,0,0,0,0,0
1004,22,1442,42,105.52897487999999,-29.648616752,180.5,2.5127909287890184,5.3082278495847985,-7.851858249999992,-0.3140743300000004,0,0,0,0,0,0
1004,22,1445,45,104.743789055,-29.680024184999997,180.5,2.5127909287890184,5.3082278495847985,-8.480006909999958,-0.3140743300000004,0,0,0,0,0,0
1004,22,1448,48,103.832973498,-29.711431618,180.5,2.5127909287890184,5.3082278495847985,-8.322969744999966,-0.3140743300000004,0,0,0,0,0,0
1004,22,1451,51,103.079195106,-29.742839050999997,180.5,2.5127909287890184,5.3082278495847985,-8.480006910000029,-0.3140743300000004,0,0,0,0,0,0
1004,22,1454,54,102.136972116,-29.774246484,180.5,2.5127909287890184,5.3082278495847985,-8.951118405000003,-0.3140743300000004,0,0,0,0,0,0
1004,22,1457,57,101.288971425,-29.805653916999997,180.5,2.5127909287890184,5.3082278495847985,-8.322969744999966,-0.3140743300000004,0,0,0,0,0,0
1004,22,1460,60,100.472378167,-29.83706135,180.5,2.5127909287890184,5.3082278495847985,-8.480006910000029,-0.15703716500000908,0,0,0,0,0,0
1004,22,1463,63,99.592970043,-29.83706135,180.5,2.5127909287890184,5.3082278495847985,-9.108155570000065,-0.15703716499999132,0,0,0,0,0,0
1004,22,1466,66,98.65074705299999,-29.868468782999997,180.5,2.5127909287890184,5.3082278495847985,-9.108155569999994,-0.3140743300000004,0,0,0,0,0,0
1004,22,1469,69,97.771338929,-29.899876216,180.5,2.5127909287890184,5.3082278495847985,-8.637044074999949,-0.4711114950000095,0,0,0,0,0,0
1004,22,1472,72,96.923338238,-29.962691082,180.5,2.5127909287890184,5.3082278495847985,-8.951118405000003,-0.4711114949999917,0,0,0,0,0,0
1004,22,1475,75,95.981115248,-29.994098514999997,180.5,2.5127909287890184,5.3082278495847985,-9.422229900000048,-0.3140743300000004,0,0,0,0,0,0
1004,22,1478,78,95.03889225799999,-30.025505948,180.5,2.5127909287890184,5.3082278495847985,-8.951118405000003,-0.4711114950000095,0,0,0,0,0,0
1004,22,1481,81,94.190891567,-30.088320814,180.5,2.5127909287890184,5.3082278495847985,-8.951118405000003,-0.3140743300000004,0,0,0,0,0,0
1004,22,1484,84,93.24866857699999,-30.088320814,180.5,2.5127909287890184,5.3082278495847985,-9.422229899999977,-0.15703716499999132,0,0,0,0,0,0
1004,22,1487,87,92.306445587,-30.119728246999998,180.5,2.5127909287890184,5.3082278495847985,-9.422229899999977,-0.3140743300000004,0,0,0,0,0,0
1004,22,1490,90,91.364222597,-30.15113568,180.5,2.5127909287890184,5.3082278495847985,-9.422229900000048,-0.3140743300000004,0,0,0,0,0,0
1004,22,1493,93,90.42199960699999,-30.182543112999998,180.5,2.5127909287890184,5.3082278495847985,-9.422229899999977,-0.4711114949999917,0,0,0,0,0,0
1004,22,1496,96,89.479776617,-30.245357978999998,180.5,2.5127909287890184,5.3082278495847985,-9.422229899999977,-0.3140743300000004,0,0,0,0,0,0
1004,22,1499,99,88.537553627,-30.245357978999998,180.5,2.5127909287890184,5.3082278495847985,-7.851858249999992,-0.15703716500000908,0,0,0,0,0,0
1004,22,1501,101,87.909404967,-30.276765412,180.5,2.5127909287890184,5.3082278495847985,-7.851858249999992,-0.3140743300000004,0,0,0,0,0,0
1004,22,1504,104,86.967181977,-30.308172844999998,180.5,2.5127909287890184,5.3082278495847985,-9.422229900000048,-0.3140743300000004,0,0,0,0,0,0
1004,22,1507,107,86.02495898699999,-30.339580278,180.5,2.5127909287890184,5.3082278495847985,-9.422229899999977,-0.15703716500000908,0,0,0,0,0,0
1004,22,1510,110,85.082735997,-30.339580278,180.5,2.5127909287890184,5.3082278495847985,-9.579267064999968,-0.15703716499999132,0,0,0,0,0,0
1004,22,1513,113,84.109105574,-30.370987710999998,180.5,2.5127909287890184,5.3082278495847985,-9.579267065000039,-0.3140743300000004,0,0,0,0,0,0
1004,22,1516,116,83.16688258399999,-30.402395144,180.5,2.5127909287890184,5.3082278495847985,-9.73630423000003,-0.3140743300000004,0,0,0,0,0,0
1004,22,1519,119,82.16184472799999,-30.433802576999998,180.5,2.5127909287890184,5.3082278495847985,-9.73630422999996,-0.3140743300000004,0,0,0,0,0,0
1004,22,1522,122,81.219621738,-30.46521001,180.5,2.5127909287890184,5.3082278495847985,-9.422229899999977,-0.3140743300000004,0,0,0,0,0,0
1004,22,1525,125,80.277398748,-30.496617442999998,180.5,2.5127909287890184,5.3082278495847985,-9.579267065000039,-0.3140743300000004,0,0,0,0,0,0
1004,22,1528,128,79.303768325,-30.528024876,180.5,2.5127909287890184,5.3082278495847985,-9.893341395000022,-0.3140743300000004,0,0,0,0,0,0
1004,22,1531,131,78.29873046899999,-30.559432308999998,180.5,2.5127909287890184,5.3082278495847985,-9.73630422999996,-0.3140743300000004,0,0,0,0,0,0
1004,22,1534,134,77.356507479,-30.590839742,180.5,2.5127909287890184,5.3082278495847985,-9.422229899999977,-0.3140743300000004,0,0,0,0,0,0
1004,22,1537,137,76.414284489,-30.622247175,180.5,2.5127909287890184,5.3082278495847985,-9.579267065000039,-0.3140743300000004,0,0,0,0,0,0
1004,22,1540,140,75.440654066,-30.653654608,180.5,2.5127909287890184,5.3082278495847985,-9.893341395000022,-0.15703716500000908,0,0,0,0,0,0
1004,22,1543,143,74.43561620999999,-30.653654608,180.5,2.5127909287890184,5.3082278495847985,-9.89334139499995,-0.15703716499999132,0,0,0,0,0,0
1004,22,1546,146,73.461985787,-30.685062041,180.5,2.5127909287890184,5.3082278495847985,-9.73630422999996,-0.4711114949999917,0,0,0,0,0,0
1004,22,1549,149,72.488355364,-30.747876907,180.5,2.5127909287890184,5.3082278495847985,-9.73630423000003,-0.3140743300000004,0,0,0,0,0,0
1004,22,1552,152,71.514724941,-30.747876907,180.5,2.5127909287890184,5.3082278495847985,-9.73630423000003,-0.15703716500000908,0,0,0,0,0,0
1004,22,1555,155,70.541094518,-30.77928434,180.5,2.5127909287890184,5.3082278495847985,-9.893341395000022,-0.3140743300000004,0,0,0,0,0,0
1004,22,1558,158,69.536056662,-30.810691773,180.5,2.5127909287890184,5.3082278495847985,-10.207415725000004,-0.4711114949999917,0,0,0,0,0,0
1004,22,1561,161,68.499611373,-30.873506639,180.5,2.5127909287890184,5.3082278495847985,-10.364452889999995,-0.3140743300000004,0,0,0,0,0,0
1004,22,1564,164,67.463166084,-30.873506639,180.5,2.5127909287890184,5.3082278495847985,-10.207415725000004,-0.15703716499999132,0,0,0,0,0,0
1004,22,1567,167,66.45812822799999,-30.904914071999997,180.5,2.5127909287890184,5.3082278495847985,-10.207415725000004,-0.15703716499999132,0,0,0,0,0,0
1004,22,1570,170,65.421682939,-30.904914071999997,180.5,2.5127909287890184,5.3082278495847985,-10.364452889999995,0.0,0,0,0,0,0,0
1004,22,1573,173,64.38523765,-30.904914071999997,180.5,2.5127909287890184,5.3082278495847985,-10.207415724999969,-0.15703716500000908,0,0,0,0,0,0
1004,22,1576,176,63.380199794,-30.936321505,180.5,2.5127909287890184,5.3082278495847985,-10.207415724999969,-0.6281486600000008,0,0,0,0,0,0
1004,22,1579,179,62.343754505,-31.030543803999997,180.5,2.5127909287890184,5.3082278495847985,-10.207415725000004,-0.6281486600000008,0,0,0,0,0,0
1004,22,1582,182,61.338716649,-31.061951237,180.5,2.5127909287890184,5.3082278495847985,-10.207415725000004,-0.15703716500000908,0,0,0,0,0,0
1004,22,1585,185,60.30227136,-31.061951237,180.5,2.5127909287890184,5.3082278495847985,-10.521490055000022,-0.3140743300000004,0,0,0,0,0,0
1004,22,1588,188,59.234418637999994,-31.124766103,180.5,2.5127909287890184,5.3082278495847985,-10.364452889999995,-0.3140743300000004,0,0,0,0,0,0
1004,22,1591,191,58.229380782,-31.124766103,180.5,2.5127909287890184,5.3082278495847985,-10.207415724999969,0.0,0,0,0,0,0,0
1004,22,1594,194,57.192935493,-31.124766103,180.5,2.5127909287890184,5.3082278495847985,-10.207415725000004,0.0,0,0,0,0,0,0
1004,22,1597,197,56.187897637,-31.124766103,180.5,2.5127909287890184,5.3082278495847985,-10.207415725000004,0.0,0,0,0,0,0,0
1004,22,1600,200,55.151452348,-31.124766103,180.5,2.5127909287890184,5.3082278495847985,-10.364452889999995,-0.15703716499999132,0,0,0,0,0,0
1004,22,1603,203,54.115007059,-31.156173535999997,180.5,2.5127909287890184,5.3082278495847985,-10.364452889999995,-0.4711114949999917,0,0,0,0,0,0
1004,22,1606,206,53.07856177,-31.218988401999997,180.5,2.5127909287890184,5.3082278495847985,-10.364452889999995,-0.3140743300000004,0,0,0,0,0,0
1004,22,1609,209,52.042116481,-31.218988401999997,180.5,2.5127909287890184,5.3082278495847985,-10.364452890000031,-0.6281486600000008,0,0,0,0,0,0
1004,22,1612,212,51.005671191999994,-31.344618133999997,180.5,2.5127909287890184,5.3082278495847985,-10.364452890000031,-0.6281486600000008,0,0,0,0,0,0
1004,22,1615,215,49.969225902999995,-31.344618133999997,180.5,2.5127909287890184,5.3082278495847985,-10.207415724999969,-0.15703716500000908,0,0,0,0,0,0
1004,22,1618,218,48.964188047,-31.376025567,180.5,2.5127909287890184,5.3082278495847985,-10.207415724999969,-0.3140743300000004,0,0,0,0,0,0
1004,22,1621,221,47.927742758,-31.407432999999997,180.5,2.5127909287890184,5.3082278495847985,-10.050378560000013,-0.15703716499999132,0,0,0,0,0,0
1004,22,1624,224,46.954112335,-31.407432999999997,180.5,2.5127909287890184,5.3082278495847985,-9.893341395000022,-0.3140743300000004,0,0,0,0,0,0
1004,22,1627,227,45.949074479,-31.470247865999998,180.5,2.5127909287890184,5.3082278495847985,-10.050378560000013,-0.6281486600000008,0,0,0,0,0,0
1004,22,1630,230,44.944036622999995,-31.533062731999998,180.5,2.5127909287890184,5.3082278495847985,-10.207415725000004,-0.4711114950000095,0,0,0,0,0,0
1004,22,1633,233,43.907591333999996,-31.564470165,180.5,2.5127909287890184,5.3082278495847985,-10.364452889999995,-0.3140743300000004,0,0,0,0,0,0
1004,22,1636,236,42.871146044999996,-31.595877597999998,180.5,2.5127909287890184,5.3082278495847985,-10.207415725000004,-0.3140743300000004,0,0,0,0,0,0
1004,22,1639,239,41.866108188999995,-31.627285031,180.5,2.5127909287890184,5.3082278495847985,-10.364452889999995,-0.15703716500000908,0,0,0,0,0,0
1004,22,1642,242,40.798255467,-31.627285031,180.5,2.5127909287890184,5.3082278495847985,-10.364452889999995,-0.3140743300000004,0,0,0,0,0,0
1004,22,1645,245,39.793217610999996,-31.690099897,180.5,2.5127909287890184,5.3082278495847985,-10.207415725000004,-0.4711114949999917,0,0,0,0,0,0
1004,22,1648,248,38.756772321999996,-31.721507329999998,180.5,2.5127909287890184,5.3082278495847985,-10.207415725000004,-0.6281486600000008,0,0,0,0,0,0
1004,22,1651,251,37.751734465999995,-31.815729629,180.5,2.5127909287890184,5.3082278495847985,-9.893341394999986,-0.7851858250000099,0,0,0,0,0,0
1004,22,1654,254,36.778104043,-31.878544495,180.5,2.5127909287890184,5.3082278495847985,-10.207415724999969,-0.4711114949999917,0,0,0,0,0,0
1004,22,1657,257,35.710251321,-31.909951927999998,180.5,2.5127909287890184,5.3082278495847985,-10.207415725000004,-0.3140743300000004,0,0,0,0,0,0
1004,22,1660,260,34.736620898,-31.941359361,180.5,2.5127909287890184,5.3082278495847985,-9.893341395000022,-0.3140743300000004,0,0,0,0,0,0
1004,22,1663,263,33.731583042,-31.972766793999998,180.5,2.5127909287890184,5.3082278495847985,-10.207415725000004,-0.15703716499999132,0,0,0,0,0,0
1004,22,1666,266,32.695137753,-31.972766793999998,180.5,2.5127909287890184,5.3082278495847985,-10.207415724999986,-0.15703716500000908,0,0,0,0,0,0
1004,22,1669,269,31.690099897,-32.004174227,180.5,2.5127909287890184,5.3082278495847985,-9.893341394999986,-0.6281486600000186,0,0,0,0,0,0
1004,22,1672,272,30.716469474,-32.098396526,180.5,2.5127909287890184,5.3082278495847985,-10.050378560000013,-0.6281486600000008,0,0,0,0,0,0
1004,22,1675,275,29.680024184999997,-32.129803959,180.5,2.5127909287890184,5.3082278495847985,-10.364452890000013,-0.31407432999998264,0,0,0,0,0,0
1004,22,1678,278,28.643578895999998,-32.161211392,180.5,2.5127909287890184,5.3082278495847985,-10.364452889999995,-0.31407432999998264,0,0,0,0,0,0
1004,22,1681,281,27.607133606999998,-32.192618825,180.5,2.5127909287890184,5.3082278495847985,-10.050378559999995,-0.15703716499999132,0,0,0,0,0,0
1004,22,1684,284,26.633503184,-32.192618825,180.5,2.5127909287890184,5.3082278495847985,-9.736304229999995,0.0,0,0,0,0,0,0
1004,22,1687,287,25.659872761,-32.192618825,180.5,2.5127909287890184,5.3082278495847985,-10.050378559999995,0.0,0,0,0,0,0,0
1004,22,1690,290,24.623427472,-32.192618825,180.5,2.5127909287890184,5.3082278495847985,-10.207415725000004,0.15703716499999132,0,0,0,0,0,0
1004,22,1693,293,23.618389615999998,-32.161211392,180.5,2.5127909287890184,5.3082278495847985,-9.893341395000004,0.0,0,0,0,0,0,0
1004,22,1696,296,22.644759193,-32.192618825,180.5,2.5127909287890184,5.3082278495847985,-9.736304229999995,-0.31407432999998264,0,0,0,0,0,0
1004,22,1699,299,21.67112877,-32.224026257999995,180.5,2.5127909287890184,5.3082278495847985,-9.893341395000004,-0.4711114950000095,0,0,0,0,0,0
1004,22,1702,302,20.666090913999998,-32.286841124,180.5,2.5127909287890184,5.3082278495847985,-10.050378559999995,-0.31407433000001816,0,0,0,0,0,0
1004,22,1705,305,19.661053058,-32.286841124,180.5,2.5127909287890184,5.3082278495847985,-10.207415724999986,-0.31407432999998264,0,0,0,0,0,0
1004,22,1708,308,18.624607769,-32.349655989999995,180.5,2.5127909287890184,5.3082278495847985,-10.207415725000004,-0.31407432999998264,0,0,0,0,0,0
1004,22,1711,311,17.619569913,-32.349655989999995,180.5,2.5127909287890184,5.3082278495847985,-9.893341395000004,0.0,0,0,0,0,0,0
1004,22,1714,314,16.64593949,-32.349655989999995,180.5,2.5127909287890184,5.3082278495847985,-10.050378560000004,-0.15703716500002685,0,0,0,0,0,0
1004,22,1717,317,15.609494200999999,-32.381063423,180.5,2.5127909287890184,5.3082278495847985,-10.364452890000004,-0.31407433000001816,0,0,0,0,0,0
1004,22,1720,320,14.573048911999999,-32.412470856,180.5,2.5127909287890184,5.3082278495847985,-10.050378559999995,-0.47111149499997396,0,0,0,0,0,0
1004,22,1723,323,13.599418489,-32.475285721999995,180.5,2.5127909287890184,5.3082278495847985,-10.207415724999995,-0.15703716499999132,0,0,0,0,0,0
1004,22,1726,326,12.531565767,-32.443878289,180.5,2.5127909287890184,5.3082278495847985,-10.521490055000005,-0.31407433000001816,0,0,0,0,0,0
1004,22,1729,329,11.495120477999999,-32.538100588,180.5,2.5127909287890184,5.3082278495847985,-10.050378560000004,-0.6281486600000008,0,0,0,0,0,0
1004,22,1732,332,10.521490055,-32.569508021,180.5,2.5127909287890184,5.3082278495847985,-10.521490054999996,-0.15703716499999132,0,0,0,0,0,0
1004,22,1735,335,9.390822467,-32.569508021,180.5,2.5127909287890184,5.3082278495847985,-10.835564384999996,-0.31407433000001816,0,0,0,0,0,0
1004,22,1738,338,8.354377178,-32.632322887,180.5,2.5127909287890184,5.3082278495847985,-10.67852722,-0.31407433000001816,0,0,0,0,0,0
1004,22,1741,341,7.2551170229999995,-32.632322887,180.5,2.5127909287890184,5.3082278495847985,-10.67852722,0.0,0,0,0,0,0,0
1004,22,1744,344,6.218671734,-32.632322887,180.5,2.5127909287890184,5.3082278495847985,-10.364452889999999,-0.31407432999998264,0,0,0,0,0,0
1004,22,1747,347,5.1822264449999995,-32.695137753,180.5,2.5127909287890184,5.3082278495847985,-10.835564385000001,-0.31407432999998264,0,0,0,0,0,0
1004,22,1750,350,4.051558857,-32.695137753,180.5,2.5127909287890184,5.3082278495847985,-10.992601549999998,0.0,0,0,0,0,0,0
1004,22,1753,353,2.983706135,-32.695137753,180.5,2.5127909287890184,5.3082278495847985,-10.67852722,0.0,0,0,0,0,0,0
1004,23,1567,0,117.3224659715,-24.968909234999998,181.5,2.356394857705086,6.063668387971679,-1.5703716500000553,0.0,0,0,0,0,0,0
1004,23,1570,3,117.16542880649999,-24.968909234999998,181.5,2.356394857705086,6.063668387971679,-1.5703716499999842,0.0,0,0,0,0,0,0
1004,23,1573,6,117.0083916415,-24.968909234999998,181.5,2.356394857705086,6.063668387971679,-1.5703716499999842,0.0,0,0,0,0,0,0
1004,23,1576,9,116.85135447649999,-24.968909234999998,181.5,2.356394857705086,6.063668387971679,-1.5703716499999842,0.0,0,0,0,0,0,0
1004,23,1579,12,116.6943173115,-24.968909234999998,181.5,2.356394857705086,6.063668387971679,-1.413334484999993,0.0,0,0,0,0,0,0
1004,23,1582,15,116.5686875795,-24.968909234999998,181.5,2.356394857705086,6.063668387971679,-1.2562973200000016,0.0,0,0,0,0,0,0
1004,23,1585,18,116.4430578475,-24.968909234999998,181.5,2.356394857705086,6.063668387971679,-1.413334484999993,0.0,0,0,0,0,0,0
1004,23,1588,21,116.2860206825,-24.968909234999998,181.5,2.356394857705086,6.063668387971679,-1.413334485000064,0.0,0,0,0,0,0,0
1004,23,1591,24,116.16039095049999,-24.968909234999998,181.5,2.356394857705086,6.063668387971679,-1.2562973200000016,0.0,0,0,0,0,0,0
1004,23,1594,27,116.0347612185,-24.968909234999998,181.5,2.356394857705086,6.063668387971679,-0.9422229899999479,0.15703716499999132,0,0,0,0,0,0
1004,23,1597,30,115.9719463525,-24.937501802,181.5,2.356394857705086,6.063668387971679,-0.942222990000019,0.3140743300000004,0,0,0,0,0,0
1004,23,1600,33,115.84631662049999,-24.906094368999998,181.5,2.356394857705086,6.063668387971679,-1.2562973200000016,0.3140743300000004,0,0,0,0,0,0
1004,23,1603,36,115.7206868885,-24.874686936,181.5,2.356394857705086,6.063668387971679,-1.2562973200000016,0.15703716499999132,0,0,0,0,0,0
1004,23,1606,39,115.59505715649999,-24.874686936,181.5,2.356394857705086,6.063668387971679,-1.0992601550000103,0.0,0,0,0,0,0,0
1004,23,1609,42,115.5008348575,-24.874686936,181.5,2.356394857705086,6.063668387971679,-1.0992601550000103,0.0,0,0,0,0,0,0
1004,23,1612,45,115.37520512549999,-24.874686936,181.5,2.356394857705086,6.063668387971679,-1.0992601550000103,0.0,0,0,0,0,0,0
1004,23,1615,48,115.2809828265,-24.874686936,181.5,2.356394857705086,6.063668387971679,-1.0992601549999392,0.0,0,0,0,0,0,0
1004,23,1618,51,115.1553530945,-24.874686936,181.5,2.356394857705086,6.063668387971679,-0.7851858250000276,0.0,0,0,0,0,0,0
1004,23,1621,54,115.12394566149999,-24.874686936,181.5,2.356394857705086,6.063668387971679,-0.471111495000045,0.0,0,0,0,0,0,0
1004,23,1624,57,115.06113079549999,-24.874686936,181.5,2.356394857705086,6.063668387971679,-0.9422229899999479,0.0,0,0,0,0,0,0
1004,23,1627,60,114.9355010635,-24.874686936,181.5,2.356394857705086,6.063668387971679,-0.942222990000019,0.0,0,0,0,0,0,0
1004,23,1630,63,114.87268619749999,-24.874686936,181.5,2.356394857705086,6.063668387971679,-0.7851858250000276,0.0,0,0,0,0,0,0
1004,23,1633,66,114.7784638985,-24.874686936,181.5,2.356394857705086,6.063668387971679,-1.0992601549999392,0.0,0,0,0,0,0,0
1004,23,1636,69,114.6528341665,-24.874686936,180.5,2.356394857705086,6.063668387971679,-1.177778737500006,0.07851858250001342,0,0,0,0,0,0
1004,23,1639,72,114.54290815099999,-24.858983219499997,180.5,2.356394857705086,6.063668387971679,-1.2562973200000016,0.07851858250001342,0,0,0,0,0,0
1004,23,1642,75,114.4015747025,-24.858983219499997,180.5,2.356394857705086,6.063668387971679,-1.0992601550000103,0.0,0,0,0,0,0,0
1004,23,1645,78,114.32305611999999,-24.858983219499997,180.5,2.356394857705086,6.063668387971679,-0.8637044075000233,0.0,0,0,0,0,0,0
1004,23,1648,81,114.228833821,-24.858983219499997,180.5,2.356394857705086,6.063668387971679,-0.7851858249999566,0.0,0,0,0,0,0,0
1004,23,1651,84,114.166018955,-24.858983219499997,180.5,2.356394857705086,6.063668387971679,-0.6281486600000363,0.15703716499999132,0,0,0,0,0,0
1004,23,1654,87,114.10320408899999,-24.8275757865,180.5,2.356394857705086,6.063668387971679,-0.6281486600000363,0.15703716499999132,0,0,0,0,0,0
1004,23,1657,90,114.04038922299999,-24.8275757865,180.5,2.356394857705086,6.063668387971679,-0.6281486599999653,0.0,0,0,0,0,0,0
1004,23,1660,93,113.977574357,-24.8275757865,180.5,2.356394857705086,6.063668387971679,-0.6281486599999653,0.0,0,0,0,0,0,0
1004,23,1663,96,113.914759491,-24.8275757865,180.5,2.356394857705086,6.063668387971679,-0.7851858250000276,-0.15703716499999132,0,0,0,0,0,0
1004,23,1666,99,113.82053719199999,-24.858983219499997,180.5,2.356394857705086,6.063668387971679,-0.7851858250000276,-0.15703716499999132,0,0,0,0,0,0
1004,23,1669,102,113.75772232599999,-24.858983219499997,180.5,2.356394857705086,6.063668387971679,-0.6281486599999653,-0.15703716500000908,0,0,0,0,0,0
1004,23,1672,105,113.69490746,-24.8903906525,180.5,2.356394857705086,6.063668387971679,-0.6281486599999653,-0.15703716500000908,0,0,0,0,0,0
1004,23,1675,108,113.632092594,-24.8903906525,180.5,2.356394857705086,6.063668387971679,-0.47111149499997396,0.0,0,0,0,0,0,0
1004,23,1678,111,113.600685161,-24.8903906525,180.5,2.356394857705086,6.063668387971679,-0.471111495000045,0.0,0,0,0,0,0,0
1004,23,1681,114,113.53787029499999,-24.8903906525,180.5,2.356394857705086,6.063668387971679,-0.471111495000045,0.0,0,0,0,0,0,0
1004,23,1684,117,113.50646286199999,-24.8903906525,180.5,2.356394857705086,6.063668387971679,-0.31407432999998264,0.15703716500000908,0,0,0,0,0,0
1004,23,1687,120,113.475055429,-24.858983219499997,180.5,2.356394857705086,6.063668387971679,-0.31407432999998264,0.3140743300000004,0,0,0,0,0,0
1004,23,1690,123,113.443647996,-24.8275757865,180.5,2.356394857705086,6.063668387971679,-0.31407432999998264,0.3140743300000004,0,0,0,0,0,0
1004,23,1693,126,113.412240563,-24.796168353499997,180.5,2.356394857705086,6.063668387971679,-0.15703716499999132,0.15703716500000908,0,0,0,0,0,0
1004,23,1696,129,113.412240563,-24.796168353499997,180.5,2.356394857705086,6.063668387971679,-0.15703716499999132,-0.15703716500000908,0,0,0,0,0,0
1004,23,1699,132,113.38083313,-24.8275757865,180.5,2.356394857705086,6.063668387971679,-0.31407432999998264,-0.15703716500000908,0,0,0,0,0,0
1004,23,1702,135,113.349425697,-24.8275757865,180.5,2.356394857705086,6.063668387971679,-0.15703716499999132,0.15703716500000908,0,0,0,0,0,0
1004,23,1705,138,113.349425697,-24.796168353499997,180.5,2.356394857705086,6.063668387971679,0.0,0.15703716500000908,0,0,0,0,0,0
1004,23,1708,141,113.349425697,-24.796168353499997,180.5,2.356394857705086,6.063668387971679,0.0,0.0,0,0,0,0,0,0
1004,23,1711,144,113.349425697,-24.796168353499997,180.5,2.356394857705086,6.063668387971679,-0.7851858250000276,0.0,0,0,0,0,0,0
1004,23,1714,147,113.192388532,-24.796168353499997,180.5,2.356394857705086,6.063668387971679,-0.7851858250000276,0.0,0,0,0,0,0,0
1004,23,1717,150,113.192388532,-24.796168353499997,180.5,2.356394857705086,6.063668387971679,0.0,0.0,0,0,0,0,0,0
1004,23,1720,153,113.192388532,-24.796168353499997,180.5,2.356394857705086,6.063668387971679,0.0,0.0,0,0,0,0,0,0
1004,23,1723,156,113.192388532,-24.796168353499997,180.5,2.356394857705086,6.063668387971679,-0.6281486600000363,-0.15703716500000908,0,0,0,0,0,0
1004,23,1726,159,113.06675879999999,-24.8275757865,180.5,2.356394857705086,6.063668387971679,-0.6281486600000363,-0.15703716500000908,0,0,0,0,0,0
1004,23,1729,162,113.06675879999999,-24.8275757865,180.5,2.356394857705086,6.063668387971679,0.0,0.0,0,0,0,0,0,0
1004,23,1732,165,113.06675879999999,-24.8275757865,180.5,2.356394857705086,6.063668387971679,-0.31407432999998264,-0.15703716499999132,0,0,0,0,0,0
1004,23,1735,168,113.00394393399999,-24.858983219499997,180.5,2.356394857705086,6.063668387971679,-0.31407432999998264,-0.15703716499999132,0,0,0,0,0,0
1004,23,1738,171,113.00394393399999,-24.858983219499997,180.5,2.356394857705086,6.063668387971679,0.0,0.0,0,0,0,0,0,0
1004,23,1741,174,113.00394393399999,-24.858983219499997,180.5,2.356394857705086,6.063668387971679,0.0,0.0,0,0,0,0,0,0
1004,23,1744,177,113.00394393399999,-24.858983219499997,180.5,2.356394857705086,6.063668387971679,0.0,0.0,0,0,0,0,0,0
1004,23,1747,180,113.00394393399999,-24.858983219499997,180.5,2.356394857705086,6.063668387971679,0.0,0.0,0,0,0,0,0,0
1004,23,1750,183,113.00394393399999,-24.858983219499997,180.5,2.356394857705086,6.063668387971679,-0.31407432999998264,0.0,0,0,0,0,0,0
1004,23,1753,186,112.941129068,-24.858983219499997,180.5,2.356394857705086,6.063668387971679,-0.31407432999998264,0.0,0,0,0,0,0,0
1004,23,1756,189,112.941129068,-24.858983219499997,180.5,2.356394857705086,6.063668387971679,0.0,0.0,0,0,0,0,0,0
1004,23,1759,192,112.941129068,-24.858983219499997,180.5,2.356394857705086,6.063668387971679,0.0,0.0,0,0,0,0,0,0
1004,23,1762,195,112.941129068,-24.858983219499997,180.5,2.356394857705086,6.063668387971679,0.0,0.0,0,0,0,0,0,0
1004,23,1765,198,112.941129068,-24.858983219499997,180.5,2.356394857705086,6.063668387971679,0.0,0.0,0,0,0,0,0,0
1004,23,1768,201,112.941129068,-24.858983219499997,180.5,2.356394857705086,6.063668387971679,0.0,0.0,0,0,0,0,0,0
1004,23,1771,204,112.941129068,-24.858983219499997,180.5,2.356394857705086,6.063668387971679,0.0,0.0,0,0,0,0,0,0
1004,23,1774,207,112.941129068,-24.858983219499997,180.5,2.356394857705086,6.063668387971679,0.0,0.0,0,0,0,0,0,0
1004,23,1777,210,112.941129068,-24.858983219499997,180.5,2.356394857705086,6.063668387971679,-0.47111149499997396,0.0,0,0,0,0,0,0
1004,23,1780,213,112.846906769,-24.858983219499997,180.5,2.356394857705086,6.063668387971679,-0.47111149499997396,0.0,0,0,0,0,0,0
1004,23,1783,216,112.846906769,-24.858983219499997,180.5,2.356394857705086,6.063668387971679,0.0,0.0,0,0,0,0,0,0
1004,23,1786,219,112.846906769,-24.858983219499997,180.5,2.356394857705086,6.063668387971679,0.0,0.0,0,0,0,0,0,0
1004,23,1789,222,112.846906769,-24.858983219499997,180.5,2.356394857705086,6.063668387971679,0.0,0.0,0,0,0,0,0,0
1004,23,1792,225,112.846906769,-24.858983219499997,180.5,2.356394857705086,6.063668387971679,-0.3140743300000537,0.0,0,0,0,0,0,0
1004,23,1795,228,112.78409190299999,-24.858983219499997,180.5,2.356394857705086,6.063668387971679,-0.3140743300000537,0.0,0,0,0,0,0,0
1004,23,1798,231,112.78409190299999,-24.858983219499997,180.5,2.356394857705086,6.063668387971679,0.0,0.0,0,0,0,0,0,0
1004,23,1801,234,112.78409190299999,-24.858983219499997,180.5,2.356394857705086,6.063668387971679,-0.15703716499999132,0.3140743300000004,0,0,0,0,0,0
1004,23,1804,237,112.75268446999999,-24.796168353499997,180.5,2.356394857705086,6.063668387971679,-0.15703716499999132,0.3140743300000004,0,0,0,0,0,0
1004,23,1807,240,112.75268446999999,-24.796168353499997,180.5,2.356394857705086,6.063668387971679,-0.47111149499997396,0.0,0,0,0,0,0,0
1004,23,1810,243,112.658462171,-24.796168353499997,180.5,2.356394857705086,6.063668387971679,-0.47111149499997396,0.0,0,0,0,0,0,0
1004,23,1813,246,112.658462171,-24.796168353499997,180.5,2.356394857705086,6.063668387971679,0.0,0.0,0,0,0,0,0,0
1004,23,1816,249,112.658462171,-24.796168353499997,180.5,2.356394857705086,6.063668387971679,0.0,0.0,0,0,0,0,0,0
1004,23,1819,252,112.658462171,-24.796168353499997,180.5,2.356394857705086,6.063668387971679,0.0,0.0,0,0,0,0,0,0
1004,23,1822,255,112.658462171,-24.796168353499997,180.5,2.356394857705086,6.063668387971679,0.0,0.0,0,0,0,0,0,0
1004,23,1825,258,112.658462171,-24.796168353499997,180.5,2.356394857705086,6.063668387971679,0.0,0.0,0,0,0,0,0,0
1004,23,1828,261,112.658462171,-24.796168353499997,180.5,2.356394857705086,6.063668387971679,0.0,0.0,0,0,0,0,0,0
1004,23,1831,264,112.658462171,-24.796168353499997,180.5,2.356394857705086,6.063668387971679,0.6281486599999653,0.0,0,0,0,0,0,0
1004,23,1834,267,112.78409190299999,-24.796168353499997,180.5,2.356394857705086,6.063668387971679,0.6281486599999653,0.0,0,0,0,0,0,0
1004,23,1837,270,112.78409190299999,-24.796168353499997,180.5,2.356394857705086,6.063668387971679,0.0,0.0,0,0,0,0,0,0
1004,23,1840,273,112.78409190299999,-24.796168353499997,180.5,2.356394857705086,6.063668387971679,0.3140743300000537,0.0,0,0,0,0,0,0
1004,23,1843,276,112.846906769,-24.796168353499997,180.5,2.356394857705086,6.063668387971679,0.3140743300000537,0.0,0,0,0,0,0,0
1004,23,1846,279,112.846906769,-24.796168353499997,180.5,2.356394857705086,6.063668387971679,0.6281486599999653,0.0,0,0,0,0,0,0
1004,23,1849,282,112.972536501,-24.796168353499997,180.5,2.356394857705086,6.063668387971679,0.6281486599999653,0.0,0,0,0,0,0,0
1004,23,1852,285,112.972536501,-24.796168353499997,180.5,2.356394857705086,6.063668387971679,0.31407432999998264,-0.4711114950000095,0,0,0,0,0,0
1004,23,1855,288,113.03535136699999,-24.8903906525,180.5,2.356394857705086,6.063668387971679,0.31407432999998264,-0.4711114950000095,0,0,0,0,0,0
1004,23,1858,291,113.03535136699999,-24.8903906525,180.5,2.356394857705086,6.063668387971679,0.3140743300000537,0.0,0,0,0,0,0,0
1004,23,1861,294,113.098166233,-24.8903906525,180.5,2.356394857705086,6.063668387971679,0.3140743300000537,0.0,0,0,0,0,0,0
1004,23,1864,297,113.098166233,-24.8903906525,180.5,2.356394857705086,6.063668387971679,0.0,0.0,0,0,0,0,0,0
1004,23,1867,300,113.098166233,-24.8903906525,180.5,2.356394857705086,6.063668387971679,0.0,0.0,0,0,0,0,0,0
1004,23,1870,303,113.098166233,-24.8903906525,180.5,2.356394857705086,6.063668387971679,0.0,0.0,0,0,0,0,0,0
1004,23,1873,306,113.098166233,-24.8903906525,180.5,2.356394857705086,6.063668387971679,0.0,0.0,0,0,0,0,0,0
1004,23,1876,309,113.098166233,-24.8903906525,180.5,2.356394857705086,6.063668387971679,0.0,0.0,0,0,0,0,0,0
1004,23,1879,312,113.098166233,-24.8903906525,180.5,2.356394857705086,6.063668387971679,0.0,0.0,0,0,0,0,0,0
1004,23,1882,315,113.098166233,-24.8903906525,180.5,2.356394857705086,6.063668387971679,0.0,0.0,0,0,0,0,0,0
1004,23,1885,318,113.098166233,-24.8903906525,180.5,2.356394857705086,6.063668387971679,0.0,0.0,0,0,0,0,0,0
1004,23,1888,321,113.098166233,-24.8903906525,180.5,2.356394857705086,6.063668387971679,0.0,0.0,0,0,0,0,0,0
1004,23,1891,324,113.098166233,-24.8903906525,180.5,2.356394857705086,6.063668387971679,0.0,0.0,0,0,0,0,0,0
1004,23,1894,327,113.098166233,-24.8903906525,180.5,2.356394857705086,6.063668387971679,0.15703716499999132,0.0,0,0,0,0,0,0
1004,23,1897,330,113.129573666,-24.8903906525,180.5,2.356394857705086,6.063668387971679,0.15703716499999132,0.0,0,0,0,0,0,0
1004,23,1900,333,113.129573666,-24.8903906525,180.5,2.356394857705086,6.063668387971679,0.47111149499997396,0.15703716500000908,0,0,0,0,0,0
1004,23,1903,336,113.223795965,-24.858983219499997,180.5,2.356394857705086,6.063668387971679,0.47111149499997396,0.15703716500000908,0,0,0,0,0,0
1004,23,1906,339,113.223795965,-24.858983219499997,180.5,2.356394857705086,6.063668387971679,0.0,0.0,0,0,0,0,0,0
1004,23,1909,342,113.223795965,-24.858983219499997,180.5,2.356394857705086,6.063668387971679,0.0,0.0,0,0,0,0,0,0
1004,23,1912,345,113.223795965,-24.858983219499997,180.5,2.356394857705086,6.063668387971679,0.0,0.0,0,0,0,0,0,0
1004,23,1915,348,113.223795965,-24.858983219499997,180.5,2.356394857705086,6.063668387971679,0.0,0.0,0,0,0,0,0,0
1004,23,1918,351,113.223795965,-24.858983219499997,180.5,2.356394857705086,6.063668387971679,0.0,0.0,0,0,0,0,0,0
1004,23,1921,354,113.223795965,-24.858983219499997,180.5,2.356394857705086,6.063668387971679,0.0,0.0,0,0,0,0,0,0
1004,23,1924,357,113.223795965,-24.858983219499997,180.5,2.356394857705086,6.063668387971679,0.0,0.0,0,0,0,0,0,0
1004,23,1927,360,113.223795965,-24.858983219499997,180.5,2.356394857705086,6.063668387971679,0.0,0.0,0,0,0,0,0,0
1004,23,1930,363,113.223795965,-24.858983219499997,180.5,2.356394857705086,6.063668387971679,0.0,0.0,0,0,0,0,0,0
1004,23,1933,366,113.223795965,-24.858983219499997,180.5,2.356394857705086,6.063668387971679,0.0,0.0,0,0,0,0,0,0
1004,23,1936,369,113.223795965,-24.858983219499997,180.5,2.356394857705086,6.063668387971679,0.0,0.0,0,0,0,0,0,0
1004,23,1939,372,113.223795965,-24.858983219499997,180.5,2.356394857705086,6.063668387971679,0.0,0.0,0,0,0,0,0,0
1004,23,1942,375,113.223795965,-24.858983219499997,180.5,2.356394857705086,6.063668387971679,0.0,0.0,0,0,0,0,0,0
1004,23,1945,378,113.223795965,-24.858983219499997,180.5,2.356394857705086,6.063668387971679,0.0,0.0,0,0,0,0,0,0
1004,23,1948,381,113.223795965,-24.858983219499997,180.5,2.356394857705086,6.063668387971679,0.0,0.0,0,0,0,0,0,0
1004,23,1951,384,113.223795965,-24.858983219499997,180.5,2.356394857705086,6.063668387971679,0.0,0.0,0,0,0,0,0,0
1004,23,1954,387,113.223795965,-24.858983219499997,180.5,2.356394857705086,6.063668387971679,0.47111149499997396,0.0,0,0,0,0,0,0
1004,23,1957,390,113.31801826399999,-24.858983219499997,180.5,2.356394857705086,6.063668387971679,0.47111149499997396,0.0,0,0,0,0,0,0
1004,23,1960,393,113.31801826399999,-24.858983219499997,180.5,2.356394857705086,6.063668387971679,0.0,0.0,0,0,0,0,0,0
1004,23,1963,396,113.31801826399999,-24.858983219499997,180.5,2.356394857705086,6.063668387971679,0.0,0.0,0,0,0,0,0,0
1004,23,1966,399,113.31801826399999,-24.858983219499997,180.5,2.356394857705086,6.063668387971679,0.0,0.0,0,0,0,0,0,0
1004,23,1969,402,113.31801826399999,-24.858983219499997,180.5,2.356394857705086,6.063668387971679,0.0,0.0,0,0,0,0,0,0
1004,23,1972,405,113.31801826399999,-24.858983219499997,180.5,2.356394857705086,6.063668387971679,0.0,0.0,0,0,0,0,0,0
1004,23,1975,408,113.31801826399999,-24.858983219499997,180.5,2.356394857705086,6.063668387971679,0.0,0.0,0,0,0,0,0,0
1004,23,1978,411,113.31801826399999,-24.858983219499997,180.5,2.356394857705086,6.063668387971679,0.0,0.0,0,0,0,0,0,0
1004,23,1981,414,113.31801826399999,-24.858983219499997,180.5,2.356394857705086,6.063668387971679,0.0,0.0,0,0,0,0,0,0
1004,23,1984,417,113.31801826399999,-24.858983219499997,180.5,2.356394857705086,6.063668387971679,-0.7851858249999566,-0.15703716500000908,0,0,0,0,0,0
1004,23,1987,420,113.160981099,-24.8903906525,180.5,2.356394857705086,6.063668387971679,-0.7851858249999566,-0.15703716500000908,0,0,0,0,0,0
1004,23,1990,423,113.160981099,-24.8903906525,180.5,2.356394857705086,6.063668387971679,0.0,0.0,0,0,0,0,0,0
1004,23,1993,426,113.160981099,-24.8903906525,180.5,2.356394857705086,6.063668387971679,0.0,0.0,0,0,0,0,0,0
1004,23,1996,429,113.160981099,-24.8903906525,180.5,2.356394857705086,6.063668387971679,0.0,0.0,0,0,0,0,0,0
1004,23,1999,432,113.160981099,-24.8903906525,180.5,2.356394857705086,6.063668387971679,0.0,0.0,0,0,0,0,0,0
1004,23,2002,435,113.160981099,-24.8903906525,180.5,2.356394857705086,6.063668387971679,0.0,0.0,0,0,0,0,0,0
1004,23,2005,438,113.160981099,-24.8903906525,180.5,2.356394857705086,6.063668387971679,0.0,0.0,0,0,0,0,0,0
1004,23,2008,441,113.160981099,-24.8903906525,180.5,2.356394857705086,6.063668387971679,0.0,0.0,0,0,0,0,0,0
1004,23,2011,444,113.160981099,-24.8903906525,180.5,2.356394857705086,6.063668387971679,0.0,0.0,0,0,0,0,0,0
1004,23,2014,447,113.160981099,-24.8903906525,180.5,2.356394857705086,6.063668387971679,0.0,0.0,0,0,0,0,0,0
1004,23,2017,450,113.160981099,-24.8903906525,180.5,2.356394857705086,6.063668387971679,0.0,0.0,0,0,0,0,0,0
1004,23,2020,453,113.160981099,-24.8903906525,180.5,2.356394857705086,6.063668387971679,0.0,0.0,0,0,0,0,0,0
1004,23,2023,456,113.160981099,-24.8903906525,180.5,2.356394857705086,6.063668387971679,0.0,0.0,0,0,0,0,0,0
1004,23,2026,459,113.160981099,-24.8903906525,180.5,2.356394857705086,6.063668387971679,0.0,0.0,0,0,0,0,0,0
1004,23,2029,462,113.160981099,-24.8903906525,180.5,2.356394857705086,6.063668387971679,0.0,0.0,0,0,0,0,0,0
1004,23,2032,465,113.160981099,-24.8903906525,180.5,2.356394857705086,6.063668387971679,0.0,0.0,0,0,0,0,0,0
1004,23,2035,468,113.160981099,-24.8903906525,180.5,2.356394857705086,6.063668387971679,0.0,0.0,0,0,0,0,0,0
1004,23,2038,471,113.160981099,-24.8903906525,180.5,2.356394857705086,6.063668387971679,0.0,0.0,0,0,0,0,0,0
1004,23,2041,474,113.160981099,-24.8903906525,180.5,2.356394857705086,6.063668387971679,0.0,0.0,0,0,0,0,0,0
1004,23,2044,477,113.160981099,-24.8903906525,180.5,2.356394857705086,6.063668387971679,0.0,0.0,0,0,0,0,0,0
1004,23,2047,480,113.160981099,-24.8903906525,180.5,2.356394857705086,6.063668387971679,0.0,0.0,0,0,0,0,0,0
1004,23,2050,483,113.160981099,-24.8903906525,180.5,2.356394857705086,6.063668387971679,0.0,0.0,0,0,0,0,0,0
1004,23,2053,486,113.160981099,-24.8903906525,180.5,2.356394857705086,6.063668387971679,0.0,0.0,0,0,0,0,0,0
1004,23,2056,489,113.160981099,-24.8903906525,180.5,2.356394857705086,6.063668387971679,0.47111149499997396,0.0,0,0,0,0,0,0
1004,23,2059,492,113.25520339799999,-24.8903906525,180.5,2.356394857705086,6.063668387971679,0.942222990000019,0.0,0,0,0,0,0,0
1004,23,2062,495,113.349425697,-24.8903906525,180.5,2.356394857705086,6.063668387971679,0.471111495000045,0.0,0,0,0,0,0,0
1004,23,2065,498,113.349425697,-24.8903906525,180.5,2.356394857705086,6.063668387971679,0.7851858249999566,0.15703716500000908,0,0,0,0,0,0
1004,23,2068,501,113.50646286199999,-24.858983219499997,180.5,2.356394857705086,6.063668387971679,0.9422229899999479,0.15703716500000908,0,0,0,0,0,0
1004,23,2071,504,113.53787029499999,-24.858983219499997,180.5,2.356394857705086,6.063668387971679,0.471111495000045,0.0,0,0,0,0,0,0
1004,23,2074,507,113.600685161,-24.858983219499997,180.5,2.356394857705086,6.063668387971679,1.0992601550000103,0.0,0,0,0,0,0,0
1004,23,2077,510,113.75772232599999,-24.858983219499997,180.5,2.356394857705086,6.063668387971679,0.9422229899999479,0.0,0,0,0,0,0,0
1004,23,2080,513,113.78912975899999,-24.858983219499997,180.5,2.356394857705086,6.063668387971679,0.15703716499999132,0.0,0,0,0,0,0,0
1004,23,2083,516,113.78912975899999,-24.858983219499997,180.5,2.356394857705086,6.063668387971679,0.7851858250000276,0.3140743300000004,0,0,0,0,0,0
1004,23,2086,519,113.946166924,-24.796168353499997,180.5,2.356394857705086,6.063668387971679,1.413334484999993,0.3140743300000004,0,0,0,0,0,0
1004,23,2089,522,114.07179665599999,-24.796168353499997,180.5,2.356394857705086,6.063668387971679,1.0992601550000103,0.0,0,0,0,0,0,0
1004,23,2092,525,114.166018955,-24.796168353499997,180.5,2.356394857705086,6.063668387971679,1.2562973200000016,0.31407432999998264,0,0,0,0,0,0
1004,23,2095,528,114.32305611999999,-24.7333534875,180.5,2.356394857705086,6.063668387971679,0.7851858249999566,0.31407432999998264,0,0,0,0,0,0
1004,23,2098,531,114.32305611999999,-24.7333534875,180.5,2.356394857705086,6.063668387971679,0.6281486600000363,0.0,0,0,0,0,0,0
1004,23,2101,534,114.448685852,-24.7333534875,180.5,2.356394857705086,6.063668387971679,0.7851858250000276,0.15703716500000908,0,0,0,0,0,0
1004,23,2104,537,114.480093285,-24.7019460545,180.5,2.356394857705086,6.063668387971679,0.6281486599999653,-0.15703716499999132,0,0,0,0,0,0
1004,23,2107,540,114.57431558399999,-24.7647609205,180.5,2.356394857705086,6.063668387971679,0.942222990000019,0.0,0,0,0,0,0,0
1004,23,2110,543,114.668537883,-24.7019460545,180.5,2.356394857705086,6.063668387971679,0.471111495000045,0.3140743300000004,0,0,0,0,0,0
1004,23,2113,546,114.668537883,-24.7019460545,180.5,2.356394857705086,6.063668387971679,0.31407432999998264,0.15703716499999132,0,0,0,0,0,0
1004,23,2116,549,114.731352749,-24.6705386215,180.5,2.356394857705086,6.063668387971679,0.31407432999998264,0.15703716499999132,0,0,0,0,0,0
1004,23,2119,552,114.731352749,-24.6705386215,180.5,2.356394857705086,6.063668387971679,0.31407432999998264,-0.15703716499999132,0,0,0,0,0,0
1004,23,2122,555,114.79416761499999,-24.7019460545,180.5,2.356394857705086,6.063668387971679,0.47111149499997396,-0.15703716499999132,0,0,0,0,0,0
1004,23,2125,558,114.82557504799999,-24.7019460545,180.5,2.356394857705086,6.063668387971679,0.15703716499999132,0.0,0,0,0,0,0,0
1004,23,2128,561,114.82557504799999,-24.7019460545,180.5,2.356394857705086,6.063668387971679,0.6281486600000363,0.15703716499999132,0,0,0,0,0,0
1004,23,2131,564,114.95120478,-24.6705386215,180.5,2.356394857705086,6.063668387971679,0.6281486600000363,0.15703716499999132,0,0,0,0,0,0
1004,23,2134,567,114.95120478,-24.6705386215,180.5,2.356394857705086,6.063668387971679,0.0,0.0,0,0,0,0,0,0
1004,23,2137,570,114.95120478,-24.6705386215,180.5,2.356394857705086,6.063668387971679,0.6281486599999653,0.0,0,0,0,0,0,0
1004,23,2140,573,115.07683451199999,-24.6705386215,180.5,2.356394857705086,6.063668387971679,0.6281486599999653,0.0,0,0,0,0,0,0
1004,23,2143,576,115.07683451199999,-24.6705386215,180.5,2.356394857705086,6.063668387971679,0.3140743300000537,0.0,0,0,0,0,0,0
1004,23,2146,579,115.139649378,-24.6705386215,180.5,2.356394857705086,6.063668387971679,0.3140743300000537,0.0,0,0,0,0,0,0
1004,23,2149,582,115.139649378,-24.6705386215,180.5,2.356394857705086,6.063668387971679,0.0,0.0,0,0,0,0,0,0
1004,23,2152,585,115.139649378,-24.6705386215,180.5,2.356394857705086,6.063668387971679,0.0,0.0,0,0,0,0,0,0
1004,23,2155,588,115.139649378,-24.6705386215,180.5,2.356394857705086,6.063668387971679,0.0,0.0,0,0,0,0,0,0
1004,23,2158,591,115.139649378,-24.6705386215,180.5,2.356394857705086,6.063668387971679,0.0,0.0,0,0,0,0,0,0
1004,23,2161,594,115.139649378,-24.6705386215,180.5,2.356394857705086,6.063668387971679,-0.6281486600000363,0.4711114950000095,0,0,0,0,0,0
1004,23,2164,597,115.014019646,-24.5763163225,180.5,2.356394857705086,6.063668387971679,-0.6281486600000363,0.4711114950000095,0,0,0,0,0,0
1004,23,2167,600,115.014019646,-24.5763163225,180.5,2.356394857705086,6.063668387971679,-0.47111149499997396,0.0,0,0,0,0,0,0
1004,23,2170,603,114.919797347,-24.5763163225,180.5,2.356394857705086,6.063668387971679,-1.0992601550000103,-0.3140743300000004,0,0,0,0,0,0
1004,23,2173,606,114.79416761499999,-24.6391311885,180.5,2.356394857705086,6.063668387971679,-0.7851858250000276,-0.3140743300000004,0,0,0,0,0,0
1004,23,2176,609,114.762760182,-24.6391311885,180.5,2.356394857705086,6.063668387971679,-0.15703716499999132,0.0,0,0,0,0,0,0
1004,23,2179,612,114.762760182,-24.6391311885,180.5,2.356394857705086,6.063668387971679,0.0,0.0,0,0,0,0,0,0
1004,23,2182,615,114.762760182,-24.6391311885,180.5,2.356394857705086,6.063668387971679,0.0,0.0,0,0,0,0,0,0
1004,23,2185,618,114.762760182,-24.6391311885,180.5,2.356394857705086,6.063668387971679,0.0,0.0,0,0,0,0,0,0
1004,23,2188,621,114.762760182,-24.6391311885,180.5,2.356394857705086,6.063668387971679,0.0,0.0,0,0,0,0,0,0
1004,23,2191,624,114.762760182,-24.6391311885,180.5,2.356394857705086,6.063668387971679,-0.31407432999998264,0.0,0,0,0,0,0,0
1004,23,2194,627,114.699945316,-24.6391311885,180.5,2.356394857705086,6.063668387971679,-0.31407432999998264,0.0,0,0,0,0,0,0
1004,23,2197,630,114.699945316,-24.6391311885,180.5,2.356394857705086,6.063668387971679,-0.7851858250000276,0.0,0,0,0,0,0,0
1004,23,2200,633,114.54290815099999,-24.6391311885,180.5,2.356394857705086,6.063668387971679,-0.7851858250000276,0.0,0,0,0,0,0,0
1004,23,2203,636,114.54290815099999,-24.6391311885,180.5,2.356394857705086,6.063668387971679,-0.47111149499997396,0.0,0,0,0,0,0,0
1004,23,2206,639,114.448685852,-24.6391311885,180.5,2.356394857705086,6.063668387971679,-0.47111149499997396,0.0,0,0,0,0,0,0
1004,23,2209,642,114.448685852,-24.6391311885,180.5,2.356394857705086,6.063668387971679,0.0,0.0,0,0,0,0,0,0
1004,23,2212,645,114.448685852,-24.6391311885,180.5,2.356394857705086,6.063668387971679,0.0,0.0,0,0,0,0,0,0
1004,23,2215,648,114.448685852,-24.6391311885,180.5,2.356394857705086,6.063668387971679,-0.6281486600000363,0.15703716499999132,0,0,0,0,0,0
1004,23,2218,651,114.32305611999999,-24.6077237555,180.5,2.356394857705086,6.063668387971679,-0.942222990000019,-0.3140743300000004,0,0,0,0,0,0
1004,23,2221,654,114.260241254,-24.7019460545,180.5,2.356394857705086,6.063668387971679,-0.31407432999998264,-0.4711114949999917,0,0,0,0,0,0
1004,23,2224,657,114.260241254,-24.7019460545,180.5,2.356394857705086,6.063668387971679,-0.15703716499999132,0.0,0,0,0,0,0,0
1004,23,2227,660,114.228833821,-24.7019460545,180.5,2.356394857705086,6.063668387971679,-0.15703716499999132,0.0,0,0,0,0,0,0
1004,23,2230,663,114.228833821,-24.7019460545,180.5,2.356394857705086,6.063668387971679,0.0,0.0,0,0,0,0,0,0
1004,23,2233,666,114.228833821,-24.7019460545,180.5,2.356394857705086,6.063668387971679,-1.0992601550000103,0.0,0,0,0,0,0,0
1004,23,2236,669,114.00898178999999,-24.7019460545,180.5,2.356394857705086,6.063668387971679,-1.0992601550000103,0.0,0,0,0,0,0,0
1004,23,2239,672,114.00898178999999,-24.7019460545,180.5,2.356394857705086,6.063668387971679,0.0,0.0,0,0,0,0,0,0
1004,23,2242,675,114.00898178999999,-24.7019460545,180.5,2.356394857705086,6.063668387971679,-0.31407432999998264,0.0,0,0,0,0,0,0
1004,23,2245,678,113.946166924,-24.7019460545,180.5,2.356394857705086,6.063668387971679,-0.31407432999998264,0.0,0,0,0,0,0,0
1004,23,2248,681,113.946166924,-24.7019460545,180.5,2.356394857705086,6.063668387971679,0.0,0.0,0,0,0,0,0,0
1004,23,2251,684,113.946166924,-24.7019460545,180.5,2.356394857705086,6.063668387971679,-0.942222990000019,0.15703716499999132,0,0,0,0,0,0
1004,23,2254,687,113.75772232599999,-24.6705386215,180.5,2.356394857705086,6.063668387971679,-0.942222990000019,0.15703716499999132,0,0,0,0,0,0
1004,23,2257,690,113.75772232599999,-24.6705386215,180.5,2.356394857705086,6.063668387971679,0.0,0.0,0,0,0,0,0,0
1004,23,2260,693,113.75772232599999,-24.6705386215,180.5,2.356394857705086,6.063668387971679,0.0,0.0,0,0,0,0,0,0
1004,23,2263,696,113.75772232599999,-24.6705386215,180.5,2.356394857705086,6.063668387971679,0.0,0.0,0,0,0,0,0,0
1004,23,2266,699,113.75772232599999,-24.6705386215,180.5,2.356394857705086,6.063668387971679,0.0,0.0,0,0,0,0,0,0
1004,23,2269,702,113.75772232599999,-24.6705386215,180.5,2.356394857705086,6.063668387971679,0.0,0.0,0,0,0,0,0,0
1004,23,2272,705,113.75772232599999,-24.6705386215,180.5,2.356394857705086,6.063668387971679,0.0,0.0,0,0,0,0,0,0
1004,23,2275,708,113.75772232599999,-24.6705386215,180.5,2.356394857705086,6.063668387971679,0.0,0.0,0,0,0,0,0,0
1004,23,2278,711,113.75772232599999,-24.6705386215,180.5,2.356394857705086,6.063668387971679,0.0,0.0,0,0,0,0,0,0
1004,23,2281,714,113.75772232599999,-24.6705386215,180.5,2.356394857705086,6.063668387971679,0.0,0.0,0,0,0,0,0,0
1004,23,2284,717,113.75772232599999,-24.6705386215,180.5,2.356394857705086,6.063668387971679,0.0,0.0,0,0,0,0,0,0
1004,23,2287,720,113.75772232599999,-24.6705386215,180.5,2.356394857705086,6.063668387971679,0.0,0.0,0,0,0,0,0,0
1004,23,2290,723,113.75772232599999,-24.6705386215,180.5,2.356394857705086,6.063668387971679,0.0,0.0,0,0,0,0,0,0
1004,23,2293,726,113.75772232599999,-24.6705386215,180.5,2.356394857705086,6.063668387971679,0.0,0.0,0,0,0,0,0,0
1004,23,2296,729,113.75772232599999,-24.6705386215,180.5,2.356394857705086,6.063668387971679,-0.942222990000019,-0.15703716499999132,0,0,0,0,0,0
1004,23,2299,732,113.56927772799999,-24.7019460545,180.5,2.356394857705086,6.063668387971679,-0.942222990000019,-0.15703716499999132,0,0,0,0,0,0
1004,23,2302,735,113.56927772799999,-24.7019460545,180.5,2.356394857705086,6.063668387971679,0.0,0.0,0,0,0,0,0,0
1004,23,2305,738,113.56927772799999,-24.7019460545,180.5,2.356394857705086,6.063668387971679,0.0,0.0,0,0,0,0,0,0
1004,23,2308,741,113.56927772799999,-24.7019460545,180.5,2.356394857705086,6.063668387971679,0.0,0.0,0,0,0,0,0,0
1004,23,2311,744,113.56927772799999,-24.7019460545,180.5,2.356394857705086,6.063668387971679,0.0,0.0,0,0,0,0,0,0
1004,23,2314,747,113.56927772799999,-24.7019460545,180.5,2.356394857705086,6.063668387971679,0.0,0.0,0,0,0,0,0,0
1004,23,2317,750,113.56927772799999,-24.7019460545,180.5,2.356394857705086,6.063668387971679,0.0,0.0,0,0,0,0,0,0
1004,23,2320,753,113.56927772799999,-24.7019460545,180.5,2.356394857705086,6.063668387971679,0.0,0.0,0,0,0,0,0,0
1004,23,2323,756,113.56927772799999,-24.7019460545,180.5,2.356394857705086,6.063668387971679,0.0,0.0,0,0,0,0,0,0
1004,23,2326,759,113.56927772799999,-24.7019460545,180.5,2.356394857705086,6.063668387971679,0.0,0.0,0,0,0,0,0,0
1004,23,2329,762,113.56927772799999,-24.7019460545,180.5,2.356394857705086,6.063668387971679,0.0,0.0,0,0,0,0,0,0
1004,23,2332,765,113.56927772799999,-24.7019460545,180.5,2.356394857705086,6.063668387971679,0.0,0.0,0,0,0,0,0,0
1004,23,2335,768,113.56927772799999,-24.7019460545,180.5,2.356394857705086,6.063668387971679,-0.7851858249999566,0.0,0,0,0,0,0,0
1004,23,2338,771,113.412240563,-24.7019460545,180.5,2.356394857705086,6.063668387971679,-0.7851858249999566,0.0,0,0,0,0,0,0
1004,23,2341,774,113.412240563,-24.7019460545,180.5,2.356394857705086,6.063668387971679,0.0,0.0,0,0,0,0,0,0
1004,23,2344,777,113.412240563,-24.7019460545,180.5,2.356394857705086,6.063668387971679,0.0,0.0,0,0,0,0,0,0
1004,23,2347,780,113.412240563,-24.7019460545,180.5,2.356394857705086,6.063668387971679,0.0,0.0,0,0,0,0,0,0
1004,23,2350,783,113.412240563,-24.7019460545,180.5,2.356394857705086,6.063668387971679,0.0,0.0,0,0,0,0,0,0
1004,23,2353,786,113.412240563,-24.7019460545,180.5,2.356394857705086,6.063668387971679,0.0,0.0,0,0,0,0,0,0
1004,23,2356,789,113.412240563,-24.7019460545,180.5,2.356394857705086,6.063668387971679,0.0,0.0,0,0,0,0,0,0
1004,23,2359,792,113.412240563,-24.7019460545,180.5,2.356394857705086,6.063668387971679,0.0,0.0,0,0,0,0,0,0
1004,23,2362,795,113.412240563,-24.7019460545,180.5,2.356394857705086,6.063668387971679,0.0,0.0,0,0,0,0,0,0
1004,23,2365,798,113.412240563,-24.7019460545,180.5,2.356394857705086,6.063668387971679,0.0,0.0,0,0,0,0,0,0
1004,23,2368,801,113.412240563,-24.7019460545,180.5,2.356394857705086,6.063668387971679,0.0,0.0,0,0,0,0,0,0
1004,23,2371,804,113.412240563,-24.7019460545,180.5,2.356394857705086,6.063668387971679,0.0,0.0,0,0,0,0,0,0
1004,23,2374,807,113.412240563,-24.7019460545,180.5,2.356394857705086,6.063668387971679,0.0,0.0,0,0,0,0,0,0
1004,23,2377,810,113.412240563,-24.7019460545,180.5,2.356394857705086,6.063668387971679,-0.31407432999998264,0.0,0,0,0,0,0,0
1004,23,2380,813,113.349425697,-24.7019460545,180.5,2.356394857705086,6.063668387971679,-0.31407432999998264,0.0,0,0,0,0,0,0
1004,23,2383,816,113.349425697,-24.7019460545,180.5,2.356394857705086,6.063668387971679,0.0,0.0,0,0,0,0,0,0
1004,23,2386,819,113.349425697,-24.7019460545,180.5,2.356394857705086,6.063668387971679,-0.3140743300000537,0.0,0,0,0,0,0,0
1004,23,2389,822,113.28661083099999,-24.7019460545,180.5,2.356394857705086,6.063668387971679,-0.3140743300000537,0.0,0,0,0,0,0,0
1004,23,2392,825,113.28661083099999,-24.7019460545,180.5,2.356394857705086,6.063668387971679,0.0,0.0,0,0,0,0,0,0
1004,23,2395,828,113.28661083099999,-24.7019460545,180.5,2.356394857705086,6.063668387971679,-0.47111149499997396,0.3140743300000004,0,0,0,0,0,0
1004,23,2398,831,113.192388532,-24.6391311885,180.5,2.356394857705086,6.063668387971679,-0.47111149499997396,0.3140743300000004,0,0,0,0,0,0
1004,23,2401,834,113.192388532,-24.6391311885,180.5,2.356394857705086,6.063668387971679,0.0,0.0,0,0,0,0,0,0
1004,23,2404,837,113.192388532,-24.6391311885,180.5,2.356394857705086,6.063668387971679,0.0,0.0,0,0,0,0,0,0
1004,23,2407,840,113.192388532,-24.6391311885,180.5,2.356394857705086,6.063668387971679,0.0,0.0,0,0,0,0,0,0
1004,23,2410,843,113.192388532,-24.6391311885,180.5,2.356394857705086,6.063668387971679,-0.7851858250000276,0.3140743300000004,0,0,0,0,0,0
1004,23,2413,846,113.03535136699999,-24.5763163225,180.5,2.356394857705086,6.063668387971679,-0.7851858250000276,0.3140743300000004,0,0,0,0,0,0
1004,23,2416,849,113.03535136699999,-24.5763163225,180.5,2.356394857705086,6.063668387971679,0.0,0.0,0,0,0,0,0,0
1004,23,2419,852,113.03535136699999,-24.5763163225,180.5,2.356394857705086,6.063668387971679,-0.31407432999998264,-0.3140743300000004,0,0,0,0,0,0
1004,23,2422,855,112.972536501,-24.6391311885,180.5,2.356394857705086,6.063668387971679,-0.31407432999998264,-0.3140743300000004,0,0,0,0,0,0
1004,23,2425,858,112.972536501,-24.6391311885,180.5,2.356394857705086,6.063668387971679,0.0,0.0,0,0,0,0,0,0
1004,23,2428,861,112.972536501,-24.6391311885,180.5,2.356394857705086,6.063668387971679,-0.47111149499997396,-0.15703716500000908,0,0,0,0,0,0
1004,23,2431,864,112.878314202,-24.6705386215,180.5,2.356394857705086,6.063668387971679,-0.47111149499997396,-0.15703716500000908,0,0,0,0,0,0
1004,23,2434,867,112.878314202,-24.6705386215,180.5,2.356394857705086,6.063668387971679,0.0,0.0,0,0,0,0,0,0
1004,23,2437,870,112.878314202,-24.6705386215,180.5,2.356394857705086,6.063668387971679,0.0,0.0,0,0,0,0,0,0
1004,23,2440,873,112.878314202,-24.6705386215,180.5,2.356394857705086,6.063668387971679,0.0,0.0,0,0,0,0,0,0
1004,23,2443,876,112.878314202,-24.6705386215,180.5,2.356394857705086,6.063668387971679,-0.471111495000045,0.0,0,0,0,0,0,0
1004,23,2446,879,112.78409190299999,-24.6705386215,180.5,2.356394857705086,6.063668387971679,-0.471111495000045,0.0,0,0,0,0,0,0
1004,23,2449,882,112.78409190299999,-24.6705386215,180.5,2.356394857705086,6.063668387971679,0.0,0.0,0,0,0,0,0,0
1004,23,2452,885,112.78409190299999,-24.6705386215,180.5,2.356394857705086,6.063668387971679,0.0,0.0,0,0,0,0,0,0
1004,23,2455,888,112.78409190299999,-24.6705386215,180.5,2.356394857705086,6.063668387971679,0.0,0.0,0,0,0,0,0,0
1004,23,2458,891,112.78409190299999,-24.6705386215,180.5,2.356394857705086,6.063668387971679,0.0,0.0,0,0,0,0,0,0
1004,23,2461,894,112.78409190299999,-24.6705386215,180.5,2.356394857705086,6.063668387971679,0.0,0.0,0,0,0,0,0,0
1004,23,2464,897,112.78409190299999,-24.6705386215,180.5,2.356394857705086,6.063668387971679,0.0,0.0,0,0,0,0,0,0
1004,23,2467,900,112.78409190299999,-24.6705386215,180.5,2.356394857705086,6.063668387971679,0.0,0.0,0,0,0,0,0,0
1004,23,2470,903,112.78409190299999,-24.6705386215,180.5,2.356394857705086,6.063668387971679,0.0,0.0,0,0,0,0,0,0
1004,23,2473,906,112.78409190299999,-24.6705386215,180.5,2.356394857705086,6.063668387971679,0.0,0.0,0,0,0,0,0,0
1004,23,2476,909,112.78409190299999,-24.6705386215,180.5,2.356394857705086,6.063668387971679,0.0,0.0,0,0,0,0,0,0
1004,23,2479,912,112.78409190299999,-24.6705386215,180.5,2.356394857705086,6.063668387971679,0.0,0.0,0,0,0,0,0,0
1004,23,2482,915,112.78409190299999,-24.6705386215,180.5,2.356394857705086,6.063668387971679,0.0,0.0,0,0,0,0,0,0
1004,23,2485,918,112.78409190299999,-24.6705386215,180.5,2.356394857705086,6.063668387971679,0.0,0.0,0,0,0,0,0,0
1004,23,2488,921,112.78409190299999,-24.6705386215,180.5,2.356394857705086,6.063668387971679,0.0,0.0,0,0,0,0,0,0
1004,23,2491,924,112.78409190299999,-24.6705386215,180.5,2.356394857705086,6.063668387971679,0.0,0.0,0,0,0,0,0,0
1004,23,2494,927,112.78409190299999,-24.6705386215,180.5,2.356394857705086,6.063668387971679,0.471111495000045,0.0,0,0,0,0,0,0
1004,23,2497,930,112.878314202,-24.6705386215,180.5,2.356394857705086,6.063668387971679,0.471111495000045,0.0,0,0,0,0,0,0
1004,23,2500,933,112.878314202,-24.6705386215,180.5,2.356394857705086,6.063668387971679,0.31407432999998264,-0.15703716499999132,0,0,0,0,0,0
1004,23,2502,935,112.941129068,-24.7019460545,180.5,2.356394857705086,6.063668387971679,0.31407432999998264,-0.15703716499999132,0,0,0,0,0,0
1004,23,2505,938,112.941129068,-24.7019460545,180.5,2.356394857705086,6.063668387971679,0.47111149499997396,0.0,0,0,0,0,0,0
1004,23,2508,941,113.03535136699999,-24.7019460545,180.5,2.356394857705086,6.063668387971679,0.942222990000019,0.4711114949999917,0,0,0,0,0,0
1004,23,2511,944,113.129573666,-24.6077237555,180.5,2.356394857705086,6.063668387971679,0.7851858250000276,0.0,0,0,0,0,0,0
1004,23,2514,947,113.192388532,-24.7019460545,180.5,2.356394857705086,6.063668387971679,0.31407432999998264,-0.4711114949999917,0,0,0,0,0,0
1004,23,2517,950,113.192388532,-24.7019460545,180.5,2.356394857705086,6.063668387971679,0.6281486599999653,0.0,0,0,0,0,0,0
1004,23,2520,953,113.31801826399999,-24.7019460545,180.5,2.356394857705086,6.063668387971679,0.6281486599999653,0.0,0,0,0,0,0,0
1004,23,2523,956,113.31801826399999,-24.7019460545,180.5,2.356394857705086,6.063668387971679,0.6281486600000363,0.15703716499999132,0,0,0,0,0,0
1004,23,2526,959,113.443647996,-24.6705386215,180.5,2.356394857705086,6.063668387971679,0.942222990000019,0.15703716499999132,0,0,0,0,0,0
1004,23,2529,962,113.50646286199999,-24.6705386215,180.5,2.356394857705086,6.063668387971679,0.31407432999998264,0.0,0,0,0,0,0,0
1004,23,2532,965,113.50646286199999,-24.6705386215,180.5,2.356394857705086,6.063668387971679,0.31407432999998264,0.0,0,0,0,0,0,0
1004,23,2535,968,113.56927772799999,-24.6705386215,180.5,2.356394857705086,6.063668387971679,0.31407432999998264,0.0,0,0,0,0,0,0
1004,23,2538,971,113.56927772799999,-24.6705386215,180.5,2.356394857705086,6.063668387971679,0.471111495000045,0.15703716500000908,0,0,0,0,0,0
1004,23,2541,974,113.663500027,-24.6391311885,180.5,2.356394857705086,6.063668387971679,0.471111495000045,0.15703716500000908,0,0,0,0,0,0
1004,23,2544,977,113.663500027,-24.6391311885,180.5,2.356394857705086,6.063668387971679,0.7851858249999566,0.0,0,0,0,0,0,0
1004,23,2547,980,113.82053719199999,-24.6391311885,180.5,2.356394857705086,6.063668387971679,0.7851858249999566,0.0,0,0,0,0,0,0
1004,23,2550,983,113.82053719199999,-24.6391311885,180.5,2.356394857705086,6.063668387971679,0.0,0.0,0,0,0,0,0,0
1004,23,2553,986,113.82053719199999,-24.6391311885,180.5,2.356394857705086,6.063668387971679,0.6281486600000363,0.0,0,0,0,0,0,0
1004,23,2556,989,113.946166924,-24.6391311885,180.5,2.356394857705086,6.063668387971679,0.6281486600000363,0.0,0,0,0,0,0,0
1004,23,2559,992,113.946166924,-24.6391311885,180.5,2.356394857705086,6.063668387971679,0.0,0.0,0,0,0,0,0,0
1004,23,2562,995,113.946166924,-24.6391311885,180.5,2.356394857705086,6.063668387971679,0.0,0.0,0,0,0,0,0,0
1004,23,2565,998,113.946166924,-24.6391311885,180.5,2.356394857705086,6.063668387971679,0.0,0.0,0,0,0,0,0,0
1004,23,2568,1001,113.946166924,-24.6391311885,180.5,2.356394857705086,6.063668387971679,0.0,0.0,0,0,0,0,0,0
1004,23,2571,1004,113.946166924,-24.6391311885,180.5,2.356394857705086,6.063668387971679,0.0,0.0,0,0,0,0,0,0
1004,23,2574,1007,113.946166924,-24.6391311885,180.5,2.356394857705086,6.063668387971679,0.47111149499997396,0.15703716499999132,0,0,0,0,0,0
1004,23,2577,1010,114.04038922299999,-24.6077237555,180.5,2.356394857705086,6.063668387971679,0.47111149499997396,0.15703716499999132,0,0,0,0,0,0
1004,23,2580,1013,114.04038922299999,-24.6077237555,180.5,2.356394857705086,6.063668387971679,0.0,0.0,0,0,0,0,0,0
1004,23,2583,1016,114.04038922299999,-24.6077237555,180.5,2.356394857705086,6.063668387971679,0.0,0.0,0,0,0,0,0,0
1004,15,1585,0,116.83565076,-29.9155799325,181.5,0,0,-8.480006909999958,0.0,0,0,0,0,0,0
1004,15,1588,3,115.987650069,-29.9155799325,181.5,0,0,-8.322969744999966,0.0,0,0,0,0,0,0
1004,15,1591,6,115.171056811,-29.9155799325,181.5,0,0,-7.694821085000001,0.0,0,0,0,0,0,0
1004,15,1594,9,114.448685852,-29.9155799325,181.5,0,0,-7.53778392000001,-0.3140743300000004,0,0,0,0,0,0
1004,15,1597,12,113.663500027,-29.9783947985,181.5,0,0,-8.480006910000029,-0.3140743300000004,0,0,0,0,0,0
1004,15,1600,15,112.75268446999999,-29.9783947985,181.5,0,0,-8.480006910000029,-0.15703716500000908,0,0,0,0,0,0
1004,15,1603,18,111.96749864499999,-30.0098022315,181.5,0,0,-8.322969744999966,-0.15703716500000908,0,0,0,0,0,0
1004,15,1606,21,111.088090521,-30.0098022315,181.5,0,0,-8.951118405000003,-0.3140743300000004,0,0,0,0,0,0
1004,15,1609,24,110.17727496399999,-30.0726170975,181.5,0,0,-8.480006910000029,-0.4711114949999917,0,0,0,0,0,0
1004,15,1612,27,109.39208913899999,-30.1040245305,181.5,0,0,-8.322969744999966,-0.15703716499999132,0,0,0,0,0,0
1004,15,1615,30,108.512681015,-30.1040245305,181.5,0,0,-8.794081240000011,0.0,0,0,0,0,0,0
1004,15,1618,33,107.63327289099999,-30.1040245305,181.5,0,0,-8.794081240000011,-0.15703716500000908,0,0,0,0,0,0
1004,15,1621,36,106.753864767,-30.1354319635,181.5,0,0,-9.265192734999985,-0.3140743300000004,0,0,0,0,0,0
1004,15,1624,39,105.780234344,-30.1668393965,181.5,0,0,-9.108155569999994,-0.15703716499999132,0,0,0,0,0,0
1004,15,1627,42,104.932233653,-30.1668393965,181.5,0,0,-8.951118405000003,-0.15703716499999132,0,0,0,0,0,0
1004,15,1630,45,103.99001066299999,-30.198246829499997,181.5,0,0,-10.050378560000013,-0.3140743300000004,0,0,0,0,0,0
1004,15,1633,48,102.922157941,-30.2296542625,181.5,0,0,-9.73630422999996,-0.3140743300000004,0,0,0,0,0,0
1004,15,1636,51,102.042749817,-30.261061695499997,181.5,0,0,-8.794081240000011,-0.3140743300000004,0,0,0,0,0,0
1004,15,1639,54,101.16334169299999,-30.2924691285,181.5,0,0,-9.265192735000056,-0.3140743300000004,0,0,0,0,0,0
1004,15,1642,57,100.18971126999999,-30.323876561499997,181.5,0,0,-9.893341395000022,-0.3140743300000004,0,0,0,0,0,0
1004,15,1645,60,99.18467341399999,-30.3552839945,181.5,0,0,-9.422229899999977,-0.4711114950000095,0,0,0,0,0,0
1004,15,1648,63,98.30526529,-30.4180988605,181.5,0,0,-9.422229899999977,-0.15703716499999132,0,0,0,0,0,0
1004,15,1651,66,97.30022743399999,-30.386691427499997,181.5,0,0,-9.422229899999977,-0.15703716499999132,0,0,0,0,0,0
1004,15,1654,69,96.42081931,-30.449506293499997,181.5,0,0,-9.579267064999968,-0.6281486600000008,0,0,0,0,0,0
1004,15,1657,72,95.384374021,-30.512321159499997,181.5,0,0,-10.050378560000013,-0.4711114950000095,0,0,0,0,0,0
1004,15,1660,75,94.410743598,-30.5437285925,181.5,0,0,-9.73630423000003,-0.3140743300000004,0,0,0,0,0,0
1004,15,1663,78,93.437113175,-30.575136025499997,181.5,0,0,-10.207415725000004,-0.15703716499999132,0,0,0,0,0,0
1004,15,1666,81,92.369260453,-30.575136025499997,181.5,0,0,-10.521490054999987,-0.15703716500000908,0,0,0,0,0,0
1004,15,1669,84,91.332815164,-30.6065434585,181.5,0,0,-9.893341395000022,-0.4711114950000095,0,0,0,0,0,0
1004,15,1672,87,90.39059217399999,-30.6693583245,181.5,0,0,-9.579267064999968,-0.3140743300000004,0,0,0,0,0,0
1004,15,1675,90,89.416961751,-30.6693583245,181.5,0,0,-10.050378559999942,-0.4711114949999917,0,0,0,0,0,0
1004,15,1678,93,88.380516462,-30.763580623499998,181.5,0,0,-10.521490055000058,-0.3140743300000004,0,0,0,0,0,0
1004,15,1681,96,87.31266373999999,-30.7321731905,181.5,0,0,-10.364452890000067,0.0,0,0,0,0,0,0
1004,15,1684,99,86.30762588399999,-30.763580623499998,181.5,0,0,-9.89334139499995,-0.15703716499999132,0,0,0,0,0,0
1004,15,1687,102,85.333995461,-30.763580623499998,181.5,0,0,-10.207415724999933,0.3140743300000004,0,0,0,0,0,0
1004,15,1690,105,84.266142739,-30.700765757499997,181.5,0,0,-10.83556438500004,0.0,0,0,0,0,0,0
1004,15,1693,108,83.16688258399999,-30.763580623499998,181.5,0,0,-10.207415725000004,-0.6281486600000008,0,0,0,0,0,0
1004,15,1696,111,82.224659594,-30.826395489499998,181.5,0,0,-9.73630422999996,-0.3140743300000004,0,0,0,0,0,0
1004,15,1699,114,81.219621738,-30.826395489499998,181.5,0,0,-10.207415725000004,0.15703716499999132,0,0,0,0,0,0
1004,15,1702,117,80.183176449,-30.7949880565,181.5,0,0,-10.207415725000004,0.15703716499999132,0,0,0,0,0,0
1004,15,1705,120,79.178138593,-30.7949880565,181.5,0,0,-10.364452889999995,0.0,0,0,0,0,0,0
1004,15,1708,123,78.110285871,-30.7949880565,181.5,0,0,-10.364452889999995,-0.7851858249999921,0,0,0,0,0,0
1004,15,1711,126,77.105248015,-30.952025221499998,181.5,0,0,-9.893341395000022,-0.6281486600000008,0,0,0,0,0,0
1004,15,1714,129,76.131617592,-30.9206177885,181.5,0,0,-10.050378560000013,0.15703716499999132,0,0,0,0,0,0
1004,15,1717,132,75.095172303,-30.9206177885,181.5,0,0,-10.050378560000013,-0.15703716499999132,0,0,0,0,0,0
1004,15,1720,135,74.12154188,-30.952025221499998,181.5,0,0,-9.893341395000022,-0.4711114949999917,0,0,0,0,0,0
1004,15,1723,138,73.116504024,-31.014840087499998,181.5,0,0,-10.050378560000013,-0.6281486600000008,0,0,0,0,0,0
1004,15,1726,141,72.11146616799999,-31.077654953499998,181.5,0,0,-10.050378560000013,-0.3140743300000004,0,0,0,0,0,0
1004,15,1729,144,71.10642831199999,-31.077654953499998,181.5,0,0,-10.207415725000004,-0.15703716500000908,0,0,0,0,0,0
1004,15,1732,147,70.06998302299999,-31.1090623865,181.5,0,0,-10.050378559999942,-0.3140743300000004,0,0,0,0,0,0
1004,15,1735,150,69.0963526,-31.140469819499998,181.5,0,0,-9.89334139499995,-0.3140743300000004,0,0,0,0,0,0
1004,15,1738,153,68.091314744,-31.1718772525,181.5,0,0,-9.73630423000003,-0.3140743300000004,0,0,0,0,0,0
1004,15,1741,156,67.149091754,-31.203284685499998,181.5,0,0,-9.893341395000022,-0.15703716499999132,0,0,0,0,0,0
1004,15,1744,159,66.112646465,-31.203284685499998,181.5,0,0,-10.050378560000013,-0.15703716500000908,0,0,0,0,0,0
1004,15,1747,162,65.139016042,-31.2346921185,181.5,0,0,-9.579267064999968,-0.15703716500000908,0,0,0,0,0,0
1004,15,1750,165,64.196793052,-31.2346921185,181.5,0,0,-9.736304229999995,-0.15703716499999132,0,0,0,0,0,0
1004,15,1753,168,63.191755195999995,-31.266099551499998,181.5,0,0,-10.050378560000048,-0.15703716499999132,0,0,0,0,0,0
1004,15,1756,171,62.186717339999994,-31.266099551499998,181.5,0,0,-9.854082103749988,-0.07851858249999566,0,0,0,0,0,0
1004,15,1759,174,61.22093877525,-31.281803267999997,181.5,0,0,-9.657785647499999,-0.39259291249999606,0,0,0,0,0,0
1004,15,1762,177,60.255160210499994,-31.344618133999997,181.5,0,0,-9.618526356250001,-0.3925929125000138,0,0,0,0,0,0
1004,15,1765,180,59.297233504,-31.3603218505,181.5,0,0,-9.657785647499999,-0.07851858250001342,0,0,0,0,0,0
1004,15,1768,183,58.323603080999995,-31.3603218505,181.5,0,0,-9.736304229999995,-0.15703716499999132,0,0,0,0,0,0
1004,15,1771,186,57.349972658,-31.3917292835,181.5,0,0,-9.422229899999977,-0.3140743300000004,0,0,0,0,0,0
1004,15,1774,189,56.439157101,-31.4231367165,181.5,0,0,-9.579267065000003,-0.15703716500000908,0,0,0,0,0,0
1004,15,1777,192,55.434119245,-31.4231367165,181.5,0,0,-9.736304229999995,0.0,0,0,0,0,0,0
1004,15,1780,195,54.491896255,-31.4231367165,181.5,0,0,-9.736304229999995,-0.15703716499999132,0,0,0,0,0,0
1004,15,1783,198,53.486858399,-31.4545441495,181.5,0,0,-9.893341395000022,-0.4711114949999917,0,0,0,0,0,0
1004,15,1786,201,52.513227975999996,-31.5173590155,181.5,0,0,-9.579267065000003,-0.3140743300000004,0,0,0,0,0,0
1004,15,1789,204,51.571004986,-31.5173590155,181.5,0,0,-9.579267065000003,0.0,0,0,0,0,0,0
1004,15,1792,207,50.597374562999995,-31.5173590155,181.5,0,0,-9.579267065000003,-0.15703716499999132,0,0,0,0,0,0
1004,15,1795,210,49.655151573,-31.548766448499997,181.5,0,0,-9.579267065000003,-0.3140743300000004,0,0,0,0,0,0
1004,15,1798,213,48.681521149999995,-31.5801738815,181.5,0,0,-9.736304229999995,0.15703716499999132,0,0,0,0,0,0
1004,15,1801,216,47.707890727,-31.5173590155,181.5,0,0,-9.579267064999968,-0.15703716499999132,0,0,0,0,0,0
1004,15,1804,219,46.765667737,-31.611581314499997,181.5,0,0,-9.26519273500002,-0.6281486600000008,0,0,0,0,0,0
1004,15,1807,222,45.854852179999995,-31.6429887475,181.5,0,0,-9.26519273500002,-0.15703716500000908,0,0,0,0,0,0
1004,15,1810,225,44.91262919,-31.6429887475,181.5,0,0,-9.579267064999968,-0.3140743300000004,0,0,0,0,0,0
1004,15,1813,228,43.938998767,-31.7058036135,181.5,0,0,-9.265192734999985,-0.3140743300000004,0,0,0,0,0,0
1004,15,1816,231,43.059590643,-31.7058036135,181.5,0,0,-9.26519273500002,0.0,0,0,0,0,0,0
1004,15,1819,234,42.08596022,-31.7058036135,181.5,0,0,-9.422229900000012,0.0,0,0,0,0,0,0
1004,15,1822,237,41.175144663,-31.7058036135,181.5,0,0,-9.265192734999985,-0.15703716499999132,0,0,0,0,0,0
1004,15,1825,240,40.232921673,-31.737211046499997,181.5,0,0,-9.422229900000012,-0.3140743300000004,0,0,0,0,0,0
1004,15,1828,243,39.290698682999995,-31.7686184795,181.5,0,0,-9.26519273500002,-0.4711114950000095,0,0,0,0,0,0
1004,15,1831,246,38.379883125999996,-31.8314333455,181.5,0,0,-9.108155569999994,-0.3140743300000004,0,0,0,0,0,0
1004,15,1834,249,37.469067568999996,-31.8314333455,181.5,0,0,-8.951118405000003,-0.15703716499999132,0,0,0,0,0,0
1004,15,1837,252,36.589659444999995,-31.862840778499997,181.5,0,0,-9.108155569999994,-0.15703716499999132,0,0,0,0,0,0
1004,15,1840,255,35.647436455,-31.862840778499997,181.5,0,0,-9.265192734999985,-0.3140743300000004,0,0,0,0,0,0
1004,15,1843,258,34.736620898,-31.925655644499997,181.5,0,0,-8.951118405000003,-0.4711114950000095,0,0,0,0,0,0
1004,15,1846,261,33.857212774,-31.9570630775,181.5,0,0,-8.794081240000011,-0.3140743300000004,0,0,0,0,0,0
1004,15,1849,264,32.977804649999996,-31.988470510499997,181.5,0,0,-8.951118405000003,-0.15703716499999132,0,0,0,0,0,0
1004,15,1852,267,32.066989093,-31.988470510499997,181.5,0,0,-9.108155569999994,-0.15703716500000908,0,0,0,0,0,0
1004,15,1855,270,31.156173535999997,-32.0198779435,181.5,0,0,-8.951118404999985,-0.15703716500000908,0,0,0,0,0,0
1004,15,1858,273,30.276765412,-32.0198779435,181.5,0,0,-9.265192734999985,-0.15703716499999132,0,0,0,0,0,0
1004,15,1861,276,29.303134989,-32.0512853765,181.5,0,0,-9.422229900000012,-0.31407432999998264,0,0,0,0,0,0
1004,15,1864,279,28.392319431999997,-32.082692809499996,181.5,0,0,-8.951118405000003,-0.31407433000001816,0,0,0,0,0,0
1004,15,1867,282,27.512911308,-32.1141002425,181.5,0,0,-9.265192734999985,-0.31407433000001816,0,0,0,0,0,0
1004,15,1870,285,26.539280885,-32.1455076755,181.5,0,0,-9.422229900000012,-0.15703716499999132,0,0,0,0,0,0
1004,15,1873,288,25.628465327999997,-32.1455076755,181.5,0,0,-9.265192735000003,-0.7851858249999921,0,0,0,0,0,0
1004,15,1876,291,24.686242338,-32.3025448405,181.5,0,0,-8.951118404999985,-0.7851858249999921,0,0,0,0,0,0
1004,15,1879,294,23.838241647,-32.3025448405,181.5,0,0,-9.108155570000012,-0.15703716499999132,0,0,0,0,0,0
1004,15,1882,297,22.864611223999997,-32.333952273499996,181.5,0,0,-9.579267065000003,-0.15703716499999132,0,0,0,0,0,0
1004,15,1885,300,21.922388234,-32.333952273499996,181.5,0,0,-9.108155569999994,-0.15703716500002685,0,0,0,0,0,0
1004,15,1888,303,21.04298011,-32.3653597065,181.5,0,0,-9.579267065000003,-0.15703716500002685,0,0,0,0,0,0
1004,15,1891,306,20.006534821,-32.3653597065,181.5,0,0,-9.579267065000003,-0.15703716499999132,0,0,0,0,0,0
1004,15,1894,309,19.127126696999998,-32.3967671395,181.5,0,0,-9.108155569999994,-0.31407432999998264,0,0,0,0,0,0
1004,15,1897,312,18.184903707,-32.4281745725,181.5,0,0,-9.265192734999985,-0.31407432999998264,0,0,0,0,0,0
1004,15,1900,315,17.27408815,-32.459582005499996,181.5,0,0,-9.108155570000012,-0.15703716499999132,0,0,0,0,0,0
1004,15,1903,318,16.363272592999998,-32.459582005499996,181.5,0,0,-9.579267065000003,-0.31407433000001816,0,0,0,0,0,0
1004,15,1906,321,15.358234737,-32.5223968715,181.5,0,0,-9.736304229999995,-0.4711114950000095,0,0,0,0,0,0
1004,15,1909,324,14.416011746999999,-32.5538043045,181.5,0,0,-9.579267065000003,-0.15703716499999132,0,0,0,0,0,0
1004,15,1912,327,13.442381324,-32.5538043045,181.5,0,0,-9.736304229999995,-0.15703716499999132,0,0,0,0,0,0
1004,15,1915,330,12.468750901,-32.585211737499996,181.5,0,0,-9.736304230000004,0.0,0,0,0,0,0,0
1004,15,1918,333,11.495120477999999,-32.5538043045,181.5,0,0,-9.579267065000003,-0.15703716500002685,0,0,0,0,0,0
1004,15,1921,336,10.552897488,-32.6166191705,181.5,0,0,-9.422229899999994,-0.31407433000001816,0,0,0,0,0,0
1004,15,1924,339,9.610674498,-32.6166191705,181.5,0,0,-9.422229899999994,-0.15703716499999132,0,0,0,0,0,0
1004,15,1927,342,8.668451508,-32.6480266035,181.5,0,0,-9.579267065,-0.47111149499997396,0,0,0,0,0,0
1004,15,1930,345,7.694821085,-32.7108414695,181.5,0,0,-9.579267065000003,-0.15703716499999132,0,0,0,0,0,0
1004,15,1933,348,6.752598095,-32.6794340365,181.5,0,0,-9.579267065000003,0.15703716499999132,0,0,0,0,0,0
1004,15,1936,351,5.778967671999999,-32.6794340365,181.5,0,0,-9.579267065,0.0,0,0,0,0,0,0
1004,15,1939,354,4.836744682,-32.6794340365,181.5,0,0,-9.422229899999998,0.0,0,0,0,0,0,0
1004,15,1942,357,3.8945216919999996,-32.6794340365,181.5,0,0,-9.265192735,0.0,0,0,0,0,0,0
1004,15,1945,360,2.983706135,-32.6794340365,181.5,0,0,-9.108155569999997,0.0,0,0,0,0,0,0
1004,26,1633,0,3.517632496,-39.3692172655,1.5,2.766707851899082,6.035459438186982,15.703716499999993,0.0,0,0,0,0,0,0
1004,26,1636,3,5.088004145999999,-39.3692172655,1.5,2.766707851899082,6.035459438186982,15.389642169999998,0.15703716499999132,0,0,0,0,0,0
1004,26,1639,6,6.5955609299999995,-39.3378098325,1.5,2.766707851899082,6.035459438186982,15.075567840000001,0.15703716499999132,0,0,0,0,0,0
1004,26,1642,9,8.103117714,-39.3378098325,1.5,2.766707851899082,6.035459438186982,14.918530675000001,0.15703716499999132,0,0,0,0,0,0
1004,26,1645,12,9.579267065,-39.3064023995,1.5,2.766707851899082,6.035459438186982,15.075567840000001,0.31407433000001816,0,0,0,0,0,0
1004,26,1648,15,11.118231282,-39.274994966499996,1.5,2.766707851899082,6.035459438186982,15.546679335000002,0.15703716500002685,0,0,0,0,0,0
1004,26,1651,18,12.688602932,-39.274994966499996,1.5,2.766707851899082,6.035459438186982,15.546679334999993,0.15703716499999132,0,0,0,0,0,0
1004,26,1654,21,14.227567148999999,-39.2435875335,1.5,2.766707851899082,6.035459438186982,15.232605004999993,0.0,0,0,0,0,0,0
1004,26,1657,24,15.735123932999999,-39.274994966499996,1.5,2.766707851899082,6.035459438186982,15.075567840000001,-0.15703716499999132,0,0,0,0,0,0
1004,26,1660,27,17.242680717,-39.274994966499996,1.5,2.766707851899082,6.035459438186982,15.232605005000002,0.0,0,0,0,0,0,0
1004,26,1663,30,18.781644934,-39.274994966499996,1.5,2.766707851899082,6.035459438186982,15.232605004999993,0.15703716499999132,0,0,0,0,0,0
1004,26,1666,33,20.289201717999997,-39.2435875335,1.5,2.766707851899082,6.035459438186982,15.075567840000001,0.31407432999998264,0,0,0,0,0,0
1004,26,1669,36,21.796758502,-39.2121801005,1.5,2.766707851899082,6.035459438186982,15.075567840000001,0.31407432999998264,0,0,0,0,0,0
1004,26,1672,39,23.304315285999998,-39.1807726675,1.5,2.766707851899082,6.035459438186982,15.075567840000001,0.31407433000001816,0,0,0,0,0,0
1004,26,1675,42,24.81187207,-39.149365234499996,1.5,2.766707851899082,6.035459438186982,15.075567840000001,0.15703716500002685,0,0,0,0,0,0
1004,26,1678,45,26.319428853999998,-39.149365234499996,1.5,2.766707851899082,6.035459438186982,14.761493510000001,0.15703716499999132,0,0,0,0,0,0
1004,26,1681,48,27.764170772,-39.1179578015,1.5,2.766707851899082,6.035459438186982,14.91853067500001,0.15703716499999132,0,0,0,0,0,0
1004,26,1684,51,29.303134989,-39.1179578015,1.5,2.766707851899082,6.035459438186982,15.232605004999993,0.7851858249999921,0,0,0,0,0,0
1004,26,1687,54,30.810691773,-38.9609206365,1.5,2.766707851899082,6.035459438186982,15.232605004999975,0.7851858249999921,0,0,0,0,0,0
1004,26,1690,57,32.349655989999995,-38.9609206365,1.5,2.766707851899082,6.035459438186982,15.389642169999984,0.15703716499999132,0,0,0,0,0,0
1004,26,1693,60,33.888620206999995,-38.9295132035,1.5,2.766707851899082,6.035459438186982,15.07556784000002,0.31407433000001816,0,0,0,0,0,0
1004,26,1696,63,35.364769558,-38.898105770499996,1.5,2.766707851899082,6.035459438186982,15.23260500500001,0.15703716500002685,0,0,0,0,0,0
1004,26,1699,66,36.935141208,-38.898105770499996,1.5,2.766707851899082,6.035459438186982,15.546679334999993,0.23555574749998698,0,0,0,0,0,0
1004,26,1702,69,38.474105425,-38.850994621,2.5,2.766707851899082,6.035459438186982,15.23260500500001,0.23555574749998698,0,0,0,0,0,0
1004,26,1705,72,39.981662209,-38.850994621,2.5,2.766707851899082,6.035459438186982,15.23260500500001,0.15703716499999132,0,0,0,0,0,0
1004,26,1708,75,41.520626426,-38.819587188,2.5,2.766707851899082,6.035459438186982,15.546679334999993,0.31407432999998264,0,0,0,0,0,0
1004,26,1711,78,43.090998076,-38.788179755,2.5,2.766707851899082,6.035459438186982,15.703716499999985,0.31407433000001816,0,0,0,0,0,0
1004,26,1714,81,44.661369726,-38.756772321999996,2.5,2.766707851899082,6.035459438186982,15.389642170000002,0.15703716500002685,0,0,0,0,0,0
1004,26,1717,84,46.16892651,-38.756772321999996,2.5,2.766707851899082,6.035459438186982,15.07556784000002,0.15703716499999132,0,0,0,0,0,0
1004,26,1720,87,47.676483294,-38.725364889,2.5,2.766707851899082,6.035459438186982,15.23260500500001,0.31407432999998264,0,0,0,0,0,0
1004,26,1723,90,49.215447511,-38.693957456,2.5,2.766707851899082,6.035459438186982,15.389642170000002,0.4711114950000095,0,0,0,0,0,0
1004,26,1726,93,50.754411728,-38.631142589999996,2.5,2.766707851899082,6.035459438186982,15.546679334999993,0.4711114950000095,0,0,0,0,0,0
1004,26,1729,96,52.324783378,-38.599735157,2.5,2.766707851899082,6.035459438186982,15.703716499999985,0.15703716499999132,0,0,0,0,0,0
1004,26,1732,99,53.895155028,-38.599735157,2.5,2.766707851899082,6.035459438186982,15.546679334999993,0.0,0,0,0,0,0,0
1004,26,1735,102,55.434119245,-38.599735157,2.5,2.766707851899082,6.035459438186982,15.546679334999993,-0.15703716499999132,0,0,0,0,0,0
1004,26,1738,105,57.004490894999996,-38.631142589999996,2.5,2.766707851899082,6.035459438186982,15.546679334999993,0.15703716499999132,0,0,0,0,0,0
1004,26,1741,108,58.543455112,-38.568327724,2.5,2.766707851899082,6.035459438186982,15.546679334999993,0.31407432999998264,0,0,0,0,0,0
1004,26,1744,111,60.113826761999995,-38.568327724,2.5,2.766707851899082,6.035459438186982,15.860753665000011,0.4711114950000095,0,0,0,0,0,0
1004,26,1747,114,61.715605845,-38.474105425,2.5,2.766707851899082,6.035459438186982,15.860753665000011,0.942222990000019,0,0,0,0,0,0
1004,26,1750,117,63.285977495,-38.379883125999996,2.5,2.766707851899082,6.035459438186982,15.546679334999993,0.31407432999998264,0,0,0,0,0,0
1004,26,1753,120,64.824941712,-38.411290559,2.5,2.766707851899082,6.035459438186982,15.546679334999993,0.15703716499999132,0,0,0,0,0,0
1004,26,1756,123,66.395313362,-38.348475693,2.5,2.766707851899082,6.035459438186982,15.703716499999985,0.6281486600000008,0,0,0,0,0,0
1004,26,1759,126,67.965685012,-38.285660827,2.5,2.766707851899082,6.035459438186982,15.860753664999976,0.6281486600000008,0,0,0,0,0,0
1004,26,1762,129,69.56746409499999,-38.222845961,2.5,2.766707851899082,6.035459438186982,15.703716499999985,0.7851858250000276,0,0,0,0,0,0
1004,26,1765,132,71.10642831199999,-38.128623661999995,2.5,2.766707851899082,6.035459438186982,15.703716500000056,0.6281486600000008,0,0,0,0,0,0
1004,26,1768,135,72.708207395,-38.097216229,2.5,2.766707851899082,6.035459438186982,16.01779083000004,0.6281486600000008,0,0,0,0,0,0
1004,26,1771,138,74.309986478,-38.002993929999995,2.5,2.766707851899082,6.035459438186982,15.703716499999985,0.6281486600000008,0,0,0,0,0,0
1004,26,1774,141,75.848950695,-37.971586497,2.5,2.766707851899082,6.035459438186982,15.546679334999993,0.47111149499997396,0,0,0,0,0,0
1004,26,1777,144,77.419322345,-37.908771631,2.5,2.766707851899082,6.035459438186982,15.546679334999993,0.4711114950000095,0,0,0,0,0,0
1004,26,1780,147,78.958286562,-37.877364197999995,2.5,2.766707851899082,6.035459438186982,15.860753664999976,0.31407433000001816,0,0,0,0,0,0
1004,26,1783,150,80.59147307799999,-37.845956765,2.5,2.766707851899082,6.035459438186982,15.860753664999976,0.31407432999998264,0,0,0,0,0,0
1004,26,1786,153,82.130437295,-37.814549332,2.5,2.766707851899082,6.035459438186982,15.389642170000002,0.6281486600000008,0,0,0,0,0,0
1004,26,1789,156,83.669401512,-37.720327033,2.5,2.766707851899082,6.035459438186982,15.389642170000002,0.6281486600000008,0,0,0,0,0,0
1004,26,1792,159,85.208365729,-37.6889196,2.5,2.766707851899082,6.035459438186982,15.389642170000002,0.4711114950000095,0,0,0,0,0,0
1004,26,1795,162,86.747329946,-37.626104733999995,2.5,2.766707851899082,6.035459438186982,15.389642170000002,0.4711114950000095,0,0,0,0,0,0
1004,26,1798,165,88.286294163,-37.594697301,2.5,2.766707851899082,6.035459438186982,15.23260500500001,0.6281486599999653,0,0,0,0,0,0
1004,26,1801,168,89.793850947,-37.500475002,2.5,2.766707851899082,6.035459438186982,15.389642170000002,0.7851858249999921,0,0,0,0,0,0
1004,26,1804,171,91.364222597,-37.437660136,2.5,2.766707851899082,6.035459438186982,15.389642170000002,0.6281486600000008,0,0,0,0,0,0
1004,26,1807,174,92.871779381,-37.37484527,2.5,2.766707851899082,6.035459438186982,15.07556784000002,0.4711114950000095,0,0,0,0,0,0
1004,26,1810,177,94.379336165,-37.343437836999996,2.5,2.766707851899082,6.035459438186982,15.07556784000002,0.15703716500002685,0,0,0,0,0,0
1004,26,1813,180,95.886892949,-37.343437836999996,2.5,2.766707851899082,6.035459438186982,14.918530674999957,0.47111149499997396,0,0,0,0,0,0
1004,26,1816,183,97.36304229999999,-37.249215538,2.5,2.766707851899082,6.035459438186982,14.918530674999957,0.6281486600000008,0,0,0,0,0,0
1004,26,1819,186,98.87059908399999,-37.217808104999996,2.5,2.766707851899082,6.035459438186982,15.07556784000002,0.31407433000001816,0,0,0,0,0,0
1004,26,1822,189,100.378155868,-37.186400672,2.5,2.766707851899082,6.035459438186982,14.761493510000037,0.47111149499997396,0,0,0,0,0,0
1004,26,1825,192,101.822897786,-37.123585806,2.5,2.766707851899082,6.035459438186982,14.761493510000037,0.4711114950000095,0,0,0,0,0,0
1004,26,1828,195,103.33045457,-37.092178372999996,2.5,2.766707851899082,6.035459438186982,14.918530674999957,0.31407433000001816,0,0,0,0,0,0
1004,26,1831,198,104.80660392099999,-37.06077094,2.5,2.766707851899082,6.035459438186982,14.761493509999966,0.47111149499997396,0,0,0,0,0,0
1004,26,1834,201,106.282753272,-36.997956074,2.5,2.766707851899082,6.035459438186982,14.918530675000028,0.4711114950000095,0,0,0,0,0,0
1004,26,1837,204,107.790310056,-36.966548640999996,2.5,2.766707851899082,6.035459438186982,14.761493510000037,0.31407433000001816,0,0,0,0,0,0
1004,26,1840,207,109.235051974,-36.935141208,2.5,2.766707851899082,6.035459438186982,14.447419179999983,0.47111149499997396,0,0,0,0,0,0
1004,26,1843,210,110.67979389199999,-36.872326342,2.5,2.766707851899082,6.035459438186982,14.604456344999974,0.6281486600000008,0,0,0,0,0,0
1004,26,1846,213,112.155943243,-36.809511476,2.5,2.766707851899082,6.035459438186982,14.604456345000045,0.31407433000001816,0,0,0,0,0,0
1004,26,1849,216,113.600685161,-36.809511476,2.5,2.766707851899082,6.035459438186982,14.290382014999992,0.15703716499999132,0,0,0,0,0,0
1004,26,1852,219,115.014019646,-36.778104043,2.5,2.766707851899082,6.035459438186982,14.290382014999992,0.4711114950000095,0,0,0,0,0,0
1004,26,1855,222,116.458761564,-36.715289176999995,2.5,2.766707851899082,6.035459438186982,14.447419180000054,0.6281486600000363,0,0,0,0,0,0
1004,29,1735,0,1.696001382,-39.698995312,2.5,0,0,15.389642169999997,0.0,0,0,0,0,0,0
1004,29,1738,3,3.2349655989999997,-39.698995312,2.5,0,0,14.604456345,0.15703716500002685,0,0,0,0,0,0
1004,29,1741,6,4.616892651,-39.667587878999996,2.5,0,0,14.13334485,0.15703716500002685,0,0,0,0,0,0
1004,29,1744,9,6.061634569,-39.667587878999996,2.5,0,0,14.918530675000001,0.15703716499999132,0,0,0,0,0,0
1004,29,1747,12,7.600598786,-39.636180446,2.5,0,0,14.761493509999998,0.15703716499999132,0,0,0,0,0,0
1004,29,1750,15,9.013933270999999,-39.636180446,2.5,0,0,14.447419179999997,0.0,0,0,0,0,0,0
1004,29,1753,18,10.490082622,-39.636180446,2.5,0,0,14.761493510000001,0.0,0,0,0,0,0,0
1004,29,1756,21,11.966231973,-39.636180446,2.5,0,0,14.44741918,0.0,0,0,0,0,0,0
1004,29,1759,24,13.379566458,-39.636180446,2.5,0,0,14.290382015,0.0,0,0,0,0,0,0
1004,29,1762,27,14.824308376,-39.636180446,2.5,0,0,14.918530674999992,0.15703716499999132,0,0,0,0,0,0
1004,29,1765,30,16.363272592999998,-39.604773013,2.5,0,0,14.761493509999992,0.15703716499999132,0,0,0,0,0,0
1004,29,1768,33,17.776607077999998,-39.604773013,2.5,0,0,14.13334485,0.15703716499999132,0,0,0,0,0,0
1004,29,1771,36,19.189941562999998,-39.57336558,2.5,0,0,14.29038201500001,0.15703716499999132,0,0,0,0,0,0
1004,29,1774,39,20.634683481,-39.57336558,2.5,0,0,14.44741918,0.0,0,0,0,0,0,0
1004,29,1777,42,22.079425398999998,-39.57336558,2.5,0,0,14.290382014999992,0.15703716500002685,0,0,0,0,0,0
1004,29,1780,45,23.492759883999998,-39.541958146999995,2.5,0,0,13.976307685000009,0.31407433000001816,0,0,0,0,0,0
1004,29,1783,48,24.874686936,-39.510550714,2.5,0,0,14.29038201500001,0.15703716499999132,0,0,0,0,0,0
1004,29,1786,51,26.350836287,-39.510550714,2.5,0,0,14.13334485,0.15703716499999132,0,0,0,0,0,0
1004,29,1789,54,27.701355906,-39.479143281,2.5,0,0,13.81927052,0.4711114950000095,0,0,0,0,0,0
1004,29,1792,57,29.114690391,-39.416328414999995,2.5,0,0,14.13334485,0.6281486600000008,0,0,0,0,0,0
1004,29,1795,60,30.528024876,-39.353513549,2.5,0,0,14.13334485,0.31407432999998264,0,0,0,0,0,0
1004,29,1798,63,31.941359361,-39.353513549,2.5,0,0,13.976307684999991,0.15703716499999132,0,0,0,0,0,0
1004,29,1801,66,33.323286413,-39.322106116,2.5,0,0,14.133344849999983,0.6281486600000008,0,0,0,0,0,0
1004,29,1804,69,34.768028331,-39.227883817,2.5,0,0,14.447419179999983,0.6281486600000008,0,0,0,0,0,0
1004,29,1807,72,36.212770248999995,-39.196476384,2.5,0,0,13.976307685000009,0.31407433000001816,0,0,0,0,0,0
1004,29,1810,75,37.563289868,-39.165068950999995,2.5,0,0,14.13334485,0.4711114950000095,0,0,0,0,0,0
1004,29,1813,78,39.039439218999995,-39.102254085,2.5,0,0,14.840012092499997,0.23555574749998698,0,0,0,0,0,0
1004,29,1816,81,40.5312922865,-39.1179578015,1.0,0,0,14.525937762500014,0.23555574749998698,0,0,0,0,0,0
1004,29,1819,84,41.9446267715,-39.0551429355,1.0,0,0,14.447419180000018,0.4711114950000095,0,0,0,0,0,0
1004,29,1822,87,43.4207761225,-39.023735502499996,1.0,0,0,14.447419180000018,0.31407433000001816,0,0,0,0,0,0
1004,29,1825,90,44.8341106075,-38.9923280695,1.0,0,0,14.447419179999983,0.31407432999998264,0,0,0,0,0,0
1004,29,1828,93,46.3102599585,-38.9609206365,1.0,0,0,14.604456344999974,0.31407432999998264,0,0,0,0,0,0
1004,29,1831,96,47.755001876499996,-38.9295132035,1.0,0,0,14.60445634500001,0.31407433000001816,0,0,0,0,0,0
1004,29,1834,99,49.2311512275,-38.898105770499996,1.0,0,0,14.761493510000001,0.31407433000001816,0,0,0,0,0,0
1004,29,1837,102,50.707300578499996,-38.8666983375,1.0,0,0,14.604456344999974,0.31407432999998264,0,0,0,0,0,0
1004,29,1840,105,52.152042496499995,-38.8352909045,1.0,0,0,14.60445634500001,0.15703716499999132,0,0,0,0,0,0
1004,29,1843,108,53.6281918475,-38.8352909045,1.0,0,0,14.761493510000001,0.0,0,0,0,0,0,0
1004,29,1846,111,55.104341198499995,-38.8352909045,1.0,0,0,14.761493510000001,0.31407433000001816,0,0,0,0,0,0
1004,29,1849,114,56.5804905495,-38.772476038499995,1.0,0,0,15.07556784000002,0.31407433000001816,0,0,0,0,0,0
1004,29,1852,117,58.1194547665,-38.772476038499995,1.0,0,0,14.761493510000001,0.15703716499999132,0,0,0,0,0,0
1004,29,1855,120,59.5327892515,-38.7410686055,1.0,0,0,14.761493510000001,0.15703716499999132,0,0,0,0,0,0
1004,29,1858,123,61.0717534685,-38.7410686055,1.0,0,0,15.075567839999984,0.11777787374999349,0,0,0,0,0,0
1004,29,1861,126,62.547902819499996,-38.71751303075,1.0,0,0,14.525937762499979,0.3925929124999783,0,0,0,0,0,0
1004,29,1864,129,63.976941020999995,-38.662550023,1.0,0,0,14.447419179999983,0.19629645624998915,0,0,0,0,0,0
1004,29,1867,132,65.43738665549999,-38.6782537395,1.0,0,0,14.682974927500005,0.07851858250003119,0,0,0,0,0,0
1004,29,1870,135,66.9135360065,-38.646846306499995,1.0,0,0,14.447419180000054,0.31407433000001816,0,0,0,0,0,0
1004,29,1873,138,68.3268704915,-38.6154388735,1.0,0,0,14.290382014999992,0.31407432999998264,0,0,0,0,0,0
1004,29,1876,141,69.7716124095,-38.5840314405,1.0,0,0,14.604456344999974,0.31407432999998264,0,0,0,0,0,0
1004,29,1879,144,71.2477617605,-38.5526240075,1.0,0,0,14.918530675000028,0.0,0,0,0,0,0,0
1004,29,1882,147,72.7553185445,-38.5840314405,1.0,0,0,15.07556784000002,0.0,0,0,0,0,0,0
1004,29,1885,150,74.2628753285,-38.5526240075,1.0,0,0,14.761493509999966,0.31407433000001816,0,0,0,0,0,0
1004,29,1888,153,75.70761724649999,-38.521216574499995,1.0,0,0,14.761493509999966,0.4711114950000095,0,0,0,0,0,0
1004,29,1891,156,77.2151740305,-38.4584017085,1.0,0,0,14.918530675000028,0.47111149499997396,0,0,0,0,0,0
1004,29,1894,159,78.6913233815,-38.4269942755,1.0,0,0,14.604456344999974,0.31407433000001816,0,0,0,0,0,0
1004,29,1897,162,80.13606529949999,-38.395586842499995,1.0,0,0,14.761493509999966,0.4711114950000095,0,0,0,0,0,0
1004,29,1900,165,81.64362208349999,-38.3327719765,1.0,0,0,15.389642170000002,0.47111149499997396,0,0,0,0,0,0
1004,29,1903,168,83.21399373349999,-38.3013645435,1.0,0,0,15.07556784000002,0.4711114950000095,0,0,0,0,0,0
1004,29,1906,171,84.6587356515,-38.2385496775,1.0,0,0,14.761493510000037,0.4711114950000095,0,0,0,0,0,0
1004,29,1909,174,86.1662924355,-38.2071422445,3.5,0,0,14.761493510000037,0.6281486600000008,0,0,0,0,0,0
1004,29,1912,177,87.6110343535,-38.112919945499996,3.5,0,0,14.604456344999974,0.9422229899999834,0,0,0,0,0,0
1004,29,1915,180,89.08718370449999,-38.0186976465,3.5,0,0,14.604456344999974,0.9422229899999834,0,0,0,0,0,0
1004,29,1918,183,90.5319256225,-37.9244753475,3.5,0,0,14.918530675000028,0.7851858250000276,0,0,0,0,0,0
1004,29,1921,186,92.0708898395,-37.861660481499996,3.5,0,0,14.918530674999957,0.7851858249999921,0,0,0,0,0,0
1004,29,1924,189,93.51563175749999,-37.7674381825,4.0,0,0,14.604456344999974,0.9422229899999834,0,0,0,0,0,0
1004,29,1927,192,94.99178110849999,-37.6732158835,4.0,0,0,15.23260500500001,0.7851858250000276,0,0,0,0,0,0
1004,29,1930,195,96.56215275849999,-37.610401017499996,4.0,0,0,15.23260500500001,0.7851858249999921,0,0,0,0,0,0
1004,29,1933,198,98.0383021095,-37.5161787185,4.0,0,0,14.447419180000054,0.6281486600000008,0,0,0,0,0,0
1004,29,1936,201,99.4516365945,-37.484771285499995,4.0,0,0,14.13334485,0.6281486600000008,0,0,0,0,0,0
1004,29,1939,204,100.8649710795,-37.3905489865,4.0,0,0,14.918530674999957,0.9422229899999834,0,0,0,0,0,0
1004,29,1942,207,102.4353427295,-37.2963266875,4.0,0,0,15.23260500500001,0.7851858250000276,0,0,0,0,0,0
1004,29,1945,210,103.9114920805,-37.233511821499995,4.0,0,0,14.918530675000028,0.7851858249999921,0,0,0,0,0,0
1004,29,1948,213,105.4190488645,-37.1392895225,4.0,0,0,15.23260500500001,0.6281486600000008,0,0,0,0,0,0
1004,29,1951,216,106.9580130815,-37.107882089499995,4.0,0,0,15.389642170000002,0.4711114950000095,0,0,0,0,0,0
1004,29,1954,219,108.4969772985,-37.0450672235,4.0,0,0,15.703716499999985,0.7851858249999921,0,0,0,0,0,0
1004,29,1957,222,110.0987563815,-36.9508449245,4.0,0,0,15.546679334999993,0.7851858249999921,0,0,0,0,0,0
1004,29,1960,225,111.6063131655,-36.8880300585,4.0,0,0,15.07556784000002,0.6281486600000008,0,0,0,0,0,0
1004,29,1963,228,113.1138699495,-36.825215192499996,4.0,0,0,14.918530674999957,0.31407433000001816,0,0,0,0,0,0
1004,29,1966,231,114.59001930049999,-36.825215192499996,4.0,0,0,14.761493509999966,0.31407432999998264,0,0,0,0,0,0
1004,29,1969,234,116.06616865149999,-36.7624003265,4.0,0,0,14.604456345000045,0.47111149499997396,0,0,0,0,0,0
1004,29,1972,237,117.5109105695,-36.7309928935,4.0,0,0,14.604456344999974,0.31407433000001816,0,0,0,0,0,0
1004,29,1975,240,118.98705992049999,-36.699585460499996,4.0,0,0,14.761493509999895,0.3140743300000537,0,0,0,0,0,0
1004,42,1804,0,60.475012241499996,-2.0257794285,271.0,0,0,0.6281486600000363,-9.736304229999998,0,0,0,0,0,0
1004,42,1807,3,60.5378271075,-2.9994098515,271.0,0,0,0.7851858249999921,-9.579267064999998,0,0,0,0,0,0
1004,42,1810,6,60.632049406499995,-3.9416328414999997,271.0,0,0,0.47111149499997396,-8.951118404999999,0,0,0,0,0,0
1004,42,1813,9,60.632049406499995,-4.7896335325,271.0,0,0,0.4711114950000095,-8.794081239999997,0,0,0,0,0,0
1004,42,1816,12,60.7262717055,-5.700449089499999,271.0,0,0,0.6281486600000008,-8.637044074999999,0,0,0,0,0,0
1004,42,1819,15,60.757679138499995,-6.517042347499999,271.0,0,0,0.4711114950000095,-8.322969745000002,0,0,0,0,0,0
1004,42,1822,18,60.8204940045,-7.3650430385,271.0,0,0,0.6281486600000008,-8.008895414999998,0,0,0,0,0,0
1004,42,1825,21,60.883308870499995,-8.118821430499999,271.0,0,0,0.4711114950000095,-7.066672425,0,0,0,0,0,0
1004,42,1828,24,60.9147163035,-8.7783775235,271.0,0,0,0.19629645625002468,-6.752598095,0,0,0,0,0,0
1004,42,1831,27,60.92256816175,-9.469341049499999,271.0,0,0,0.23555574749998698,-7.694821085000001,0,0,0,0,0,0
1004,42,1834,30,60.961827453,-10.3173417405,271.0,0,0,0.7066672424999965,-7.537783920000001,0,0,0,0,0,0
1004,42,1837,33,61.06390161025,-10.976897833499999,271.0,0,0,0.7066672424999965,-6.5955609299999995,0,0,0,0,0,0
1004,42,1840,36,61.1031609015,-11.6364539265,271.0,0,0,0.23555574749998698,-6.5955609299999995,0,0,0,0,0,0
1004,42,1843,39,61.11101275975,-12.296010019499999,271.0,0,0,-0.3925929125000138,-5.967412269999999,0,0,0,0,0,0
1004,42,1846,42,61.024642318999994,-12.8299363805,271.0,0,0,0.3925929125000138,-5.653337939999998,0,0,0,0,0,0
1004,42,1849,45,61.18953134225,-13.426677607499999,271.0,0,0,0.07851858249999566,-5.496300774999998,0,0,0,0,0,0
1004,42,1852,48,61.040346035499994,-13.9291965355,271.0,0,0,-0.5496300775000051,-5.339263610000007,0,0,0,0,0,0
1004,42,1855,51,61.07960532675,-14.4945303295,271.0,0,0,0.15703716500002685,-5.967412269999999,0,0,0,0,0,0
1004,42,1858,54,61.0717534685,-15.122678989499999,271.0,0,0,-0.353333621250016,-5.417782192499994,0,0,0,0,0,0
1004,42,1861,57,61.008938602499995,-15.578086767999999,269.5,0,0,-0.4711114950000095,-4.318522037500001,0,0,0,0,0,0
1004,42,1864,60,60.9775311695,-15.986383396999999,268.0,0,0,-0.31407432999998264,-4.63259636750001,0,0,0,0,0,0
1004,42,1867,63,60.9461237365,-16.5046060415,268.0,0,0,-0.353333621250016,-4.6325963675000015,0,0,0,0,0,0
1004,42,1870,66,60.906864445249994,-16.9129026705,271.0,0,0,-0.3925929125000138,-4.2400034549999965,0,0,0,0,0,0
1004,42,1873,69,60.867605153999996,-17.3526067325,271.0,0,0,-0.07851858249999566,-4.2400034549999965,0,0,0,0,0,0
1004,42,1876,72,60.891160728749995,-17.7609033615,271.0,0,0,0.0,-4.161484872500001,0,0,0,0,0,0
1004,42,1879,75,60.867605153999996,-18.184903707,271.0,0,0,0.2355557475000225,-4.514818493749999,0,0,0,0,0,0
1004,42,1882,78,60.93827187825,-18.66386706025,271.0,0,0,-0.15703716499999132,-4.475559202500001,0,0,0,0,0,0
1004,42,1885,81,60.836197721,-19.0800155475,273.0,0,0,-0.5103707862500073,-3.6511140862500113,0,0,0,0,0,0
1004,42,1888,84,60.836197721,-19.3940898775,273.0,0,0,0.2748150387499848,-3.925929124999996,0,0,0,0,0,0
1004,42,1891,87,60.891160728749995,-19.8652013725,273.0,0,0,1.177778737500006,-4.2400034549999965,0,0,0,0,0,0
1004,42,1894,90,61.0717534685,-20.2420905685,276.5,0,0,0.8637044075000233,-3.6903733774999914,0,0,0,0,0,0
1004,42,1897,93,61.06390161025,-20.603276047999998,278.0,0,0,-0.15703716500002685,-3.6903733774999914,0,0,0,0,0,0
1004,42,1900,96,61.040346035499994,-20.980165244,280.0,0,0,-0.19629645625002468,-4.082966290000005,0,0,0,0,0,0
1004,42,1903,99,61.024642318999994,-21.419869306,281.0,0,0,0.353333621250016,-3.925929124999996,0,0,0,0,0,0
1004,42,1906,102,61.11101275975,-21.765351068999998,282.5,0,0,0.6281486600000008,-3.4548176300000044,0,0,0,0,0,0
1004,42,1909,105,61.150272050999995,-22.110832832,280.0,0,0,0.23555574749998698,-3.925929125000014,0,0,0,0,0,0
1004,42,1912,108,61.158123909249994,-22.550536894,280.0,0,0,0.31407433000001816,-4.2400034549999965,0,0,0,0,0,0
1004,42,1915,111,61.213086917,-22.958833523,271.0,0,0,0.11777787375002902,-4.0829662899999875,0,0,0,0,0,0
1004,42,1918,114,61.181679484,-23.367130151999998,271.0,0,0,-0.942222990000019,-3.4548176300000044,0,0,0,0,0,0
1004,42,1921,117,61.024642318999994,-23.649797049,271.0,0,0,-1.4133344850000285,-3.297780465000013,0,0,0,0,0,0
1004,42,1924,120,60.899012586999994,-24.026686245,271.0,0,0,-1.3348159024999973,-3.768891959999987,0,0,0,0,0,0
1004,42,1927,123,60.757679138499995,-24.403575440999997,271.0,0,0,-1.4918530674999886,-3.768891959999987,0,0,0,0,0,0
1004,42,1930,126,60.6006419735,-24.780464636999998,268.5,0,0,-1.8844459800000024,-3.768891960000005,0,0,0,0,0,0
1004,42,1933,129,60.380789942499995,-25.157353833,262.0,0,0,-1.4525937762499908,-3.6118547949999957,0,0,0,0,0,0
1004,42,1936,132,60.31012321825,-25.502835595999997,262.0,0,0,-1.8059273974999712,-4.2400034549999965,0,0,0,0,0,0
1004,42,1939,135,60.019604463,-26.005354523999998,242.0,0,0,-2.865928261250019,-4.082966290000005,0,0,0,0,0,0
1004,42,1942,138,59.736937565999995,-26.319428853999998,239.5,0,0,-3.297780465000031,-3.297780465000013,0,0,0,0,0,0
1004,42,1945,141,59.360048369999994,-26.664910617,239.5,0,0,-3.611854794999978,-4.082966290000005,0,0,0,0,0,0
1004,42,1948,144,59.014566607,-27.136022112,231.5,0,0,-3.1407432999999685,-3.768891959999987,0,0,0,0,0,0
1004,42,1951,147,58.73189971,-27.418689008999998,231.5,0,0,-3.2977804649999953,-3.2585211737499975,0,0,0,0,0,0
1004,42,1954,150,58.355010514,-27.78772634675,231.5,0,0,-4.240003455000014,-3.6118547950000135,0,0,0,0,0,0
1004,42,1957,153,57.883899019,-28.141059968,229.0,0,0,-4.750374241250022,-3.4155583387500066,0,0,0,0,0,0
1004,42,1960,156,57.404935665749996,-28.4708380145,225.5,0,0,-5.888893687499994,-3.6903733774999914,0,0,0,0,0,0
1004,42,1963,159,56.7061202815,-28.8791346435,219.5,0,0,-5.849634396249996,-4.0829662899999875,0,0,0,0,0,0
1004,42,1966,162,56.235008786499996,-29.287431272499997,219.5,0,0,-6.085190143750019,-3.2585211737499975,0,0,0,0,0,0
1004,42,1969,165,55.489082252749995,-29.530838878249998,217.5,0,0,-7.2237095899999915,-2.9837061350000127,0,0,0,0,0,0
1004,42,1972,168,54.7902668685,-29.8841724995,217.0,0,0,-7.459265337499978,-3.2977804649999953,0,0,0,0,0,0
1004,42,1975,171,53.99722918525,-30.190394971249997,217.0,0,0,-7.655561793750003,-2.983706134999995,0,0,0,0,0,0
1004,42,1978,174,53.25915450975,-30.4809137265,212.5,0,0,-7.9303768325000235,-2.748150387500008,0,0,0,0,0,0
1004,42,1981,177,52.411153818749995,-30.74002504875,206.0,0,0,-8.637044074999984,-2.6303725137499967,0,0,0,0,0,0
1004,42,1984,180,51.53174569475,-31.00698822925,201.0,0,0,-8.519266201249991,-1.8451866887500046,0,0,0,0,0,0
1004,42,1987,183,50.707300578499996,-31.1090623865,194.5,0,0,-9.343711317500016,-1.8451866887500046,0,0,0,0,0,0
1004,42,1990,186,49.66300343125,-31.376025567,189.5,0,0,-9.736304229999995,-1.6488902324999977,0,0,0,0,0,0
1004,42,1993,189,48.7600397325,-31.438840433,187.5,0,0,-9.540007773750006,-1.0992601549999925,0,0,0,0,0,0
1004,42,1996,192,47.755001876499996,-31.595877597999998,187.5,0,0,-9.736304229999995,-1.2562973200000016,0,0,0,0,0,0
1004,42,1999,195,46.8127788865,-31.690099897,186.5,0,0,-9.579267065000003,-0.981482281249999,0,0,0,0,0,0
1004,42,2002,198,45.839148463499996,-31.792174054249998,185.0,0,0,-10.639267928750016,-0.8637044074999878,0,0,0,0,0,0
1004,42,2005,201,44.684925300749995,-31.862840778499997,185.0,0,0,-10.600008637499982,-0.6674079512499986,0,0,0,0,0,0
1004,42,2008,204,43.719146736,-31.925655644499997,182.5,0,0,-10.16815643374997,-0.4711114950000095,0,0,0,0,0,0
1004,42,2011,207,42.651294014,-31.9570630775,182.5,0,0,-11.620750209999997,-0.6281486600000008,0,0,0,0,0,0
1004,42,2014,210,41.394996694,-32.0512853765,182.5,0,0,-11.542231627500001,-0.7851858250000099,0,0,0,0,0,0
1004,42,2017,213,40.3428476885,-32.1141002425,181.0,0,0,-11.071120132499992,-0.4711114950000095,0,0,0,0,0,0
1004,42,2020,216,39.1807726675,-32.1455076755,181.0,0,0,-11.149638715000023,-0.15703716499999132,0,0,0,0,0,0
1004,42,2023,219,38.112919945499996,-32.1455076755,181.0,0,0,-11.463713045000006,0.0,0,0,0,0,0,0
1004,42,2026,222,36.8880300585,-32.1455076755,181.0,0,0,-12.248898869999998,-0.31407432999998264,0,0,0,0,0,0
1004,42,2029,225,35.6631401715,-32.208322541499996,181.0,0,0,-12.091861705000007,-0.6281486600000008,0,0,0,0,0,0
1004,42,2032,228,34.4696577175,-32.2711374075,181.0,0,0,-12.40593603499999,-0.31407433000001816,0,0,0,0,0,0
1004,42,2035,231,33.1819529645,-32.2711374075,181.0,0,0,-12.248898869999998,0.0,0,0,0,0,0,0
1004,42,2038,234,32.0198779435,-32.2711374075,181.0,0,0,-12.720010365000007,-0.31407432999998264,0,0,0,0,0,0
1004,42,2041,237,30.637950891499997,-32.333952273499996,181.0,0,0,-13.034084695000008,-0.6281486600000008,0,0,0,0,0,0
1004,42,2044,240,29.413061004499998,-32.3967671395,181.0,0,0,-12.40593603499999,-0.4711114950000095,0,0,0,0,0,0
1004,42,2047,243,28.1567636845,-32.4281745725,181.0,0,0,-12.877047529999999,-0.15703716499999132,0,0,0,0,0,0
1004,42,2050,246,26.837651498499998,-32.4281745725,181.0,0,0,-12.720010365000007,-0.4711114950000095,0,0,0,0,0,0
1004,42,2053,249,25.612761611499998,-32.5223968715,181.0,0,0,-12.40593603499999,-0.6281486600000008,0,0,0,0,0,0
1004,42,2056,252,24.3564642915,-32.5538043045,181.0,0,0,-12.877047529999999,-0.7851858249999921,0,0,0,0,0,0
1004,42,2059,255,23.0373521055,-32.6794340365,181.0,0,0,-12.877047529999999,-0.6281486600000008,0,0,0,0,0,0
1004,42,2062,258,21.7810547855,-32.6794340365,181.0,0,0,-12.562973199999998,-0.15703716499999132,0,0,0,0,0,0
1004,42,2065,261,20.5247574655,-32.7108414695,181.0,0,0,-12.248898869999998,-0.31407433000001816,0,0,0,0,0,0
1004,42,2068,264,19.3312750115,-32.7422489025,181.0,0,0,-12.562973199999998,-0.942222990000019,0,0,0,0,0,0
1004,42,2071,267,18.0121628255,-32.8992860675,181.0,0,0,-13.034084695000008,-0.7851858249999921,0,0,0,0,0,0
1004,42,2074,270,16.7244580725,-32.8992860675,181.0,0,0,-12.877047529999999,-0.15703716499999132,0,0,0,0,0,0
1004,42,2077,273,15.4367533195,-32.9306935005,181.0,0,0,-13.191121859999999,-0.47111149499997396,0,0,0,0,0,0
1004,42,2080,276,14.0862337005,-32.993508366499995,181.0,0,0,-13.81927052,-0.4711114950000095,0,0,0,0,0,0
1004,42,2083,279,12.6728992155,-33.0249157995,181.0,0,0,-13.191121859999999,-0.31407433000001816,0,0,0,0,0,0
1004,42,2086,282,11.4480093285,-33.0563232325,181.0,0,0,-12.562973199999998,-0.6281486600000008,0,0,0,0,0,0
1004,42,2089,285,10.1603045755,-33.1505455315,181.0,0,0,-13.034084694999999,-0.6281486600000008,0,0,0,0,0,0
1004,42,2092,288,8.8411923895,-33.1819529645,181.0,0,0,-13.348159025,-0.31407432999998264,0,0,0,0,0,0
1004,42,2095,291,7.4906727705,-33.2133603975,181.0,0,0,-13.034084694999999,-0.31407432999998264,0,0,0,0,0,0
1004,42,2098,294,6.2343754505,-33.244767830499995,181.0,0,0,-13.191121859999999,-0.15703716499999132,0,0,0,0,0,0
1004,42,2101,297,4.8524483985,-33.244767830499995,181.0,0,0,-13.034084695,-0.6281486600000008,0,0,0,0,0,0
1004,42,2104,300,3.6275585114999997,-33.370397562499996,181.0,0,0,-13.19112186,-0.942222990000019,0,0,0,0,0,0
1004,42,2107,303,2.2142240264999997,-33.4332124285,181.0,0,0,-14.13334485,-0.6281486600000363,0,0,0,0,0,0
1004,30,1981,0,3.3134841815,-40.138699374,3.5,2.5125946399999997,5.6093710508686625,5.653337939999998,0.0,0,0,0,0,0,0
1004,30,1984,3,3.8788179754999996,-40.138699374,3.5,2.5125946399999997,5.6093710508686625,5.182226445000002,0.4711114950000095,0,0,0,0,0,0
1004,30,1987,6,4.3499294705,-40.044477074999996,3.5,2.5125946399999997,5.6093710508686625,5.025189280000002,0.6281486600000008,0,0,0,0,0,0
1004,30,1990,9,4.8838558315,-40.013069642,3.5,2.5125946399999997,5.6093710508686625,5.0251892799999975,0.47111149499997396,0,0,0,0,0,0
1004,30,1993,12,5.3549673265,-39.950254776,3.5,2.5125946399999997,5.6093710508686625,4.711114949999997,0.6281486600000008,0,0,0,0,0,0
1004,30,1996,15,5.8260788214999994,-39.88743991,3.5,2.5125946399999997,5.6093710508686625,5.339263609999998,0.31407433000001816,0,0,0,0,0,0
1004,30,1999,18,6.422820048499999,-39.88743991,3.5,2.5125946399999997,5.6093710508686625,4.868152115000002,0.0,0,0,0,0,0,0
1004,30,2002,21,6.7997092445,-39.88743991,6.0,2.5125946399999997,5.6093710508686625,4.240003455000001,0.4711114950000095,0,0,0,0,0,0
1004,30,2005,24,7.2708207394999995,-39.793217610999996,6.0,2.5125946399999997,5.6093710508686625,5.0251892799999975,0.6281486600000008,0,0,0,0,0,0
1004,30,2008,27,7.804747100499999,-39.761810178,6.0,2.5125946399999997,5.6093710508686625,4.711114949999997,0.47111149499997396,0,0,0,0,0,0
1004,30,2011,30,8.213043729499999,-39.698995312,6.0,2.5125946399999997,5.6093710508686625,4.475559202500006,0.4711114950000095,0,0,0,0,0,0
1004,30,2014,33,8.699858941,-39.667587878999996,5.0,2.5125946399999997,5.6093710508686625,4.6325963675000015,0.31407433000001816,0,0,0,0,0,0
1004,30,2017,36,9.139563003,-39.636180446,5.0,2.5125946399999997,5.6093710508686625,4.554077784999997,0.6281486600000008,0,0,0,0,0,0
1004,30,2020,39,9.610674498,-39.541958146999995,5.0,2.5125946399999997,5.6093710508686625,4.711114949999997,0.588889368750003,0,0,0,0,0,0
1004,30,2023,42,10.081785992999999,-39.51840257225,5.0,2.5125946399999997,5.6093710508686625,4.2400034549999965,0.23555574749998698,0,0,0,0,0,0
1004,30,2026,45,10.458675189,-39.4948469975,4.0,2.5125946399999997,5.6093710508686625,4.397040620000006,0.11777787374999349,0,0,0,0,0,0
1004,30,2029,48,10.961194117,-39.4948469975,4.0,2.5125946399999997,5.6093710508686625,4.554077785000006,0.31407432999998264,0,0,0,0,0,0
1004,30,2032,51,11.369490746,-39.4320321315,4.0,2.5125946399999997,5.6093710508686625,4.2400034549999965,0.6281486600000008,0,0,0,0,0,0
1004,30,2035,54,11.809194807999999,-39.3692172655,3.5,2.5125946399999997,5.6093710508686625,4.397040619999997,0.6281486600000008,0,0,0,0,0,0
1004,30,2038,57,12.24889887,-39.3064023995,3.5,2.5125946399999997,5.6093710508686625,4.240003455000005,0.7066672424999965,0,0,0,0,0,0
1004,30,2041,60,12.657195499,-39.227883817,2.5,2.5125946399999997,5.6093710508686625,4.397040619999997,0.3925929125000138,0,0,0,0,0,0
1004,30,2044,63,13.128306993999999,-39.227883817,2.5,2.5125946399999997,5.6093710508686625,4.2400034549999965,0.0,0,0,0,0,0,0
1004,30,2047,66,13.50519619,-39.227883817,2.5,2.5125946399999997,5.6093710508686625,4.397040620000006,0.07851858249999566,0,0,0,0,0,0
1004,30,2050,69,14.007715118,-39.2121801005,1.0,2.5125946399999997,5.6093710508686625,4.711114949999997,-0.07851858249999566,0,0,0,0,0,0
1004,30,2053,72,14.447419179999999,-39.2435875335,1.0,2.5125946399999997,5.6093710508686625,4.082966289999996,0.0,0,0,0,0,0,0
1004,30,2056,75,14.824308376,-39.2121801005,359.5,2.5125946399999997,5.6093710508686625,3.925929125000005,0.15703716499999132,0,0,0,0,0,0
1004,30,2059,78,15.232605005,-39.2121801005,359.0,2.5125946399999997,5.6093710508686625,3.925929124999996,-0.5496300775000051,0,0,0,0,0,0
1004,30,2062,81,15.609494200999999,-39.322106116,358.0,2.5125946399999997,5.6093710508686625,3.6903733775000003,-0.8637044074999878,0,0,0,0,0,0
1004,30,2065,84,15.9706796805,-39.384920982,357.0,2.5125946399999997,5.6093710508686625,4.004447707500001,-0.6281486600000008,0,0,0,0,0,0
1004,30,2068,87,16.4103837425,-39.447735848,357.0,2.5125946399999997,5.6093710508686625,4.082966289999996,-0.6674079512499986,0,0,0,0,0,0
1004,30,2071,90,16.7872729385,-39.51840257225,357.0,2.5125946399999997,5.6093710508686625,3.140743300000004,-0.3925929124999783,0,0,0,0,0,0
1004,30,2074,93,17.0385324025,-39.526254430499996,354.5,2.5125946399999997,5.6093710508686625,3.0229654262499928,-0.353333621250016,0,0,0,0,0,0
1004,30,2077,96,17.391866023749998,-39.5890692965,354.5,2.5125946399999997,5.6093710508686625,3.376299047499991,-0.7851858249999921,0,0,0,0,0,0
1004,30,2080,99,17.713792211999998,-39.683291595499995,350.5,2.5125946399999997,5.6093710508686625,2.8659282612500014,-1.060000863749977,0,0,0,0,0,0
1004,30,2083,102,17.965051675999998,-39.801069469249995,350.5,2.5125946399999997,5.6093710508686625,2.9837061350000127,-1.177778737500006,0,0,0,0,0,0
1004,30,2086,105,18.310533439,-39.918847342999996,349.5,2.5125946399999997,5.6093710508686625,3.4548176300000044,-0.9029636987500211,0,0,0,0,0,0
1004,30,2089,108,18.656015202,-39.981662209,347.5,2.5125946399999997,5.6093710508686625,2.983706134999995,-1.0992601550000103,0,0,0,0,0,0
1004,30,2092,111,18.907274666,-40.138699374,345.5,2.5125946399999997,5.6093710508686625,2.748150387500008,-1.177778737500006,0,0,0,0,0,0
1004,30,2095,114,19.2056452795,-40.2172179565,343.0,2.5125946399999997,5.6093710508686625,2.983706134999995,-1.177778737500006,0,0,0,0,0,0
1004,30,2098,117,19.504015893,-40.3742551215,341.0,2.5125946399999997,5.6093710508686625,3.2192618824999997,-1.2562973200000016,0,0,0,0,0,0
1004,30,2101,120,19.849497656,-40.4684774205,339.5,2.5125946399999997,5.6093710508686625,2.983706134999995,-1.2562973200000016,0,0,0,0,0,0
1004,30,2104,123,20.100757119999997,-40.6255145855,337.0,2.5125946399999997,5.6093710508686625,2.355557474999994,-1.413334484999993,0,0,0,0,0,0
1004,30,2107,126,20.320609151,-40.7511443175,333.5,2.5125946399999997,5.6093710508686625,2.0414831450000115,-1.3348159024999973,0,0,0,0,0,0
1004,30,2110,129,20.509053749,-40.892477766,331.0,2.5125946399999997,5.6093710508686625,2.120001727500007,-1.374075193749995,0,0,0,0,0,0
1004,30,2113,132,20.7446094965,-41.02595935625,328.5,2.5125946399999997,5.6093710508686625,1.962964562499998,-1.8844459800000024,0,0,0,0,0,0
1004,30,2116,135,20.9016466615,-41.269366962,326.5,2.5125946399999997,5.6093710508686625,1.5703716499999842,-1.8844459800000024,0,0,0,0,0,0
1004,30,2119,138,21.058683826499998,-41.40284855225,323.0,2.5125946399999997,5.6093710508686625,1.5703716499999842,-1.3348159024999973,0,0,0,0,0,0
1004,37,2209,0,59.140196339,-2.9994098515,271.0,2.703959281272189,5.758191176927202,-0.6281486600000363,-3.1407432999999996,0,0,0,0,0,0
1004,37,2212,3,59.077381472999996,-3.3134841815,271.0,2.703959281272189,5.758191176927202,-0.31407433000001816,-3.1407432999999996,0,0,0,0,0,0
1004,37,2215,6,59.077381472999996,-3.6275585114999997,271.0,2.703959281272189,5.758191176927202,0.0,-2.826668969999999,0,0,0,0,0,0
1004,37,2218,9,59.077381472999996,-3.8788179754999996,271.0,2.703959281272189,5.758191176927202,-0.31407432999998264,-2.669631805000001,0,0,0,0,0,0
1004,37,2221,12,59.014566607,-4.1614848725,271.0,2.703959281272189,5.758191176927202,-0.15703716499999132,-2.826668969999999,0,0,0,0,0,0
1004,37,2224,15,59.04597404,-4.4441517694999995,271.0,2.703959281272189,5.758191176927202,0.0,-2.9837061349999994,0,0,0,0,0,0
1004,37,2227,18,59.014566607,-4.7582260995,271.0,2.703959281272189,5.758191176927202,-0.31407433000001816,-3.2977804649999998,0,0,0,0,0,0
1004,37,2230,21,58.983159173999994,-5.103707862499999,271.0,2.703959281272189,5.758191176927202,-0.4711114950000095,-3.9259291250000006,0,0,0,0,0,0
1004,37,2233,24,58.920344308,-5.5434119245,271.0,2.703959281272189,5.758191176927202,-0.15703716499999132,-3.45481763,0,0,0,0,0,0
1004,37,2236,27,58.951751740999995,-5.794671388499999,271.0,2.703959281272189,5.758191176927202,0.0,-3.1407432999999996,0,0,0,0,0,0
1004,37,2239,30,58.920344308,-6.1715605845,271.0,2.703959281272189,5.758191176927202,-0.15703716499999132,-4.082966290000001,0,0,0,0,0,0
1004,37,2242,33,58.920344308,-6.6112646465,271.0,2.703959281272189,5.758191176927202,-0.15703716499999132,-4.397040619999997,0,0,0,0,0,0
1004,37,2245,36,58.888936875,-7.050968708499999,271.0,2.703959281272189,5.758191176927202,-0.31407432999998264,-3.9259291250000006,0,0,0,0,0,0
1004,37,2248,39,58.857529442,-7.3964504715,271.0,2.703959281272189,5.758191176927202,-0.2355557475000225,-3.6903733775000003,0,0,0,0,0,0
1004,37,2251,42,58.841825725499994,-7.789043383999999,271.0,2.703959281272189,5.758191176927202,0.07851858249999566,-4.004447707500001,0,0,0,0,0,0
1004,37,2254,45,58.8732331585,-8.197340013,270.0,2.703959281272189,5.758191176927202,0.31407433000001816,-4.082966290000005,0,0,0,0,0,0
1004,37,2257,48,58.9046405915,-8.605636642,270.0,2.703959281272189,5.758191176927202,0.0,-4.082966289999996,0,0,0,0,0,0
1004,37,2260,51,58.8732331585,-9.013933270999999,270.0,2.703959281272189,5.758191176927202,-0.31407433000001816,-4.711114949999997,0,0,0,0,0,0
1004,37,2263,54,58.841825725499994,-9.547859632,270.0,2.703959281272189,5.758191176927202,-0.4711114950000095,-4.711114950000006,0,0,0,0,0,0
1004,37,2266,57,58.7790108595,-9.956156261,270.0,2.703959281272189,5.758191176927202,-0.23555574749998698,-4.2400034549999965,0,0,0,0,0,0
1004,37,2269,60,58.794714576,-10.395860322999999,269.5,2.703959281272189,5.758191176927202,0.23555574749998698,-4.554077784999997,0,0,0,0,0,0
1004,37,2272,63,58.826122008999995,-10.866971818,268.5,2.703959281272189,5.758191176927202,-0.15703716499999132,-4.711114950000006,0,0,0,0,0,0
1004,37,2275,66,58.763307143,-11.338083313,268.5,2.703959281272189,5.758191176927202,-0.15703716499999132,-3.925929124999996,0,0,0,0,0,0
1004,37,2278,69,58.794714576,-11.652157642999999,268.5,2.703959281272189,5.758191176927202,0.15703716499999132,-3.8081512512499938,0,0,0,0,0,0
1004,37,2281,72,58.794714576,-12.099713563249999,269.0,2.703959281272189,5.758191176927202,-0.31407432999998264,-5.025189280000006,0,0,0,0,0,0
1004,37,2284,75,58.73189971,-12.657195499,267.5,2.703959281272189,5.758191176927202,-0.7851858249999921,-4.8288928237499995,0,0,0,0,0,0
1004,37,2287,78,58.637677411,-13.065492127999999,266.5,2.703959281272189,5.758191176927202,-0.7851858250000276,-4.711114949999997,0,0,0,0,0,0
1004,37,2290,81,58.574862544999995,-13.599418489,266.5,2.703959281272189,5.758191176927202,-1.0207415725000146,-5.103707862500002,0,0,0,0,0,0
1004,37,2293,84,58.433529096499996,-14.0862337005,265.0,2.703959281272189,5.758191176927202,-1.177778737500006,-5.14296715375,0,0,0,0,0,0
1004,37,2296,87,58.339306797499994,-14.62801191975,265.0,2.703959281272189,5.758191176927202,-0.9029636987499856,-4.907411406250004,0,0,0,0,0,0
1004,37,2299,90,58.25293635675,-15.06771598175,264.0,2.703959281272189,5.758191176927202,-0.9422229899999834,-4.8288928237499995,0,0,0,0,0,0
1004,37,2302,93,58.1508621995,-15.5937904845,263.0,2.703959281272189,5.758191176927202,-1.0600008637500125,-4.946670697500002,0,0,0,0,0,0
1004,37,2305,96,58.040936183999996,-16.05705012125,262.0,2.703959281272189,5.758191176927202,-1.177778737500006,-4.98592998875,0,0,0,0,0,0
1004,37,2308,99,57.915306451999996,-16.59097648225,260.5,2.703959281272189,5.758191176927202,-1.5703716499999842,-5.378522901249987,0,0,0,0,0,0
1004,37,2311,102,57.726861854,-17.132754701499998,259.0,2.703959281272189,5.758191176927202,-1.413334484999993,-5.221485736249996,0,0,0,0,0,0
1004,37,2314,105,57.632639555,-17.6352736295,256.0,2.703959281272189,5.758191176927202,-1.2562973200000016,-4.8288928237499995,0,0,0,0,0,0
1004,37,2317,108,57.47560239,-18.098533266249998,256.0,2.703959281272189,5.758191176927202,-1.5311123587499864,-5.025189280000006,0,0,0,0,0,0
1004,37,2320,111,57.32641708325,-18.6403114855,254.5,2.703959281272189,5.758191176927202,-1.766668106250009,-5.339263610000007,0,0,0,0,0,0
1004,37,2323,114,57.12226876875,-19.16638598825,253.0,2.703959281272189,5.758191176927202,-2.316298183750014,-4.750374241250004,0,0,0,0,0,0
1004,37,2326,117,56.8631574465,-19.59038633375,251.5,2.703959281272189,5.758191176927202,-2.355557475000012,-4.357781328750008,0,0,0,0,0,0
1004,37,2329,120,56.651157273749995,-20.037942254,251.0,2.703959281272189,5.758191176927202,-2.4340760575000076,-4.750374241249986,0,0,0,0,0,0
1004,37,2332,123,56.376342234999996,-20.540461181999998,250.0,2.703959281272189,5.758191176927202,-2.159261018749987,-4.868152114999997,0,0,0,0,0,0
1004,37,2335,126,56.21930507,-21.011572677,246.0,2.703959281272189,5.758191176927202,-2.3162981837499785,-4.868152114999997,0,0,0,0,0,0
1004,37,2338,129,55.91308259825,-21.514091604999997,246.0,2.703959281272189,5.758191176927202,-3.2192618824999997,-4.67185565874999,0,0,0,0,0,0
1004,37,2341,132,55.5754526935,-21.94594380875,243.5,2.703959281272189,5.758191176927202,-2.9837061350000127,-4.907411406250013,0,0,0,0,0,0
1004,37,2344,135,55.31634137125,-22.49557388625,241.5,2.703959281272189,5.758191176927202,-2.74815038749999,-5.182226444999998,0,0,0,0,0,0
1004,37,2347,138,55.025822616,-22.982389097749998,240.0,2.703959281272189,5.758191176927202,-3.0229654262500105,-4.868152114999997,0,0,0,0,0,0
1004,37,2350,141,54.711748285999995,-23.46920430925,237.0,2.703959281272189,5.758191176927202,-3.6118547950000135,-4.789633532500002,0,0,0,0,0,0
1004,37,2353,144,54.303451657,-23.940315804249998,235.5,2.703959281272189,5.758191176927202,-4.240003454999979,-4.514818493749999,0,0,0,0,0,0
1004,37,2356,147,53.863747595,-24.372168008,234.5,2.703959281272189,5.758191176927202,-3.925929124999996,-4.200744163749999,0,0,0,0,0,0
1004,37,2359,150,53.518265832,-24.780464636999998,232.0,2.703959281272189,5.758191176927202,-3.8866698337499983,-4.318522037499992,0,0,0,0,0,0
1004,37,2362,153,53.08641362825,-25.235872415499998,230.0,2.703959281272189,5.758191176927202,-4.31852203750001,-4.2400034549999965,0,0,0,0,0,0
1004,37,2365,156,52.654561424499995,-25.628465327999997,229.0,2.703959281272189,5.758191176927202,-4.4362999112500034,-4.31852203750001,0,0,0,0,0,0
1004,37,2368,159,52.199153646,-26.099576823,224.5,2.703959281272189,5.758191176927202,-4.789633532499984,-4.082966290000005,0,0,0,0,0,0
1004,37,2371,162,51.696634718,-26.445058586,223.5,2.703959281272189,5.758191176927202,-5.064448571250004,-3.8474105425000005,0,0,0,0,0,0
1004,37,2374,165,51.18626393175,-26.8690589315,220.5,2.703959281272189,5.758191176927202,-5.41778219250002,-3.690373377500009,0,0,0,0,0,0
1004,37,2377,168,50.613078279499994,-27.1831332615,219.0,2.703959281272189,5.758191176927202,-5.614078648750009,-3.6903733774999914,0,0,0,0,0,0
1004,37,2380,171,50.063448202,-27.607133606999998,217.0,2.703959281272189,5.758191176927202,-5.614078648749974,-3.4940769212499845,0,0,0,0,0,0
1004,37,2383,174,49.49026254975,-27.881948645749997,215.0,2.703959281272189,5.758191176927202,-5.96741226999999,-3.180002591250002,0,0,0,0,0,0
1004,37,2386,177,48.869965748,-28.24313412525,213.0,2.703959281272189,5.758191176927202,-6.281486600000008,-3.2585211737500153,0,0,0,0,0,0
1004,37,2389,180,48.23396522975,-28.5336528805,210.5,2.703959281272189,5.758191176927202,-6.124449435000017,-2.355557474999994,0,0,0,0,0,0
1004,37,2392,183,47.645075860999995,-28.714245620249997,207.5,2.703959281272189,5.758191176927202,-6.713338803749984,-2.5125946399999854,0,0,0,0,0,0
1004,37,2395,186,46.891297469,-29.036171808499997,207.5,2.703959281272189,5.758191176927202,-6.909635259999973,-2.70889109625001,0,0,0,0,0,0
1004,37,2398,189,46.263148809,-29.2560238395,204.5,2.703959281272189,5.758191176927202,-6.7525980950000175,-2.6696318050000123,0,0,0,0,0,0
1004,37,2401,192,45.54077785,-29.5700981695,202.5,2.703959281272189,5.758191176927202,-6.909635260000009,-2.1200017274999894,0,0,0,0,0,0
1004,37,2404,195,44.881221757,-29.680024184999997,200.5,2.703959281272189,5.758191176927202,-7.066672425,-1.962964562499998,0,0,0,0,0,0
1004,37,2407,198,44.127443365,-29.962691082,196.5,2.703959281272189,5.758191176927202,-7.53778392000001,-1.727408815000011,0,0,0,0,0,0
1004,37,2410,201,43.373664973,-30.025505948,194.5,2.703959281272189,5.758191176927202,-7.969636123749986,-1.0992601549999925,0,0,0,0,0,0
1004,37,2413,204,42.53351614025,-30.182543112999998,192.0,2.703959281272189,5.758191176927202,-8.08741399749998,-1.8844459800000024,0,0,0,0,0,0
1004,37,2416,207,41.7561821735,-30.402395144,192.0,2.703959281272189,5.758191176927202,-8.322969745000002,-1.8451866887500046,0,0,0,0,0,0
1004,37,2419,210,40.86892219125,-30.55158045075,189.5,2.703959281272189,5.758191176927202,-8.597784783750022,-1.2562973200000016,0,0,0,0,0,0
1004,37,2422,213,40.03662521675,-30.653654608,188.0,2.703959281272189,5.758191176927202,-8.126673288750013,-0.981482281249999,0,0,0,0,0,0
1004,37,2425,216,39.2435875335,-30.747876907,186.5,2.703959281272189,5.758191176927202,-8.08741399749998,-0.9422229899999834,0,0,0,0,0,0
1004,37,2428,219,38.41914241725,-30.842099205999997,185.5,2.703959281272189,5.758191176927202,-9.108155569999994,-0.7851858249999921,0,0,0,0,0,0
1004,37,2431,222,37.4219564195,-30.904914071999997,185.5,2.703959281272189,5.758191176927202,-9.068896278749996,-0.6281486600000008,0,0,0,0,0,0
1004,37,2434,225,36.6053631615,-30.967728937999997,184.0,2.703959281272189,5.758191176927202,-8.63704407500002,-0.6281486600000008,0,0,0,0,0,0
1004,37,2437,228,35.694547604499995,-31.030543803999997,184.0,2.703959281272189,5.758191176927202,-8.99037769625,-0.3140743300000004,0,0,0,0,0,0
1004,37,2440,231,34.80728762225,-31.030543803999997,183.0,2.703959281272189,5.758191176927202,-9.422229899999977,-0.3140743300000004,0,0,0,0,0,0
1004,37,2443,234,33.8101016245,-31.093358669999997,183.0,2.703959281272189,5.758191176927202,-9.46148919125001,-0.7066672425000142,0,0,0,0,0,0
1004,37,2446,237,32.914989784,-31.1718772525,183.0,2.703959281272189,5.758191176927202,-9.029636987499998,-0.7066672425000142,0,0,0,0,0,0
1004,37,2449,240,32.004174227,-31.2346921185,183.0,2.703959281272189,5.758191176927202,-9.579267065000003,-0.4711114949999917,0,0,0,0,0,0
1004,37,2452,243,30.999136371,-31.266099551499998,183.0,2.703959281272189,5.758191176927202,-10.207415725000004,-0.4711114949999917,0,0,0,0,0,0
1004,37,2455,246,29.962691082,-31.3289144175,183.0,2.703959281272189,5.758191176927202,-10.050378559999995,-0.4711114950000095,0,0,0,0,0,0
1004,37,2458,249,28.989060659,-31.3603218505,183.0,2.703959281272189,5.758191176927202,-9.893341395000004,-0.6281486600000008,0,0,0,0,0,0
1004,37,2461,252,27.984022803,-31.4545441495,183.0,2.703959281272189,5.758191176927202,-10.207415725000004,-0.7851858249999921,0,0,0,0,0,0
1004,37,2464,255,26.947577514,-31.5173590155,183.0,2.703959281272189,5.758191176927202,-10.364452889999995,-0.7851858249999921,0,0,0,0,0,0
1004,37,2467,258,25.911132225,-31.611581314499997,183.0,2.703959281272189,5.758191176927202,-10.521490055000005,-0.6281486600000008,0,0,0,0,0,0
1004,37,2470,261,24.843279502999998,-31.6429887475,183.0,2.703959281272189,5.758191176927202,-10.364452889999995,-0.3140743300000004,0,0,0,0,0,0
1004,37,2473,264,23.838241647,-31.674396180499997,183.0,2.703959281272189,5.758191176927202,-10.442971472499991,-0.6281486600000008,0,0,0,0,0,0
1004,37,2476,267,22.7546852085,-31.7686184795,182.5,2.703959281272189,5.758191176927202,-10.75704580250001,-0.7851858250000099,0,0,0,0,0,0
1004,37,2479,270,21.6868324865,-31.8314333455,182.5,2.703959281272189,5.758191176927202,-11.149638715000005,-0.3140743300000004,0,0,0,0,0,0
1004,37,2482,273,20.5247574655,-31.8314333455,182.5,2.703959281272189,5.758191176927202,-11.149638715000005,-0.15703716499999132,0,0,0,0,0,0
1004,37,2485,276,19.456904743499997,-31.862840778499997,182.5,2.703959281272189,5.758191176927202,-10.678527219999996,-0.15703716499999132,0,0,0,0,0,0
1004,37,2488,279,18.3890520215,-31.862840778499997,182.5,2.703959281272189,5.758191176927202,-10.992601549999996,-0.4711114950000095,0,0,0,0,0,0
1004,37,2491,282,17.258384433499998,-31.9570630775,182.5,2.703959281272189,5.758191176927202,-10.992601549999996,-1.0992601549999925,0,0,0,0,0,0
1004,37,2494,285,16.1905317115,-32.082692809499996,182.5,2.703959281272189,5.758191176927202,-11.149638714999996,-0.7851858250000099,0,0,0,0,0,0
1004,37,2497,288,15.028456690499999,-32.1141002425,182.5,2.703959281272189,5.758191176927202,-11.149638715000005,-0.15703716500002685,0,0,0,0,0,0
1004,37,2500,291,13.9606039685,-32.1141002425,182.5,2.703959281272189,5.758191176927202,-9.422229899999994,-0.15703716499999132,0,0,0,0,0,0
1004,37,2502,293,13.1440107105,-32.1455076755,182.5,2.703959281272189,5.758191176927202,-9.736304229999995,-0.47111149499997396,0,0,0,0,0,0
1004,37,2505,296,12.0133431225,-32.208322541499996,182.5,2.703959281272189,5.758191176927202,-11.149638715000005,-0.4711114950000095,0,0,0,0,0,0
1004,37,2508,299,10.914082967499999,-32.2397299745,182.5,2.703959281272189,5.758191176927202,-11.149638715000005,-0.4711114950000095,0,0,0,0,0,0
1004,37,2511,302,9.7834153795,-32.3025448405,182.5,2.703959281272189,5.758191176927202,-11.463713044999997,-0.47111149499997396,0,0,0,0,0,0
1004,37,2514,305,8.6213403585,-32.333952273499996,182.5,2.703959281272189,5.758191176927202,-11.620750209999997,-0.4711114950000095,0,0,0,0,0,0
1004,37,2517,308,7.4592653375,-32.3967671395,182.5,2.703959281272189,5.758191176927202,-11.81704666625,-0.6281486600000008,0,0,0,0,0,0
1004,37,2520,311,6.25793102525,-32.459582005499996,182.0,2.703959281272189,5.758191176927202,-11.777787375000003,-0.31407432999998264,0,0,0,0,0,0
1004,37,2523,314,5.103707862499999,-32.459582005499996,182.0,2.703959281272189,5.758191176927202,-12.052602413749998,-0.31407433000001816,0,0,0,0,0,0
1004,37,2526,317,3.8474105425,-32.5223968715,181.0,2.703959281272189,5.758191176927202,-12.562973199999993,-0.6281486600000363,0,0,0,0,0,0
1004,43,2281,0,58.700492276999995,-3.1250395835,270.5,2.602272143553349,5.625350946616185,0.0,-4.082966289999996,0,0,0,0,0,0
1004,43,2284,3,58.700492276999995,-3.5333362124999996,270.5,2.602272143553349,5.625350946616185,0.15703716500002685,-4.554077784999999,0,0,0,0,0,0
1004,43,2287,6,58.73189971,-4.0358551405,270.5,2.602272143553349,5.625350946616185,-0.15703716499999132,-4.3970406199999985,0,0,0,0,0,0
1004,43,2290,9,58.669084844,-4.412744336499999,270.5,2.602272143553349,5.625350946616185,-0.31407433000001816,-4.868152115000002,0,0,0,0,0,0
1004,43,2293,12,58.669084844,-5.0094855635,270.5,2.602272143553349,5.625350946616185,0.0,-5.025189280000002,0,0,0,0,0,0
1004,43,2296,15,58.669084844,-5.4177821925,270.5,2.602272143553349,5.625350946616185,0.0,-4.868152114999997,0,0,0,0,0,0
1004,43,2299,18,58.669084844,-5.9831159865,270.5,2.602272143553349,5.625350946616185,0.15703716499999132,-4.868152114999997,0,0,0,0,0,0
1004,43,2302,21,58.700492276999995,-6.391412615499999,270.5,2.602272143553349,5.625350946616185,-0.15703716499999132,-4.711114950000002,0,0,0,0,0,0
1004,43,2305,24,58.637677411,-6.9253389765,270.5,2.602272143553349,5.625350946616185,-0.47111149499997396,-4.711114950000002,0,0,0,0,0,0
1004,43,2308,27,58.606269978,-7.3336356055,270.5,2.602272143553349,5.625350946616185,0.0,-4.711114949999997,0,0,0,0,0,0
1004,43,2311,30,58.637677411,-7.867561966499999,269.5,2.602272143553349,5.625350946616185,0.0,-5.182226444999998,0,0,0,0,0,0
1004,43,2314,33,58.606269978,-8.3700808945,269.5,2.602272143553349,5.625350946616185,-0.07851858249999566,-5.025189280000002,0,0,0,0,0,0
1004,43,2317,36,58.6219736945,-8.8725998225,269.5,2.602272143553349,5.625350946616185,-0.07851858250003119,-4.868152115000006,0,0,0,0,0,0
1004,43,2320,39,58.590566261499994,-9.3437113175,269.0,2.602272143553349,5.625350946616185,-0.15703716500002685,-5.0251892799999975,0,0,0,0,0,0
1004,43,2323,42,58.590566261499994,-9.8776376785,269.0,2.602272143553349,5.625350946616185,-0.3925929124999783,-4.711114949999997,0,0,0,0,0,0
1004,43,2326,45,58.512047679,-10.2859343075,268.0,2.602272143553349,5.625350946616185,-0.7066672424999965,-4.711114949999997,0,0,0,0,0,0
1004,43,2329,48,58.449232812999995,-10.819860668499999,268.0,2.602272143553349,5.625350946616185,-0.4711114950000095,-4.946670697500002,0,0,0,0,0,0
1004,43,2332,51,58.41782538,-11.275268447,267.5,2.602272143553349,5.625350946616185,-0.7851858249999921,-4.98592998875,0,0,0,0,0,0
1004,43,2335,54,58.292195647999996,-11.817046666249999,267.5,2.602272143553349,5.625350946616185,-0.43185220375001165,-5.0251892799999975,0,0,0,0,0,0
1004,43,2338,57,58.331454939249994,-12.280306303,266.0,2.602272143553349,5.625350946616185,-0.3925929124999783,-5.025189280000006,0,0,0,0,0,0
1004,43,2341,60,58.2136770655,-12.82208452225,265.5,2.602272143553349,5.625350946616185,-1.1385194462499726,-5.339263609999998,0,0,0,0,0,0
1004,43,2344,63,58.10375105,-13.348159025,264.0,2.602272143553349,5.625350946616185,-0.942222990000019,-4.868152114999997,0,0,0,0,0,0
1004,43,2347,66,58.0252324675,-13.79571494525,263.5,2.602272143553349,5.625350946616185,-1.0207415725000146,-4.789633532500002,0,0,0,0,0,0
1004,43,2350,69,57.8996027355,-14.3060857315,263.0,2.602272143553349,5.625350946616185,-1.413334484999993,-4.907411406249995,0,0,0,0,0,0
1004,43,2353,72,57.7425655705,-14.777197226499998,263.0,2.602272143553349,5.625350946616185,-1.0600008637500125,-4.554077784999997,0,0,0,0,0,0
1004,43,2356,75,57.687602562749994,-15.216901288499999,261.0,2.602272143553349,5.625350946616185,-1.0992601550000103,-5.339263610000007,0,0,0,0,0,0
1004,43,2359,78,57.522713539499996,-15.8450499485,260.0,2.602272143553349,5.625350946616185,-1.060000863749977,-5.142967153750009,0,0,0,0,0,0
1004,43,2362,81,57.47560239,-16.24549471925,259.0,2.602272143553349,5.625350946616185,-1.177778737500006,-4.397040619999997,0,0,0,0,0,0
1004,43,2365,84,57.287157791999995,-16.7244580725,258.0,2.602272143553349,5.625350946616185,-1.8059273975000067,-5.103707862499984,0,0,0,0,0,0
1004,43,2368,87,57.1144169105,-17.266236291749998,256.0,2.602272143553349,5.625350946616185,-1.4918530674999886,-4.789633532500002,0,0,0,0,0,0
1004,43,2371,90,56.9887871785,-17.682384779,254.0,2.602272143553349,5.625350946616185,-1.8059273975000067,-4.4362999112500034,0,0,0,0,0,0
1004,43,2374,93,56.753231430999996,-18.153496274,253.5,2.602272143553349,5.625350946616185,-2.1200017274999894,-5.182226444999998,0,0,0,0,0,0
1004,43,2377,96,56.564786833,-18.718830068,252.0,2.602272143553349,5.625350946616185,-2.198520309999985,-4.868152114999997,0,0,0,0,0,0
1004,43,2380,99,56.313527369,-19.127126696999998,252.0,2.602272143553349,5.625350946616185,-2.002223853749996,-3.8474105425000005,0,0,0,0,0,0
1004,43,2383,102,56.16434206225,-19.4883121765,249.5,2.602272143553349,5.625350946616185,-1.8844459800000024,-4.5933370762500125,0,0,0,0,0,0
1004,43,2386,105,55.936638173,-20.04579411225,247.5,2.602272143553349,5.625350946616185,-2.708891096250028,-5.103707862500002,0,0,0,0,0,0
1004,43,2389,108,55.622563842999995,-20.509053749,247.0,2.602272143553349,5.625350946616185,-2.512594640000003,-4.35778132874999,0,0,0,0,0,0
1004,43,2392,111,55.434119245,-20.917350378,245.0,2.602272143553349,5.625350946616185,-2.394816766249974,-4.161484872500001,0,0,0,0,0,0
1004,43,2395,114,55.14360048975,-21.3413507235,243.5,2.602272143553349,5.625350946616185,-3.0622247175000084,-4.31852203750001,0,0,0,0,0,0
1004,43,2398,117,54.821674301499996,-21.7810547855,241.5,2.602272143553349,5.625350946616185,-3.2192618824999997,-4.2400034549999965,0,0,0,0,0,0
1004,43,2401,120,54.49974811325,-22.1893514145,240.0,2.602272143553349,5.625350946616185,-2.9444468437499793,-4.200744163749999,0,0,0,0,0,0
1004,43,2404,123,54.23278493275,-22.62120361825,239.0,2.602272143553349,5.625350946616185,-2.944446843750015,-4.279262746249994,0,0,0,0,0,0
1004,43,2407,126,53.9108587445,-23.045203963749998,237.5,2.602272143553349,5.625350946616185,-3.6118547950000135,-4.200744163749999,0,0,0,0,0,0
1004,43,2410,129,53.51041397375,-23.461352451,235.5,2.602272143553349,5.625350946616185,-3.2192618824999997,-4.122225581250003,0,0,0,0,0,0
1004,43,2413,132,53.267006368,-23.86964908,234.0,2.602272143553349,5.625350946616185,-3.2585211737499975,-3.768891959999987,0,0,0,0,0,0
1004,43,2416,135,52.858709739,-24.215130842999997,231.5,2.602272143553349,5.625350946616185,-3.8474105425000005,-3.768891960000005,0,0,0,0,0,0
1004,43,2419,138,52.4975242595,-24.623427472,230.0,2.602272143553349,5.625350946616185,-3.533336212500018,-3.925929125000014,0,0,0,0,0,0
1004,43,2422,141,52.152042496499995,-25.000316668,228.0,2.602272143553349,5.625350946616185,-3.8866698337499983,-2.983706134999995,0,0,0,0,0,0
1004,43,2425,144,51.72019029275,-25.220168699,226.0,2.602272143553349,5.625350946616185,-4.4362999112500034,-3.2192618824999997,0,0,0,0,0,0
1004,43,2428,147,51.264782514249994,-25.6441690445,224.0,2.602272143553349,5.625350946616185,-4.67185565874999,-3.4548176300000044,0,0,0,0,0,0
1004,43,2431,150,50.785819161,-25.911132225,221.5,2.602272143553349,5.625350946616185,-4.436299911249968,-2.74815038749999,0,0,0,0,0,0
1004,43,2434,153,50.377522532,-26.193799121999998,220.0,2.602272143553349,5.625350946616185,-4.475559202500001,-2.944446843749997,0,0,0,0,0,0
1004,43,2437,156,49.8907073205,-26.50002159375,216.5,2.602272143553349,5.625350946616185,-4.789633532500019,-2.748150387500008,0,0,0,0,0,0
1004,43,2440,159,49.4195958255,-26.7434291995,214.5,2.602272143553349,5.625350946616185,-4.554077784999997,-2.0807424362499916,0,0,0,0,0,0
1004,43,2443,162,48.9798917635,-26.916170080999997,212.5,2.602272143553349,5.625350946616185,-4.86815211499998,-2.1200017274999894,0,0,0,0,0,0
1004,43,2446,165,48.4459654025,-27.167429544999997,209.5,2.602272143553349,5.625350946616185,-5.14296715375,-2.355557475000012,0,0,0,0,0,0
1004,43,2449,168,47.95129833275,-27.387281576,208.5,2.602272143553349,5.625350946616185,-5.182226444999998,-2.0022238537500137,0,0,0,0,0,0
1004,43,2452,171,47.4095201135,-27.56787431575,205.0,2.602272143553349,5.625350946616185,-5.457041483750018,-1.6096309412499998,0,0,0,0,0,0
1004,43,2455,174,46.859890035999996,-27.70920776425,203.0,2.602272143553349,5.625350946616185,-5.339263610000025,-1.6881495237499955,0,0,0,0,0,0
1004,43,2458,177,46.341667391499996,-27.9055042205,201.0,2.602272143553349,5.625350946616185,-5.574819357499976,-1.8451866887500046,0,0,0,0,0,0
1004,43,2461,180,45.7449261645,-28.078245102,198.5,2.602272143553349,5.625350946616185,-5.614078648749974,-1.7666681062499912,0,0,0,0,0,0
1004,43,2464,183,45.21885166175,-28.258837841749997,194.5,2.602272143553349,5.625350946616185,-5.496300775000016,-1.413334484999993,0,0,0,0,0,0
1004,43,2467,186,44.6456660095,-28.360911999,193.0,2.602272143553349,5.625350946616185,-6.360005182500004,-1.0992601550000103,0,0,0,0,0,0
1004,43,2470,189,43.94685062525,-28.47868987275,191.0,2.602272143553349,5.625350946616185,-6.0459308524999855,-1.0992601549999925,0,0,0,0,0,0
1004,43,2473,192,43.436479839,-28.580764029999997,189.0,2.602272143553349,5.625350946616185,-6.1637087262500145,-0.5103707862499895,0,0,0,0,0,0
1004,43,2476,195,42.71410888,-28.580764029999997,187.0,2.602272143553349,5.625350946616185,-6.438523764999999,-0.6281486600000008,0,0,0,0,0,0
1004,43,2479,198,42.148775086,-28.706393761999998,187.0,2.602272143553349,5.625350946616185,-6.477783056249997,-0.9422229900000012,0,0,0,0,0,0
1004,43,2482,201,41.41855226875,-28.769208627999998,185.5,2.602272143553349,5.625350946616185,-6.831116677500013,-0.6281486600000008,0,0,0,0,0,0
1004,43,2485,204,40.7825517505,-28.832023493999998,183.5,2.602272143553349,5.625350946616185,-6.6348202212499885,-0.6281486600000008,0,0,0,0,0,0
1004,43,2488,207,40.0915882245,-28.894838359999998,182.5,2.602272143553349,5.625350946616185,-6.9881538425000045,-0.39259291249999606,0,0,0,0,0,0
1004,43,2491,210,39.384920982,-28.910542076499997,182.5,2.602272143553349,5.625350946616185,-7.145191007499996,-0.5496300775000051,0,0,0,0,0,0
1004,43,2494,213,38.662550023,-29.0047643755,182.5,2.602272143553349,5.625350946616185,-7.2237095899999915,-0.4711114950000095,0,0,0,0,0,0
1004,43,2497,216,37.940179064,-29.0047643755,182.5,2.602272143553349,5.625350946616185,-7.223709590000027,0.0,0,0,0,0,0,0
1004,43,2500,219,37.217808104999996,-29.0047643755,182.5,2.602272143553349,5.625350946616185,-6.281486600000008,-0.3140743300000004,0,0,0,0,0,0
1004,43,2502,221,36.683881744,-29.0675792415,182.5,2.602272143553349,5.625350946616185,-6.2814865999999725,-0.3140743300000004,0,0,0,0,0,0
1004,43,2505,224,35.961510785,-29.0675792415,182.5,2.602272143553349,5.625350946616185,-7.380746754999983,-0.3140743300000004,0,0,0,0,0,0
1004,43,2508,227,35.207732393,-29.1303941075,182.5,2.602272143553349,5.625350946616185,-7.53778392000001,-0.39259291249999606,0,0,0,0,0,0
1004,43,2511,230,34.453954001,-29.146097823999998,181.0,2.602272143553349,5.625350946616185,-7.53778392000001,-0.07851858249999566,0,0,0,0,0,0
1004,43,2514,233,33.700175609,-29.146097823999998,181.0,2.602272143553349,5.625350946616185,-8.16593258000001,-0.15703716500000908,0,0,0,0,0,0
1004,43,2517,236,32.820767485,-29.177505257,181.0,2.602272143553349,5.625350946616185,-8.637044075000002,0.0,0,0,0,0,0,0
1004,43,2520,239,31.972766793999998,-29.146097823999998,181.0,2.602272143553349,5.625350946616185,-7.851858249999992,0.15703716500000908,0,0,0,0,0,0
1004,43,2523,242,31.250395835,-29.146097823999998,181.0,2.602272143553349,5.625350946616185,-8.008895415000001,0.15703716499999132,0,0,0,0,0,0
1004,43,2526,245,30.370987710999998,-29.114690391,181.0,2.602272143553349,5.625350946616185,-8.637044075000002,0.15703716499999132,0,0,0,0,0,0
1004,43,2529,248,29.52298702,-29.114690391,181.0,2.602272143553349,5.625350946616185,-8.637044075000002,0.0,0,0,0,0,0,0
1004,43,2532,251,28.643578895999998,-29.114690391,181.0,2.602272143553349,5.625350946616185,-8.794081239999993,0.0,0,0,0,0,0,0
1004,43,2535,254,27.764170772,-29.114690391,181.0,2.602272143553349,5.625350946616185,-8.951118405000003,-0.15703716499999132,0,0,0,0,0,0
1004,43,2538,257,26.853355214999997,-29.146097823999998,181.0,2.602272143553349,5.625350946616185,-8.794081240000011,0.15703716500000908,0,0,0,0,0,0
1004,43,2541,260,26.005354523999998,-29.083282957999998,181.0,2.602272143553349,5.625350946616185,-8.951118404999985,0.3140743300000004,0,0,0,0,0,0
1004,43,2544,263,25.063131534,-29.083282957999998,181.0,2.602272143553349,5.625350946616185,-9.422229899999994,0.0,0,0,0,0,0,0
1004,43,2547,266,24.120908544,-29.083282957999998,181.0,2.602272143553349,5.625350946616185,-9.736304230000012,0.0,0,0,0,0,0,0
1004,43,2550,269,23.115870687999998,-29.083282957999998,181.0,2.602272143553349,5.625350946616185,-9.579267065000003,-0.15703716500000908,0,0,0,0,0,0
1004,43,2553,272,22.205055130999998,-29.114690391,181.0,2.602272143553349,5.625350946616185,-9.736304229999995,-0.15703716500000908,0,0,0,0,0,0
1004,43,2556,275,21.168609842,-29.114690391,181.0,2.602272143553349,5.625350946616185,-10.207415725000004,-0.15703716499999132,0,0,0,0,0,0
1004,43,2559,278,20.163571985999997,-29.146097823999998,181.0,2.602272143553349,5.625350946616185,-9.579267065000003,-0.15703716499999132,0,0,0,0,0,0
1004,43,2562,281,19.252756428999998,-29.146097823999998,181.0,2.602272143553349,5.625350946616185,-9.579267064999986,0.15703716499999132,0,0,0,0,0,0
1004,43,2565,284,18.247718573,-29.114690391,181.0,2.602272143553349,5.625350946616185,-10.364452889999995,0.0,0,0,0,0,0,0
1004,43,2568,287,17.179865851,-29.146097823999998,181.0,2.602272143553349,5.625350946616185,-9.893341395000004,-0.15703716499999132,0,0,0,0,0,0
1004,43,2571,290,16.269050294,-29.146097823999998,181.0,2.602272143553349,5.625350946616185,-10.050378559999995,0.15703716499999132,0,0,0,0,0,0
1004,43,2574,293,15.169790139,-29.114690391,181.0,2.602272143553349,5.625350946616185,-10.521490055000005,0.0,0,0,0,0,0,0
1004,43,2577,296,14.164752282999999,-29.146097823999998,181.0,2.602272143553349,5.625350946616185,-10.364452890000004,-0.3140743300000004,0,0,0,0,0,0
1004,43,2580,299,13.096899560999999,-29.177505257,181.0,2.602272143553349,5.625350946616185,-10.521490054999996,-0.3140743300000004,0,0,0,0,0,0
1004,43,2583,302,12.060454272,-29.20891269,181.0,2.602272143553349,5.625350946616185,-10.364452889999995,-0.31407432999998264,0,0,0,0,0,0
1004,35,2401,0,117.086910224,-29.1303941075,181.0,2.584776400219173,5.775296615722189,-15.389642170000002,0.31407433000001816,0,0,0,0,0,0
1004,35,2404,3,115.547946007,-29.098986674499997,181.0,2.584776400219173,5.775296615722189,-14.604456344999974,-0.3140743300000004,0,0,0,0,0,0
1004,35,2407,6,114.166018955,-29.1932089735,181.0,2.584776400219173,5.775296615722189,-14.290382014999992,-0.7851858250000099,0,0,0,0,0,0
1004,35,2410,9,112.689869604,-29.2560238395,181.0,2.584776400219173,5.775296615722189,-14.290382014999992,-0.6281486600000008,0,0,0,0,0,0
1004,35,2413,12,111.307942552,-29.3188387055,181.0,2.584776400219173,5.775296615722189,-14.290382014999992,-0.6281486600000008,0,0,0,0,0,0
1004,35,2416,15,109.831793201,-29.3816535715,181.0,2.584776400219173,5.775296615722189,-14.290382014999992,-0.6281486600000008,0,0,0,0,0,0
1004,35,2419,18,108.449866149,-29.4444684375,181.0,2.584776400219173,5.775296615722189,-13.662233355000026,-0.6281486600000008,0,0,0,0,0,0
1004,35,2422,21,107.09934652999999,-29.5072833035,181.0,2.584776400219173,5.775296615722189,-13.034084695000061,-0.6281486600000008,0,0,0,0,0,0
1004,35,2425,24,105.84304920999999,-29.5700981695,181.0,2.584776400219173,5.775296615722189,-13.505196189999964,-0.6281486600000008,0,0,0,0,0,0
1004,35,2428,27,104.398307292,-29.6329130355,181.0,2.584776400219173,5.775296615722189,-13.348159024999973,-0.4711114949999917,0,0,0,0,0,0
1004,35,2431,30,103.173417405,-29.664320468499998,181.0,2.584776400219173,5.775296615722189,-12.720010365000007,-0.15703716499999132,0,0,0,0,0,0
1004,35,2434,33,101.854305219,-29.664320468499998,181.0,2.584776400219173,5.775296615722189,-13.03408469499999,-0.4711114950000095,0,0,0,0,0,0
1004,35,2437,36,100.566600466,-29.7585427675,181.0,2.584776400219173,5.775296615722189,-12.720010365000007,-0.7851858250000099,0,0,0,0,0,0
1004,35,2440,39,99.310303146,-29.8213576335,181.0,2.584776400219173,5.775296615722189,-12.248898870000033,-0.4711114949999917,0,0,0,0,0,0
1004,35,2443,42,98.11682069199999,-29.852765066499998,181.0,2.584776400219173,5.775296615722189,-12.091861704999971,-0.15703716499999132,0,0,0,0,0,0
1004,35,2446,45,96.891930805,-29.852765066499998,181.0,2.584776400219173,5.775296615722189,-12.248898869999962,-0.3140743300000004,0,0,0,0,0,0
1004,35,2449,48,95.667040918,-29.9155799325,181.0,2.584776400219173,5.775296615722189,-11.93482454000005,-0.4711114950000095,0,0,0,0,0,0
1004,35,2452,51,94.50496589699999,-29.9469873655,181.5,2.584776400219173,5.775296615722189,-11.463713045000006,-0.15703716500000908,0,0,0,0,0,0
1004,35,2455,54,93.374298309,-29.9469873655,181.5,2.584776400219173,5.775296615722189,-11.463713045000006,-0.4711114949999917,0,0,0,0,0,0
1004,35,2458,57,92.21222328799999,-30.0412096645,181.5,2.584776400219173,5.775296615722189,-11.463713045000006,-0.7851858249999921,0,0,0,0,0,0
1004,35,2461,60,91.0815557,-30.1040245305,181.5,2.584776400219173,5.775296615722189,-11.071120132499956,-0.6281486600000008,0,0,0,0,0,0
1004,35,2464,63,89.9979992615,-30.1668393965,180.5,2.584776400219173,5.775296615722189,-10.757045802499974,-0.3140743300000004,0,0,0,0,0,0
1004,35,2467,66,88.9301465395,-30.1668393965,180.5,2.584776400219173,5.775296615722189,-10.67852722000005,-0.15703716499999132,0,0,0,0,0,0
1004,35,2470,69,87.86229381749999,-30.198246829499997,180.5,2.584776400219173,5.775296615722189,-10.521490055000058,0.0,0,0,0,0,0,0
1004,35,2473,72,86.82584852849999,-30.1668393965,180.5,2.584776400219173,5.775296615722189,-10.442971472499991,0.23555574749998698,0,0,0,0,0,0
1004,35,2476,75,85.77369952299999,-30.15113568,180.5,2.584776400219173,5.775296615722189,-9.971859977499946,-0.15703716499999132,0,0,0,0,0,0
1004,35,2479,78,84.831476533,-30.198246829499997,179.0,2.584776400219173,5.775296615722189,-9.73630422999996,-0.07851858249999566,0,0,0,0,0,0
1004,35,2482,81,83.826438677,-30.1668393965,179.0,2.584776400219173,5.775296615722189,-9.73630423000003,0.15703716499999132,0,0,0,0,0,0
1004,35,2485,84,82.884215687,-30.1668393965,178.5,2.584776400219173,5.775296615722189,-9.108155569999994,0.4711114949999917,0,0,0,0,0,0
1004,35,2488,87,82.004807563,-30.0726170975,178.5,2.584776400219173,5.775296615722189,-8.63704407500002,0.8244451162500077,0,0,0,0,0,0
1004,35,2491,90,81.15680687199999,-30.001950373249997,178.5,2.584776400219173,5.775296615722189,-8.715562657500016,0.6281486600000008,0,0,0,0,0,0
1004,35,2494,93,80.2616950315,-29.9469873655,177.0,2.584776400219173,5.775296615722189,-8.715562657499945,0.7459265337499943,0,0,0,0,0,0
1004,35,2497,96,79.4136943405,-29.852765066499998,176.5,2.584776400219173,5.775296615722189,-8.322969745000037,0.9422229900000012,0,0,0,0,0,0
1004,35,2500,99,78.59710108249999,-29.7585427675,176.5,2.584776400219173,5.775296615722189,-6.752598095000053,0.7851858249999921,0,0,0,0,0,0
1004,35,2502,101,78.06317472149999,-29.6957279015,176.5,2.584776400219173,5.775296615722189,-6.477783056249962,1.2955566112499994,0,0,0,0,0,0
1004,35,2505,104,77.30154447125,-29.49943144525,173.5,2.584776400219173,5.775296615722189,-7.537783919999939,1.3740751937500129,0,0,0,0,0,0
1004,35,2508,107,76.5556179375,-29.420912862749997,172.0,2.584776400219173,5.775296615722189,-7.53778392000001,1.5311123587500042,0,0,0,0,0,0
1004,35,2511,110,75.79398768725,-29.1932089735,169.5,2.584776400219173,5.775296615722189,-7.341487463750056,1.7274088149999933,0,0,0,0,0,0
1004,35,2514,113,75.08732044474999,-29.07543109975,167.0,2.584776400219173,5.775296615722189,-7.027413133750002,1.3348159024999973,0,0,0,0,0,0
1004,35,2517,116,74.3885050605,-28.926245793,166.0,2.584776400219173,5.775296615722189,-6.909635259999973,1.7274088149999933,0,0,0,0,0,0
1004,35,2520,119,73.70539339275,-28.72994933675,165.5,2.584776400219173,5.775296615722189,-7.066672424999965,2.591113222499999,0,0,0,0,0,0
1004,35,2523,122,72.9751705755,-28.4080231485,164.0,2.584776400219173,5.775296615722189,-6.556301638750028,2.748150387500008,0,0,0,0,0,0
1004,35,2526,125,72.39413306499999,-28.18031925925,162.5,2.584776400219173,5.775296615722189,-6.202968017500012,2.4340760575000076,0,0,0,0,0,0
1004,35,2529,128,71.734576972,-27.921207937,160.5,2.584776400219173,5.775296615722189,-6.124449434999946,2.7088910962499924,0,0,0,0,0,0
1004,35,2532,131,71.169243178,-27.63854104,156.5,2.584776400219173,5.775296615722189,-5.574819357500047,2.551853931250001,0,0,0,0,0,0
1004,35,2535,134,70.61961310049999,-27.410837150749998,155.0,2.584776400219173,5.775296615722189,-5.025189280000006,2.70889109625001,0,0,0,0,0,0
1004,35,2538,137,70.164205322,-27.096762820749998,152.0,2.584776400219173,5.775296615722189,-5.260745027499993,3.4940769212500022,0,0,0,0,0,0
1004,35,2541,140,69.56746409499999,-26.712021766499998,152.0,2.584776400219173,5.775296615722189,-5.496300775000051,3.337039756249993,0,0,0,0,0,0
1004,35,2544,143,69.06494516699999,-26.4293548695,150.0,2.584776400219173,5.775296615722189,-5.025189280000006,3.2977804649999953,0,0,0,0,0,0
1004,35,2547,146,68.56242623899999,-26.0524656735,150.0,2.584776400219173,5.775296615722189,-5.025189279999935,3.6118547949999957,0,0,0,0,0,0
1004,35,2550,149,68.059907311,-25.7069839105,148.0,2.584776400219173,5.775296615722189,-4.868152114999944,3.4548176300000044,0,0,0,0,0,0
1004,35,2553,152,67.588795816,-25.361502147499998,148.0,2.584776400219173,5.775296615722189,-4.750374241250057,3.4548176300000044,0,0,0,0,0,0
1004,35,2556,155,67.10983246274999,-25.0160203845,143.5,2.584776400219173,5.775296615722189,-4.9074114062500485,3.5333362125,0,0,0,0,0,0
1004,35,2559,158,66.60731353474999,-24.654834904999998,141.0,2.584776400219173,5.775296615722189,-4.750374241249986,4.397040620000006,0,0,0,0,0,0
1004,35,2562,161,66.1597576145,-24.136612260499998,141.0,2.584776400219173,5.775296615722189,-4.12222558124995,4.397040619999988,0,0,0,0,0,0
1004,35,2565,164,65.7828684185,-23.775426781,139.0,2.584776400219173,5.775296615722189,-3.454817630000022,3.768891959999987,0,0,0,0,0,0
1004,35,2568,167,65.46879408849999,-23.3828338685,136.5,2.584776400219173,5.775296615722189,-3.768891960000005,4.161484872500001,0,0,0,0,0,0
1004,35,2571,170,65.0290900265,-22.9431298065,135.5,2.584776400219173,5.775296615722189,-4.161484872499983,4.711114950000006,0,0,0,0,0,0
1004,35,2574,173,64.636497114,-22.4406108785,134.5,2.584776400219173,5.775296615722189,-3.3762990475000265,4.985929988750009,0,0,0,0,0,0
1004,35,2577,176,64.353830217,-21.94594380875,132.0,2.584776400219173,5.775296615722189,-3.337039756249993,4.63259636750001,0,0,0,0,0,0
1004,35,2580,179,63.969089162749995,-21.514091604999997,129.5,2.584776400219173,5.775296615722189,-3.180002591250002,4.868152114999997,0,0,0,0,0,0
1004,35,2583,182,63.717829698749995,-20.97231338575,128.0,2.584776400219173,5.775296615722189,-2.512594640000003,5.417782192499985,0,0,0,0,0,0
1004,31,2526,0,3.517632496,-38.850994621,0.5,2.4515910716773983,5.530919399096858,10.364452889999995,0.0,0,0,0,0,0,0
1004,31,2529,3,4.554077785,-38.850994621,0.5,2.4515910716773983,5.530919399096858,10.521490055000001,0.4711114950000095,0,0,0,0,0,0
1004,31,2532,6,5.621930507,-38.756772321999996,0.5,2.4515910716773983,5.530919399096858,10.67852722,0.4711114950000095,0,0,0,0,0,0
1004,31,2535,9,6.689783229,-38.756772321999996,0.5,2.4515910716773983,5.530919399096858,10.835564384999996,0.0,0,0,0,0,0,0
1004,31,2538,12,7.789043383999999,-38.756772321999996,0.5,2.4515910716773983,5.530919399096858,10.835564384999996,0.15703716499999132,0,0,0,0,0,0
1004,31,2541,15,8.856896105999999,-38.725364889,0.5,2.4515910716773983,5.530919399096858,10.678527220000005,0.31407432999998264,0,0,0,0,0,0
1004,31,2544,18,9.924748828,-38.693957456,0.5,2.4515910716773983,5.530919399096858,10.521490055000005,0.15703716499999132,0,0,0,0,0,0
1004,31,2547,21,10.961194117,-38.693957456,0.5,2.4515910716773983,5.530919399096858,10.521490054999996,0.0,0,0,0,0,0,0
1004,31,2550,24,12.029046839,-38.693957456,0.5,2.4515910716773983,5.530919399096858,10.364452889999995,0.0,0,0,0,0,0,0
1004,31,2553,27,13.034084694999999,-38.693957456,0.5,2.4515910716773983,5.530919399096858,10.207415725000004,0.0,0,0,0,0,0,0
1004,31,2556,30,14.070529984,-38.693957456,0.5,2.4515910716773983,5.530919399096858,10.364452890000004,0.0,0,0,0,0,0,0
1004,31,2559,33,15.106975273,-38.693957456,0.5,2.4515910716773983,5.530919399096858,10.364452889999995,0.0,0,0,0,0,0,0
1004,31,2562,36,16.143420562,-38.693957456,0.5,2.4515910716773983,5.530919399096858,10.364452889999995,0.0,0,0,0,0,0,0
1004,31,2565,39,17.179865851,-38.693957456,0.5,2.4515910716773983,5.530919399096858,10.364452889999995,0.4711114950000095,0,0,0,0,0,0
1004,31,2568,42,18.21631114,-38.599735157,0.5,2.4515910716773983,5.530919399096858,10.364452889999995,0.4711114950000095,0,0,0,0,0,0
1004,31,2571,45,19.252756428999998,-38.599735157,0.5,2.4515910716773983,5.530919399096858,10.364452889999995,0.0,0,0,0,0,0,0
1004,31,2574,48,20.289201717999997,-38.599735157,0.5,2.4515910716773983,5.530919399096858,10.364452890000013,0.31407432999998264,0,0,0,0,0,0
1004,31,2577,51,21.325647007,-38.536920291,2.0,2.4515910716773983,5.530919399096858,10.521490055000005,0.31407432999998264,0,0,0,0,0,0
1004,31,2580,54,22.393499729,-38.536920291,2.0,2.4515910716773983,5.530919399096858,10.325193598749998,0.15703716500002685,0,0,0,0,0,0
1004,31,2583,57,23.39068572675,-38.505512857999996,2.0,2.4515910716773983,5.530919399096858,9.971859977500017,0.3140743300000537,0,0,0,0,0,0
1004,32,2583,0,2.82666897,-39.3378098325,1.5,2.293602925206262,4.712789715410172,0,0,0,0,0,0,0,0
